joint_0,joint_1,joint_2,joint_3,joint_4,joint_5,joint_6,joint_7,joint_8,joint_9,joint_10,paddle_x,paddle_y,paddle_z
-0.09071245789527893,0.21051503717899323,2.8662758268183097e-05,-0.14747777581214905,-0.022266346961259842,-0.32683297991752625,-0.01665501482784748,-1.7053978443145752,0.00012017182598356158,-1.0472477674484253,1.5681371688842773,0.19554074108600616,-0.7176030874252319,0.31656143069267273
-0.11856772750616074,0.24856913089752197,2.3168960979091935e-05,-0.3245711624622345,-0.039579614996910095,-0.12546926736831665,-0.029599498957395554,-1.610296368598938,-0.0006306376308202744,-1.0473442077636719,1.5660637617111206,0.25388002395629883,-0.6611810326576233,0.2923130989074707
-0.08278360962867737,0.2711503803730011,1.8810940673574805e-05,-0.21219739317893982,-0.04244227334856987,-0.3374100625514984,-0.05390005558729172,-1.5086040496826172,-0.00017658401338849217,-1.0472612380981445,1.5636262893676758,0.30048924684524536,-0.5834607481956482,0.30929115414619446
-0.07811922580003738,0.281317800283432,1.5236861145240255e-05,-0.27632999420166016,-0.0591021329164505,-0.11153755336999893,-0.0648258700966835,-1.5613166093826294,-0.0010276793036609888,-1.0475294589996338,1.5615259408950806,0.3286084830760956,-0.5793800354003906,0.3222651779651642
-0.14353899657726288,0.18167607486248016,-0.0002113204973284155,-0.05121218413114548,0.004620020743459463,-0.5162186622619629,0.02614830620586872,-1.6855839490890503,-0.000543304136954248,-1.0475736856460571,1.573865532875061,0.1410297155380249,-0.790489137172699,0.3185628652572632
-0.13012108206748962,0.2371370792388916,-9.096654684981331e-05,-0.6350967884063721,-0.03074285201728344,0.20545907318592072,-0.0728214681148529,-1.5504752397537231,-0.0007840875769034028,-1.0533447265625,1.5638917684555054,0.27966514229774475,-0.541789710521698,0.23103389143943787
0.10550591349601746,0.08678976446390152,0.00010363418550696224,0.2726360857486725,0.01904153637588024,-0.6352317333221436,0.02519308589398861,-1.66801917552948,0.00039655715227127075,-1.0475984811782837,1.5718681812286377,0.0465075746178627,-0.623320996761322,0.3668322265148163
0.10916457325220108,0.10947123169898987,8.394369069719687e-05,0.3767962157726288,0.015606594271957874,-0.8706003427505493,0.014125330373644829,-1.664170265197754,0.0010445923544466496,-1.0477879047393799,1.5697352886199951,0.08613519370555878,-0.6899194717407227,0.30438488721847534
0.10339928418397903,0.11849412322044373,0.0003048114012926817,0.43754202127456665,0.012615286745131016,-0.9459676146507263,0.007803547196090221,-1.6632068157196045,0.0013822840992361307,-1.0476967096328735,1.5685276985168457,0.10656087845563889,-0.7371154427528381,0.2533990144729614
0.047282204031944275,0.11376917362213135,0.00024689722340554,0.22215363383293152,0.010405803099274635,-0.5874817967414856,0.003973783925175667,-1.7149361371994019,0.001439417595975101,-1.0476068258285522,1.568013072013855,0.11158759891986847,-0.7448521256446838,0.27961620688438416
-0.0013892404967918992,0.09413536638021469,0.00019998672360088676,0.11927136033773422,0.007192721590399742,-0.48407211899757385,-0.004015417769551277,-1.641861081123352,0.0019155695335939527,-1.047304630279541,1.566643476486206,0.10171021521091461,-0.6964083313941956,0.3529423475265503
0.018317339941859245,0.05960764363408089,0.00016198924276977777,0.23645858466625214,0.0018078482244163752,-0.6245923638343811,-0.012592168524861336,-1.5318738222122192,0.002520844107493758,-1.0480046272277832,1.5648994445800781,0.08001016825437546,-0.6815192699432373,0.3571704030036926
-0.11007531732320786,-0.024502312764525414,4.164275821949559e-07,-0.25370296835899353,-0.016087351366877556,-0.042821191251277924,0.0012647168477997184,-1.5626164674758911,0.00014573369116988033,-1.047654628753662,1.5697356462478638,-0.023177435621619225,-0.6789805293083191,0.3817705810070038
0.06677117198705673,0.10056538134813309,-6.930474683031207e-08,-0.49290433526039124,-0.005315934773534536,0.030690480023622513,-0.04355170577764511,-1.6522836685180664,0.00131815648637712,-1.0472838878631592,1.5668715238571167,0.11463778465986252,-0.35561615228652954,0.3077518343925476
0.030141979455947876,0.08410754799842834,-2.8120764383743335e-08,-0.6863580942153931,-0.004359538666903973,0.25050798058509827,-0.09254106134176254,-1.655556321144104,0.0021689797285944223,-1.0474456548690796,1.5630022287368774,0.1248631477355957,-0.3577146530151367,0.23834560811519623
0.008573243394494057,0.056090839207172394,-2.277781874227003e-08,-0.8986307978630066,0.0002613072283565998,0.6114228963851929,-0.11075019836425781,-1.5387938022613525,0.0009475476108491421,-1.0475075244903564,1.561131238937378,0.12000209838151932,-0.27694785594940186,0.23579080402851105
-0.03533666208386421,-0.17383573949337006,-6.259596557356417e-05,0.018897267058491707,-0.020182045176625252,-0.7109601497650146,-0.040115803480148315,-1.393432855606079,0.0003328468301333487,-1.0440815687179565,1.5648703575134277,-0.12570983171463013,-0.6125839352607727,0.30663785338401794
-0.029686590656638145,-0.22722551226615906,-5.070319093647413e-05,-0.06940820813179016,-0.04081582650542259,-0.5873894691467285,-0.036672282963991165,-1.4719969034194946,0.000191247439943254,-1.044716715812683,1.5635886192321777,-0.16615988314151764,-0.6088696122169495,0.2687530517578125
-0.03845011070370674,-0.2841298282146454,-0.0006036077393218875,-0.2117428183555603,-0.05427698791027069,-0.2704826593399048,-0.029803557321429253,-1.4991958141326904,-0.0011421131202951074,-1.0483237504959106,1.5642579793930054,-0.2166639268398285,-0.5669897198677063,0.2987397313117981
0.03659306466579437,-0.323577344417572,-0.0004889637348242104,-0.014332793653011322,-0.028210286051034927,-0.41377779841423035,-0.01541387289762497,-1.4906402826309204,-0.0004349458322394639,-1.0477982759475708,1.5673283338546753,-0.2736198306083679,-0.519708514213562,0.3610961437225342
-0.06104322522878647,0.1392206847667694,-9.959425369743258e-06,0.0472770519554615,-0.01924937218427658,-0.6248353719711304,0.004219318740069866,-1.5341436862945557,0.00015347974840551615,-1.04374098777771,1.5698610544204712,0.12912917137145996,-0.6804409623146057,0.35605496168136597
-0.07703665643930435,0.15306781232357025,-8.0671807154431e-06,-0.07906083017587662,-0.03549345210194588,-0.583452582359314,-0.001758106634952128,-1.6296004056930542,0.00042323602247051895,-1.04436457157135,1.567689299583435,0.1583162099123001,-0.7117858529090881,0.25976744294166565
-0.07908336073160172,0.13872195780277252,-3.78617255591962e-06,-0.27108725905418396,-0.06576540321111679,-0.21101588010787964,-0.015386530198156834,-1.599751591682434,-0.0021313705947250128,-1.0461513996124268,1.5658843517303467,0.17832691967487335,-0.6229151487350464,0.27645838260650635
-0.04026084393262863,0.10833880305290222,-3.066799763473682e-06,-0.19642387330532074,-0.06822701543569565,-0.33265218138694763,-0.037611838430166245,-1.5335283279418945,-0.0018257398623973131,-1.0462367534637451,1.5635732412338257,0.16848307847976685,-0.5711036920547485,0.31373023986816406
0.015909487381577492,0.09179255366325378,-2.4529856545996154e-06,-0.1327805519104004,-0.05491365119814873,-0.33242079615592957,-0.031131962314248085,-1.4632047414779663,-0.0014600519789382815,-1.0464227199554443,1.5648850202560425,0.1457880288362503,-0.5304171442985535,0.3270782232284546
0.11740094423294067,0.04055590182542801,9.776654042070732e-05,-0.03918006643652916,-0.001241179066710174,-0.49016687273979187,0.01843147724866867,-1.5649560689926147,-0.0002986816980410367,-1.0448981523513794,1.5732793807983398,0.02694546990096569,-0.4416961073875427,0.38270413875579834
0.06251095980405807,0.05830454081296921,7.906556857051328e-05,-0.1754448413848877,0.012247949838638306,-0.48984262347221375,0.015811802819371223,-1.6329190731048584,0.000369868241250515,-1.048362374305725,1.5734684467315674,0.03847939148545265,-0.5167509913444519,0.2630595564842224
0.0018584536155685782,0.05432918667793274,5.189502189750783e-05,-0.32369616627693176,-0.016467267647385597,-0.3171987235546112,-0.0006023544701747596,-1.4503636360168457,-0.001781486440449953,-1.0483808517456055,1.57061767578125,0.062399569898843765,-0.4660095274448395,0.24069972336292267
-0.0007776760612614453,0.0574016347527504,4.2034967918880284e-05,-0.3981684744358063,-0.012219353578984737,-0.039316561073064804,0.004596772138029337,-1.3735642433166504,-0.0015432002255693078,-1.0486559867858887,1.571173071861267,0.06263621896505356,-0.3984460234642029,0.3114617168903351
-0.0020454798359423876,-0.10341346263885498,4.110614554519998e-06,-0.4180893898010254,0.008213965222239494,0.12222576141357422,0.0492742583155632,-1.5917773246765137,-0.000876809295732528,-1.0468957424163818,1.577470064163208,-0.14768442511558533,-0.44670698046684265,0.3568679988384247
0.10380597412586212,-0.14247192442417145,4.450775747955049e-07,0.3220670223236084,-0.0027734278701245785,-0.8645100593566895,-0.037179283797740936,-1.5325981378555298,0.0011349525302648544,-1.0481401681900024,1.5649062395095825,-0.1027582436800003,-0.6398026943206787,0.2879122197628021
0.034330666065216064,-0.17236094176769257,3.6051284268978634e-07,0.17695166170597076,-0.0011675256537273526,-0.8939481973648071,-0.02572123147547245,-1.492215871810913,0.00011750702833523974,-1.047975778579712,1.567868947982788,-0.14383426308631897,-0.6507718563079834,0.27274826169013977
0.03927464783191681,-0.24174274504184723,5.939562470302917e-05,-0.8093740344047546,0.02935236506164074,0.44313564896583557,0.07235290110111237,-1.5334802865982056,0.003115495201200247,-1.0506259202957153,1.5765337944030762,-0.3039153516292572,-0.2821643054485321,0.20018106698989868
-0.16236944496631622,0.13339881598949432,6.5065974013123196e-06,-0.28195488452911377,-0.028808586299419403,-0.22935116291046143,-0.009874604642391205,-1.4215835332870483,0.000646307016722858,-1.0437124967575073,1.5647377967834473,0.14916418492794037,-0.6461853384971619,0.35927483439445496
-0.12259811162948608,0.11135950684547424,5.2703439905599225e-06,-0.3746964633464813,-0.03695724159479141,-0.334362268447876,-0.04146949201822281,-1.3558331727981567,0.0006067898939363658,-1.0436348915100098,1.5618443489074707,0.1540544182062149,-0.5413781404495239,0.3049108386039734
-0.10154847800731659,0.07693498581647873,1.0689598639146425e-05,-0.6090796589851379,-0.04547024145722389,-0.11664435267448425,-0.06925177574157715,-1.3724647760391235,-0.0001336407585768029,-1.0466896295547485,1.5593916177749634,0.14497625827789307,-0.46760696172714233,0.21211639046669006
-0.035580407828092575,0.02723356895148754,8.658575097797439e-06,-0.5836514830589294,-0.0415242575109005,-0.3082093298435211,-0.09958640486001968,-1.3185311555862427,0.00041011697612702847,-1.0466514825820923,1.5577980279922485,0.1194378212094307,-0.3873705267906189,0.15532231330871582
-0.007343788165599108,-0.006811983417719603,7.013446065684548e-06,-0.715115487575531,-0.03501986339688301,-0.13138477504253387,-0.08301392197608948,-1.3262014389038086,0.00023860741930548102,-1.0472224950790405,1.5599653720855713,0.07739708572626114,-0.32923081517219543,0.11614075303077698
0.024668361991643906,-0.02254331111907959,5.680891263182275e-06,-0.817681074142456,-0.027065163478255272,-0.031148873269557953,-0.0314827486872673,-1.4484871625900269,-0.0004809148667845875,-1.0471783876419067,1.5647797584533691,0.0289512500166893,-0.26869580149650574,0.09085032343864441
0.028598928824067116,-0.016561245545744896,2.87189322989434e-06,-1.1700493097305298,-0.01853344962000847,0.5313460826873779,0.07429677993059158,-1.4717544317245483,0.0006018800777383149,-1.304943323135376,1.6498304605484009,-0.040701013058423996,-0.16690713167190552,0.008489405736327171
0.11208885163068771,-0.0697743147611618,-5.0998634833376855e-05,-0.48352721333503723,-0.004523810464888811,-0.3084505498409271,0.019610555842518806,-1.395235300064087,0.00012623601651284844,-1.1024824380874634,1.5888826847076416,-0.07724713534116745,-0.260962575674057,0.15589620172977448
0.10951951891183853,-0.09333720803260803,-4.1308892832603306e-05,-0.4251157343387604,-0.012071647681295872,-0.2668860852718353,-0.008809860795736313,-1.4044808149337769,-0.00030289951246231794,-1.0922389030456543,1.5829432010650635,-0.07858728617429733,-0.2893903851509094,0.21258722245693207
0.10533753782510757,-0.13181187212467194,-3.348286554683e-05,-0.4416269063949585,-0.019885944202542305,-0.037668485194444656,-0.0450160913169384,-1.3762927055358887,-0.0001241092977579683,-1.0837329626083374,1.5768790245056152,-0.0901002362370491,-0.2745215892791748,0.279675155878067
-0.07880866527557373,0.0954909697175026,0.00035573382047005,-0.3447498679161072,0.036522671580314636,-0.2696828544139862,0.0624677874147892,-1.5413366556167603,-0.0005585627513937652,-1.0477088689804077,1.5797348022460938,0.030718280002474785,-0.5555124878883362,0.282863587141037
-0.09740173071622849,0.15532256662845612,0.00028829314396716654,-0.4966994524002075,0.042382627725601196,-0.11979648470878601,0.08475209027528763,-1.4394925832748413,-0.0002729522529989481,-1.047792911529541,1.5817269086837769,0.0700332298874855,-0.5144999623298645,0.24274976551532745
-0.056556057184934616,0.23007813096046448,0.00023351745039690286,-0.37000399827957153,0.03960192948579788,-0.39190495014190674,0.10487007349729538,-1.3701958656311035,-0.0005005750572308898,-1.0443438291549683,1.5829509496688843,0.12197206914424896,-0.4477848410606384,0.24196137487888336
-0.03680666163563728,0.2909257113933563,0.00018914914107881486,-0.28813210129737854,0.028171593323349953,-0.6760905385017395,0.08913835883140564,-1.3218629360198975,-0.0007940147188492119,-1.0432511568069458,1.5812890529632568,0.19427390396595,-0.4854210615158081,0.1916106939315796
-0.022431012243032455,0.05565844103693962,5.0559992814669386e-05,-0.6272270083427429,0.011774632148444653,-0.011010854505002499,-0.005537114571779966,-1.4730751514434814,0.002756120404228568,-1.0477995872497559,1.5697072744369507,0.040821537375450134,-0.39046141505241394,0.1296028345823288
0.031093494966626167,0.05346454679965973,-0.00011910812463611364,-0.47509121894836426,0.008702659048140049,0.06799108535051346,-0.043253425508737564,-1.388796329498291,0.0030968829523772,-1.0478453636169434,1.566694736480713,0.06195751577615738,-0.3169102966785431,0.2823435366153717
-0.022846609354019165,-0.008990760892629623,9.291491733165458e-05,-0.39265766739845276,0.0034327958710491657,-0.20781069993972778,0.07798466086387634,-1.503851294517517,-0.0013750051148235798,-1.0469043254852295,1.5786699056625366,-0.05265093594789505,-0.4395328164100647,0.30987125635147095
-0.013600913807749748,0.002392021007835865,7.526107947342098e-05,-0.5166111588478088,0.0032494075130671263,-0.08753776550292969,0.06451889127492905,-1.5653733015060425,-0.001128879957832396,-1.0469633340835571,1.577329397201538,-0.03755880519747734,-0.45003706216812134,0.23246832191944122
0.0003328197344671935,0.02315695211291313,6.096147626521997e-05,-0.5040204524993896,0.0040618074126541615,-0.19934068620204926,0.06501609086990356,-1.4730294942855835,-0.0011218013241887093,-1.0471022129058838,1.577170729637146,-0.01923273503780365,-0.40546002984046936,0.20713096857070923
0.012807813473045826,0.04615695774555206,0.0001792294206097722,-0.45202481746673584,0.004848583601415157,-0.45156216621398926,0.06115347146987915,-1.4324923753738403,-0.0008828103891573846,-1.0464413166046143,1.5767379999160767,0.0017641116864979267,-0.39997848868370056,0.17347437143325806
0.042128097265958786,0.014353122562170029,-3.5834327718475834e-05,-0.6615166068077087,0.00013438737369142473,0.1576145589351654,-0.18000100553035736,-1.51215398311615,0.0025537479668855667,-1.0478394031524658,1.5569779872894287,0.12342873215675354,-0.30626967549324036,0.1929512619972229
0.13359986245632172,0.15639375150203705,1.6082649381132796e-06,0.49709752202033997,0.006978267803788185,-0.7629472017288208,0.004750486463308334,-1.7995659112930298,0.0005367727717384696,-1.0476188659667969,1.569771647453308,0.16813677549362183,-0.7713174819946289,0.30881762504577637
0.17679637670516968,0.11574622988700867,2.2036618247511797e-05,0.603925883769989,0.006050219759345055,-0.7275983095169067,0.0015898512210696936,-1.7545920610427856,0.0006093801930546761,-1.0475417375564575,1.5693671703338623,0.13315895199775696,-0.7584079504013062,0.3102150559425354
-0.08237001299858093,-0.10780375450849533,-0.00013434630818665028,0.012999133206903934,0.03603707626461983,-0.5718735456466675,0.029272278770804405,-1.7112371921539307,-0.00013134386972524226,-1.046122431755066,1.5747907161712646,-0.13307666778564453,-0.7589907050132751,0.29219555854797363
-0.09989970177412033,-0.14525331556797028,-8.802056254353374e-05,-0.04143417626619339,0.0037534451112151146,-0.4185962975025177,0.012491647154092789,-1.5293740034103394,0.000547280244063586,-1.0474870204925537,1.5706560611724854,-0.14336524903774261,-0.7227424383163452,0.2982054352760315
-0.08194617927074432,0.07336747646331787,1.4213394933904056e-05,-0.16965526342391968,0.017683593556284904,-0.42372438311576843,0.04748890921473503,-1.5262129306793213,-0.0016104948008432984,-1.0447229146957397,1.576166033744812,0.042553696781396866,-0.5997771620750427,0.3084368407726288
-0.09046509861946106,0.10633116960525513,1.156455709860893e-05,-0.2136031836271286,0.04953683167695999,-0.37077033519744873,0.047895144671201706,-1.4572803974151611,0.0009367592865601182,-1.0453767776489258,1.5777372121810913,0.04912243038415909,-0.6024309396743774,0.28514567017555237
-0.04785018414258957,0.12371426075696945,9.976100045605563e-06,-0.13281747698783875,0.03767836093902588,-0.3950493335723877,0.03816716745495796,-1.4068660736083984,0.0006313573685474694,-1.046985149383545,1.5762169361114502,0.07199440151453018,-0.5560963153839111,0.3264135420322418
0.0129121458157897,0.12287814915180206,8.695944416103885e-06,-0.007341249380260706,0.006380440201610327,-0.5408024787902832,0.025732506066560745,-1.4108420610427856,-0.00044126660213805735,-1.0450471639633179,1.5731391906738281,0.09817764163017273,-0.5349884033203125,0.3552885353565216
0.04271272197365761,0.10742337256669998,7.043714504106902e-06,0.08583027124404907,-0.02076668106019497,-0.8112128973007202,0.012183932587504387,-1.3777258396148682,0.00016279512783512473,-1.0454047918319702,1.568994164466858,0.11164925992488861,-0.5425347685813904,0.31394410133361816
0.05206376686692238,0.07933904975652695,5.705459443561267e-06,0.02988097071647644,-0.039631836116313934,-0.8038982152938843,-9.279734513256699e-05,-1.4516370296478271,0.001817541429772973,-1.0458725690841675,1.5649157762527466,0.105660580098629,-0.57248854637146,0.23796039819717407
-0.026202190667390823,-0.06271853297948837,3.7903432712482754e-06,-0.26727163791656494,-0.00040195760084316134,-0.33637911081314087,0.005065205041319132,-1.551857829093933,0.00320326816290617,-1.0473012924194336,1.5691051483154297,-0.054588139057159424,-0.5342932343482971,0.22368648648262024
-0.03148382157087326,-0.05875533074140549,3.4787140066327993e-06,-0.2546879053115845,0.018375610932707787,-0.2399076372385025,0.024250660091638565,-1.5507757663726807,0.003402771195396781,-1.0456032752990723,1.5723148584365845,-0.07412990927696228,-0.5288621783256531,0.2939266562461853
0.009252450428903103,-0.06816446781158447,2.817758286255412e-06,-0.10933489352464676,0.012638569809496403,-0.35039910674095154,0.01992027275264263,-1.5566660165786743,0.0026556432712823153,-1.0440949201583862,1.5719151496887207,-0.08146680146455765,-0.5374662280082703,0.3294053077697754
0.015247909352183342,-0.09561469405889511,2.2823842300567776e-06,-0.03652336448431015,-0.010814209468662739,-0.48964956402778625,0.010757163166999817,-1.5503748655319214,0.0015001310966908932,-1.0436837673187256,1.569891333580017,-0.08815295994281769,-0.5602571368217468,0.33418822288513184
-0.002476675668731332,-0.1378902643918991,1.8487312445358839e-06,-0.08589950948953629,-0.03680581972002983,-0.5362316966056824,0.004790610168129206,-1.6046133041381836,0.0004444594378583133,-1.044195532798767,1.5679839849472046,-0.1083899587392807,-0.5995903611183167,0.2905914783477783
-0.1418924778699875,-0.2889254689216614,0.00010991672024829313,-0.3749083876609802,-0.0076658353209495544,-0.08917032182216644,0.005719550885260105,-1.401370882987976,-8.000777597771958e-05,-1.0463511943817139,1.5706758499145508,-0.2715437412261963,-0.5573822259902954,0.2989937365055084
-0.1991155445575714,-0.056349609047174454,6.457018753280863e-05,-0.3310900628566742,0.007834212854504585,-0.16977442800998688,0.019171088933944702,-1.6538206338882446,-0.0013536076294258237,-1.0460838079452515,1.574874758720398,-0.09366032481193542,-0.6993671655654907,0.3503265082836151
-0.20103110373020172,-0.025438904762268066,5.2301849791547284e-05,-0.4575892686843872,-0.002604805864393711,-0.25907689332962036,-0.007272229064255953,-1.5336819887161255,-0.0011249820236116648,-1.0462812185287476,1.5717644691467285,-0.04286334663629532,-0.6862942576408386,0.22506071627140045
-0.19485284388065338,-0.00996463093906641,4.2488329199841246e-05,-0.7072621583938599,-0.008265184238553047,0.07305485755205154,-0.04637954756617546,-1.5473841428756714,-0.0005645865458063781,-1.046671986579895,1.5680890083312988,-0.001516901422291994,-0.5880786180496216,0.1732192039489746
-0.13417735695838928,0.01867925003170967,3.441554508754052e-05,-0.831296980381012,-0.006856101099401712,0.3307228088378906,-0.04278087243437767,-1.6476436853408813,-0.0003065975324716419,-1.0468518733978271,1.5682176351547241,0.027756748721003532,-0.49593499302864075,0.15426288545131683
-0.07368990778923035,0.03801221027970314,2.787659286695998e-05,-0.7744619250297546,-0.004405549727380276,0.08717300742864609,-0.04950284585356712,-1.6020467281341553,-0.00035581100382842124,-1.0468652248382568,1.5674455165863037,0.05162092670798302,-0.4325242042541504,0.1401703655719757
0.05747480317950249,0.0744304284453392,-8.175471884896979e-05,-1.1064026355743408,-0.0010795521084219217,0.6523523926734924,-0.04782011732459068,-1.6566654443740845,-0.00017241251771338284,-1.0508041381835938,1.5671406984329224,0.09214960038661957,-0.24429666996002197,0.060851335525512695
0.023954153060913086,0.09959125518798828,-4.355976125225425e-05,-1.000286340713501,-0.0008229411323554814,0.5721893310546875,-0.01728607341647148,-1.6876510381698608,0.0002500060072634369,-1.1310230493545532,1.5690230131149292,0.10580744594335556,-0.26632311940193176,0.09813957661390305
-0.01743697188794613,0.11249613761901855,-3.530436151777394e-05,-0.9972476959228516,-0.0017769273836165667,0.5872250199317932,-0.009158292785286903,-1.6567944288253784,0.0007124780677258968,-1.114570140838623,1.569827914237976,0.1098194271326065,-0.2948654592037201,0.1267516314983368
-0.04749511927366257,0.139821857213974,-2.8596530682989396e-05,-0.9911466240882874,-0.002633212134242058,0.6434935927391052,-0.0022694149520248175,-1.5833368301391602,0.0011852430179715157,-1.101764440536499,1.5706067085266113,0.12707379460334778,-0.30028027296066284,0.14932136237621307
0.1625460386276245,0.10074031352996826,-0.0006589373224414885,-0.17512334883213043,-0.018475620076060295,-0.32433515787124634,-0.0012665080139413476,-1.5857999324798584,0.000927494082134217,-1.0489532947540283,1.5705500841140747,0.09746796637773514,-0.39555469155311584,0.32260099053382874
0.15571048855781555,0.1033780425786972,-0.0005337392212823033,-0.25875750184059143,-0.03325849398970604,-0.19595088064670563,-0.017114685848355293,-1.5712370872497559,0.0002149582578567788,-1.049456000328064,1.568051815032959,0.11944641172885895,-0.3602792024612427,0.3158912658691406
0.1370948851108551,0.1195395216345787,-0.000432328786700964,-0.3713901937007904,-0.027809228748083115,0.06390064209699631,-0.009508809074759483,-1.5558630228042603,-8.043226671361481e-07,-1.0507149696350098,1.5689181089401245,0.1320241242647171,-0.3128392994403839,0.35132840275764465
0.10490231215953827,0.11176694184541702,-0.00028199295047670603,-0.366057425737381,-0.026557791978120804,-0.09414296597242355,-0.056221138685941696,-1.5729633569717407,0.0014306692173704505,-1.0500297546386719,1.564406156539917,0.14771805703639984,-0.34085896611213684,0.3353521525859833
0.07476378232240677,0.11253202706575394,-0.00022753507073502988,-0.5258811712265015,-0.022677168250083923,0.16014829277992249,-0.05298493802547455,-1.602406620979309,0.0013511378783732653,-1.0498218536376953,1.564881443977356,0.14758512377738953,-0.33737823367118835,0.30268076062202454
0.10912971198558807,0.10316735506057739,-0.0001824351493269205,-0.37225377559661865,-0.018586821854114532,-0.0893302634358406,-0.05660203471779823,-1.522560477256775,0.0014332558494061232,-1.0501986742019653,1.5647636651992798,0.14190763235092163,-0.31799039244651794,0.3114338517189026
0.12446761131286621,-0.07168849557638168,-5.9426714869914576e-05,-0.33405786752700806,-0.005582356825470924,-0.2661738097667694,-0.006612026132643223,-1.6171070337295532,0.00032790296245366335,-1.0464110374450684,1.569898009300232,-0.05879936367273331,-0.35973072052001953,0.30872032046318054
0.02934659644961357,-0.07450961321592331,0.0001863303768914193,-0.7667709589004517,0.0027822088450193405,0.08086156100034714,0.03046269342303276,-1.4779032468795776,4.9974009016295895e-05,-1.0470504760742188,1.5731619596481323,-0.08613303303718567,-0.3043566346168518,0.14725075662136078
0.037717971950769424,-0.0811842530965805,0.00015096149581950158,-0.8129070401191711,0.002322147600352764,0.12279912084341049,0.022169804200530052,-1.4841527938842773,7.527254638262093e-05,-1.046869158744812,1.5725057125091553,-0.09195810556411743,-0.25377845764160156,0.12403161078691483
0.05371781811118126,-0.07819923013448715,0.00012227881234139204,-0.7533106207847595,0.0017987822648137808,-0.10375170409679413,0.03462738171219826,-1.5550611019134521,-0.0002229566453024745,-1.0469341278076172,1.573453426361084,-0.09422339498996735,-0.27030616998672485,0.09462786465883255
0.05155789107084274,0.2820427417755127,1.1981640454905573e-05,0.01168887224048376,0.011887804605066776,-0.6742938160896301,0.0015301587991416454,-1.4977940320968628,0.0012041126610711217,-1.052446961402893,1.5711781978607178,0.25424087047576904,-0.5507976412773132,0.23320743441581726
0.07171115279197693,0.3439611494541168,9.705128832138143e-06,0.24379990994930267,0.025148745626211166,-0.8467350006103516,0.008716470561921597,-1.4587087631225586,-0.00013409910025075078,-1.0466207265853882,1.574280023574829,0.30046728253364563,-0.5896739363670349,0.2842494249343872
0.020626205950975418,0.3930741846561432,7.861154699639883e-06,0.155219167470932,0.019447673112154007,-0.6006525158882141,0.003962666727602482,-1.472226619720459,0.0003990819677710533,-1.0477895736694336,1.5724563598632812,0.35729342699050903,-0.6282460689544678,0.325141578912735
-0.008222750388085842,0.03054555132985115,4.315839032642543e-05,-0.09739021211862564,0.023166045546531677,-0.4335288107395172,0.031108427792787552,-1.719871997833252,0.00042105509783141315,-1.0448153018951416,1.5741180181503296,-0.00034003189648501575,-0.6533225774765015,0.31748083233833313
0.0870111733675003,0.028117937967181206,-0.0002774480381049216,-0.19814327359199524,-0.03733419254422188,-0.24185290932655334,-0.00833558477461338,-1.4802608489990234,-0.003077293513342738,-1.0464134216308594,1.5681928396224976,0.05662399157881737,-0.4224488139152527,0.30516597628593445
-0.10005516558885574,-0.331901490688324,-0.0002790488360915333,-0.35626617074012756,0.030564693734049797,-0.13485932350158691,0.053436748683452606,-1.6739845275878906,-0.001576287904754281,-1.046354055404663,1.5790265798568726,-0.36667507886886597,-0.6304017901420593,0.31009936332702637
-0.10238046944141388,-0.16846218705177307,1.3212593330536038e-05,-0.468681275844574,-0.004606498405337334,0.05689762532711029,0.04012535512447357,-1.5964832305908203,-0.0015763361006975174,-1.0468332767486572,1.5739952325820923,-0.19403958320617676,-0.537923276424408,0.240481898188591
-0.07604044675827026,-0.15402093529701233,1.070220059773419e-05,-0.3077843189239502,-0.004146210849285126,-0.036302030086517334,0.020283665508031845,-1.6103111505508423,-0.0009290610905736685,-1.0455482006072998,1.5722326040267944,-0.17224876582622528,-0.5235114097595215,0.343728244304657
-0.07887744903564453,-0.12913820147514343,8.447611435258295e-06,-0.16170614957809448,-8.069525938481092e-05,-0.27881529927253723,0.02549906075000763,-1.5311176776885986,-0.0009546668734401464,-1.045204520225525,1.573040246963501,-0.1508771926164627,-0.5776498913764954,0.35900014638900757
-0.11419481784105301,-0.1146518886089325,6.842565653641941e-06,-0.20030127465724945,-0.006352765019983053,-0.2737783193588257,0.015466047450900078,-1.4445605278015137,-0.000904959044419229,-1.0452417135238647,1.5716911554336548,-0.1293700486421585,-0.5907664895057678,0.3591269254684448
-0.11161620169878006,-0.1076682060956955,3.804220568781602e-06,-0.078154057264328,-0.01579769141972065,-0.4667159616947174,-0.005131070036441088,-1.49722421169281,-0.0006832992075942457,-1.0464982986450195,1.5690522193908691,-0.10043619573116302,-0.6334259510040283,0.34934863448143005
-0.11411678045988083,-0.0824936255812645,0.00017572047363501042,-0.04981062188744545,0.005255505908280611,-0.6505191922187805,-0.0027457415126264095,-1.4549821615219116,0.0002519325935281813,-1.047044038772583,1.5704163312911987,-0.09195764362812042,-0.6788622736930847,0.2927156388759613
-0.12556175887584686,-0.07325053215026855,0.0001423335779691115,-0.12945973873138428,-0.007811230607330799,-0.5612683296203613,-0.002383628161624074,-1.5197662115097046,-0.0004037200124002993,-1.0470744371414185,1.569967269897461,-0.07525492459535599,-0.6985743641853333,0.24531668424606323
-0.15581393241882324,-0.052088022232055664,0.00011529019684530795,-0.366177499294281,0.0010008997051045299,-0.09993965178728104,0.0023543331772089005,-1.6092644929885864,0.00011451813770690933,-1.0520670413970947,1.5708340406417847,-0.061668455600738525,-0.665144681930542,0.26492398977279663
-0.12382397800683975,-0.014407805167138577,9.338506060885265e-05,-0.4035087525844574,0.0037316379602998495,0.1539655327796936,0.0412944033741951,-1.6293480396270752,-0.0009355359361506999,-1.0511900186538696,1.5744435787200928,-0.04483919218182564,-0.5918527841567993,0.3333463668823242
-0.0409240759909153,0.3010052740573883,1.5900910511845723e-05,-0.3800817131996155,0.01577920652925968,-0.07055603712797165,0.01333257369697094,-1.5809130668640137,-0.0019370405934751034,-1.0490368604660034,1.5742664337158203,0.27069664001464844,-0.49989038705825806,0.3561149835586548
-0.02567625790834427,0.3048691749572754,1.2879737369075883e-05,-0.524493932723999,0.008966952562332153,0.07909496128559113,-0.035736165940761566,-1.6025350093841553,-0.000356300879502669,-1.0486716032028198,1.5694490671157837,0.30402281880378723,-0.467614084482193,0.2818619906902313
0.026410184800624847,0.2943507134914398,1.0687904250517022e-05,-0.5501369833946228,0.0072000701911747456,-0.012457353994250298,-0.09403613209724426,-1.6590356826782227,0.001043157884851098,-1.0480302572250366,1.5644001960754395,0.32585325837135315,-0.40988418459892273,0.24942311644554138
0.15419110655784607,-0.0038752795662730932,1.3391726270128856e-06,-0.7362549304962158,-0.002409803681075573,0.49498334527015686,-0.03311925753951073,-1.7306253910064697,-0.000391297071473673,-1.047952651977539,1.5684385299682617,0.03462984040379524,-0.2094700038433075,0.21649765968322754
-0.13624316453933716,-0.16622838377952576,0.00010679636034183204,-0.019049501046538353,0.04210275039076805,-0.49988800287246704,0.04825867339968681,-1.5165458917617798,0.00010662712884368375,-1.0475835800170898,1.5776987075805664,-0.22358287870883942,-0.7285996079444885,0.33066636323928833
-0.1616138368844986,-0.1591782569885254,8.650505333207548e-05,-0.11043793708086014,0.018067454919219017,-0.3362801671028137,0.03583474084734917,-1.4211962223052979,-0.00031973642762750387,-1.0474809408187866,1.574965476989746,-0.19595812261104584,-0.6954401135444641,0.34776678681373596
0.029544873163104057,-0.12689262628555298,4.87586876261048e-05,-0.3092070519924164,0.004873853642493486,-0.13684572279453278,0.03960133343935013,-1.565540075302124,-0.0008897577645257115,-1.04989755153656,1.57412850856781,-0.14220954477787018,-0.4231988191604614,0.33426329493522644
0.06044502183794975,-0.12739577889442444,3.949453457607888e-05,-0.2970860004425049,0.006201090756803751,0.005298749078065157,0.04201526567339897,-1.6424967050552368,-0.0009461607551202178,-1.04940664768219,1.574532151222229,-0.14776140451431274,-0.4469528794288635,0.3367871046066284
0.012343143112957478,-0.19945058226585388,1.1154314961459022e-05,-0.31498071551322937,-0.002258042339235544,0.0754082202911377,-0.04303698614239693,-1.660645842552185,0.0009619439369998872,-1.0479261875152588,1.5661954879760742,-0.17186537384986877,-0.4995194375514984,0.35790619254112244
0.01608559861779213,-0.34026873111724854,4.4269276259001344e-05,0.13413649797439575,-0.0049143279902637005,-0.5518314838409424,0.011832492426037788,-1.547213077545166,-9.229143324773759e-05,-1.0438872575759888,1.571815013885498,-0.34551340341567993,-0.6341302394866943,0.3765585422515869
0.0028725431766361,-0.3283720910549164,3.58581128239166e-05,0.10645341873168945,2.9726996217505075e-05,-0.45976632833480835,0.01588715799152851,-1.565593957901001,-0.0007388863596133888,-1.0445213317871094,1.5734260082244873,-0.34076085686683655,-0.6449690461158752,0.36314061284065247
0.018105102702975273,-0.25789976119995117,-0.0001532399037387222,0.05244263634085655,0.0030918982811272144,-0.7145046591758728,0.008351416327059269,-1.4198051691055298,-0.00045364152174443007,-1.0454785823822021,1.5723880529403687,-0.2705828845500946,-0.5827796459197998,0.30477291345596313
0.0403902567923069,-0.25147774815559387,-0.00012412431533448398,0.12810775637626648,-0.005917849950492382,-0.864589273929596,0.002607126021757722,-1.3818893432617188,0.0003028448554687202,-1.0473530292510986,1.5703181028366089,-0.25560274720191956,-0.5816846489906311,0.2677128314971924
0.10855960100889206,-0.2341424524784088,-0.00010054069571197033,0.36580878496170044,-0.0017776613822206855,-1.1135900020599365,0.006328615825623274,-1.4919843673706055,-0.0006847130716778338,-1.0470328330993652,1.5723062753677368,-0.2449173629283905,-0.629077672958374,0.2290884107351303
0.10974359512329102,-0.22573105990886688,-8.143796731019393e-05,0.44842204451560974,-0.0016125001711770892,-1.162798523902893,0.003309926949441433,-1.473261833190918,-0.00018024977180175483,-1.0470768213272095,1.571022629737854,-0.2297465205192566,-0.6982356905937195,0.19635245203971863
0.07972798496484756,-0.20958249270915985,-6.599055632250383e-05,0.37827685475349426,-0.0013075140304863453,-1.0848439931869507,0.004574963822960854,-1.5741287469863892,-0.000492811668664217,-1.0461220741271973,1.5720080137252808,-0.22075919806957245,-0.7202539443969727,0.20749251544475555
0.0763317421078682,-0.17892006039619446,-5.3452342399396e-05,0.39970847964286804,-0.0008857828797772527,-1.0190351009368896,0.005822007544338703,-1.5669798851013184,-0.0008270128164440393,-1.046326994895935,1.572912335395813,-0.1978880912065506,-0.7431620955467224,0.21183252334594727
0.07431592792272568,-0.1338309496641159,-4.329639705247246e-05,0.4164735972881317,-0.0008389060385525227,-0.7815887331962585,0.0074889990501105785,-1.5788683891296387,-0.0010934208985418081,-1.0464916229248047,1.5737415552139282,-0.16055454313755035,-0.7239891290664673,0.2779260575771332
-0.14395396411418915,0.3272724449634552,0.00011550899216672406,-0.11081395298242569,-0.0018311631865799427,-0.3574357330799103,-0.0494379885494709,-1.5672756433486938,0.0010710405185818672,-1.0434635877609253,1.5659005641937256,0.3416883647441864,-0.734801709651947,0.3396375775337219
-0.15614597499370575,0.328453928232193,9.33790288399905e-05,-0.17275571823120117,-0.021269209682941437,-0.38223591446876526,-0.04685468599200249,-1.494634747505188,2.4278595446958207e-05,-1.0425769090652466,1.5650352239608765,0.3569640815258026,-0.6837484240531921,0.3197544813156128
-0.18737787008285522,0.3429664373397827,7.563701365143061e-05,-0.41947561502456665,-0.018313651904463768,0.020939402282238007,-0.03224175423383713,-1.5119539499282837,-0.00015663731028325856,-1.0472025871276855,1.566529393196106,0.3637485206127167,-0.6288699507713318,0.3215811252593994
0.028594492003321648,-0.09931691735982895,0.0002651880495250225,-0.2031431496143341,0.015026010572910309,-0.3042653799057007,0.10022854804992676,-1.5026111602783203,0.00010438673780299723,-1.050034761428833,1.5816351175308228,-0.1712220013141632,-0.493101567029953,0.3336769640445709
0.043050408363342285,-0.03890838474035263,0.00021480231953319162,-0.22758755087852478,0.03428160399198532,-0.24858592450618744,0.10119273513555527,-1.5033869743347168,0.0007070696447044611,-1.050400972366333,1.582849383354187,-0.13022582232952118,-0.455779492855072,0.33190008997917175
0.07588302344083786,0.00641895504668355,0.00017199368448927999,-0.21912360191345215,0.02673223614692688,-0.11448433250188828,0.07682836800813675,-1.5961227416992188,0.000707955623511225,-1.050546646118164,1.5800033807754517,-0.07148746401071548,-0.4400081932544708,0.35601210594177246
0.08903232216835022,0.30290916562080383,3.199947241228074e-05,-0.1013435423374176,-0.020302826538681984,-0.27679741382598877,-0.04385910928249359,-1.5670713186264038,0.0015423092991113663,-1.0504543781280518,1.5643726587295532,0.31807878613471985,-0.456430047750473,0.3796071708202362
0.009022579528391361,0.03535854443907738,1.9778677597059868e-05,0.08199723809957504,-0.008589469827711582,-0.5073267817497253,0.00261704926379025,-1.5061646699905396,0.0016296661924570799,-1.0502856969833374,1.567223310470581,0.044474758207798004,-0.6422569155693054,0.3655439615249634
0.011523440480232239,0.044509708881378174,3.798832537427188e-08,-0.3153039813041687,0.0013534543104469776,-0.30589810013771057,0.007230465766042471,-1.5198094844818115,0.0003054436238016933,-1.0474891662597656,1.5712026357650757,0.03904655948281288,-0.46781834959983826,0.29422110319137573
-0.019936826080083847,0.06002727523446083,3.053103725392248e-08,-0.3487430512905121,0.010847414843738079,-0.5508905053138733,0.015589874237775803,-1.533788800239563,0.001003008452244103,-1.047435998916626,1.5724884271621704,0.042448531836271286,-0.4903826117515564,0.20373523235321045
0.0003811630012933165,0.14567150175571442,-0.0002743806689977646,-0.7358837127685547,-0.008101914077997208,0.29122194647789,-0.014960339292883873,-1.6330029964447021,-0.0011685335775837302,-1.0469473600387573,1.5690715312957764,0.15891312062740326,-0.36774900555610657,0.16856861114501953
0.03124080039560795,0.16281381249427795,-0.00022224834538064897,-0.6202263236045837,-0.009334791451692581,0.17771506309509277,0.01557964738458395,-1.656144142150879,-0.0005071033374406397,-1.0469892024993896,1.5718531608581543,0.1561521738767624,-0.3312215507030487,0.23773817718029022
0.04902225732803345,0.1871233433485031,0.00015816150698810816,-0.6301864981651306,-0.009388486854732037,0.3861488103866577,0.03521711006760597,-1.7397403717041016,-0.00032331133843399584,-1.0471082925796509,1.5732767581939697,0.16723355650901794,-0.3577965497970581,0.2598755955696106
0.095554880797863,0.16592097282409668,8.405350672546774e-05,-0.14810088276863098,-0.009418568573892117,-0.058741502463817596,-0.04500647261738777,-1.7504922151565552,0.0006461415905505419,-1.047342300415039,1.565628170967102,0.19169825315475464,-0.4726558327674866,0.36954134702682495
0.07037157565355301,0.12693507969379425,6.784690049244091e-05,-0.011888789013028145,-0.027998419478535652,-0.30831578373908997,-0.07414443045854568,-1.6612539291381836,0.0014708153903484344,-1.0469536781311035,1.5618020296096802,0.18062980473041534,-0.5342654585838318,0.3827986717224121
0.03541825711727142,0.10197009146213531,5.495598816196434e-05,0.06278248876333237,-0.025164278224110603,-0.5505437254905701,-0.061534881591796875,-1.5491775274276733,0.0011209534713998437,-1.0466500520706177,1.5632908344268799,0.15499581396579742,-0.5821694731712341,0.35584303736686707
-0.01470075361430645,0.09618393331766129,4.451434870134108e-05,-0.0857989564538002,-0.008421353995800018,-0.32505184412002563,-0.04551742225885391,-1.6357526779174805,0.0007940410287119448,-1.0499051809310913,1.566298484802246,0.1284770518541336,-0.6102458238601685,0.3306342363357544
-0.003035723464563489,0.07785700261592865,3.6056622775504366e-05,0.10604972392320633,-0.010624578222632408,-0.6672239303588867,-0.03815217688679695,-1.5798934698104858,0.0007256634999066591,-1.0464341640472412,1.5666370391845703,0.11004301905632019,-0.6381793022155762,0.3212999403476715
0.03884317725896835,0.0443047359585762,2.92970726150088e-05,0.3153204917907715,-0.01493366900831461,-0.836915135383606,-0.03855187073349953,-1.6060540676116943,0.0018969977973029017,-1.0468608140945435,1.564490556716919,0.08451239764690399,-0.7171660661697388,0.27792394161224365
0.0566721186041832,0.020501552149653435,2.3730628527118824e-05,0.3547043800354004,-0.012158564291894436,-0.6566020250320435,-0.028794849291443825,-1.601693034172058,0.0012148296227678657,-1.0469253063201904,1.5665514469146729,0.04954110085964203,-0.7376196980476379,0.3121489882469177
0.04808397963643074,-0.050673868507146835,7.046189421089366e-05,-0.05577000603079796,0.002988157793879509,-0.4226025342941284,-0.007050815504044294,-1.5678819417953491,0.0005123264854773879,-1.0475553274154663,1.5695966482162476,-0.04430427774786949,-0.506668746471405,0.3798065483570099
0.01910214126110077,-0.06910393387079239,5.707411764888093e-05,-0.06190674006938934,-0.011331184767186642,-0.7606140375137329,-0.007187339477241039,-1.5401930809020996,-2.0366418539197184e-05,-1.047101378440857,1.5689326524734497,-0.05375150218605995,-0.5787306427955627,0.2643936574459076
-0.010638860054314137,-0.18310168385505676,-0.00017523346468806267,-0.2274293601512909,-0.013223476707935333,-0.6398870348930359,-0.0014207764761522412,-1.2789121866226196,-0.00018003543664235622,-1.046317458152771,1.5700457096099854,-0.16537491977214813,-0.4946277439594269,0.15418651700019836
0.05445170775055885,-0.2233525514602661,-0.00014193910465110093,-0.018529964610934258,-0.03499449044466019,-0.7678291201591492,-0.0010596276260912418,-1.2861982583999634,-0.0023487191647291183,-1.0458561182022095,1.5692607164382935,-0.187530979514122,-0.4546252489089966,0.24288444221019745
0.0677848681807518,-0.2486383020877838,-0.0001149706804426387,0.019292110577225685,-0.023320788517594337,-0.7366727590560913,0.00043342335266061127,-1.4102898836135864,-0.0020062190014868975,-1.0439321994781494,1.570172905921936,-0.22127564251422882,-0.49464401602745056,0.26757097244262695
0.07823267579078674,-0.2827906310558319,1.1184654795215465e-05,0.04996455833315849,-0.02654094807803631,-0.8301057815551758,-0.001415478065609932,-1.4983655214309692,-0.0014821302611380816,-1.0437003374099731,1.5694280862808228,-0.25371354818344116,-0.5517551302909851,0.24170567095279694
-0.0814523920416832,-0.5460906028747559,1.2625525869225385e-06,-0.68229079246521,-0.011725308373570442,0.08192828297615051,0.04930320382118225,-1.5238008499145508,-0.0026433703023940325,-1.0459595918655396,1.574618935585022,-0.545134961605072,-0.4333556890487671,0.1875782012939453
-0.049355704337358475,-0.5500743985176086,1.0226675613012048e-06,-0.5866431593894958,-0.008946110494434834,-0.06762601435184479,0.09300486743450165,-1.5218943357467651,-0.003233891911804676,-1.0461915731430054,1.5780854225158691,-0.5770976543426514,-0.41462692618370056,0.1871572583913803
-0.03829434886574745,-0.5389209389686584,8.283607257908443e-07,-0.5163971185684204,-0.0032998400274664164,-0.12903307378292084,0.13486932218074799,-1.4384286403656006,-0.0038244426250457764,-1.046754240989685,1.5815443992614746,-0.5968339443206787,-0.4080089330673218,0.20961186289787292
-0.03772105276584625,-0.5416375994682312,6.709722129016882e-07,-0.4640197455883026,-0.0022747681941837072,-0.15967760980129242,0.12404966354370117,-1.433340072631836,-0.0032801185734570026,-1.0437860488891602,1.5803568363189697,-0.601516604423523,-0.40226301550865173,0.24677447974681854
0.010375426150858402,-0.5371034145355225,5.434874879028939e-07,-0.16431079804897308,0.0030773752368986607,-0.56557697057724,0.10833169519901276,-1.470802664756775,-0.0024067906197160482,-1.0445442199707031,1.5794986486434937,-0.5960764288902283,-0.46517062187194824,0.24627509713172913
0.005948932841420174,-0.5145481824874878,4.4022485212735774e-07,-0.03369447588920593,0.029419662430882454,-0.7591068744659424,0.08792081475257874,-1.501571774482727,-0.00019203306874260306,-1.0452988147735596,1.578859806060791,-0.5807369947433472,-0.5746967196464539,0.23200277984142303
-0.07058922201395035,-0.4262402057647705,2.8966181275791314e-07,0.05588719993829727,0.06953570246696472,-0.6803503036499023,0.06553751230239868,-1.4494181871414185,-0.0003600297204684466,-1.0461012125015259,1.5806736946105957,-0.512506365776062,-0.6864113807678223,0.2491103559732437
-0.08657816797494888,-0.37270012497901917,-0.00025800062576308846,0.15652254223823547,0.06469478458166122,-0.5456902384757996,0.055824171751737595,-1.5134934186935425,-0.0005239415331743658,-1.043672800064087,1.5799192190170288,-0.45954179763793945,-0.7054979801177979,0.3381732702255249
-0.21392041444778442,0.18034674227237701,4.961743798048701e-06,0.1327914595603943,0.003051882842555642,-0.9495489597320557,-0.017556082457304,-1.3671681880950928,-0.0035881923977285624,-1.0501831769943237,1.5777395963668823,0.16495691239833832,-0.8747542500495911,0.27790752053260803
-0.17840026319026947,0.2214168906211853,4.019007519673323e-06,0.021779924631118774,-0.006591198965907097,-1.0200625658035278,-0.01826360449194908,-1.299021601676941,-0.0020255690906196833,-1.050010323524475,1.5745437145233154,0.21260514855384827,-0.8222958445549011,0.18267248570919037
0.057073693722486496,0.2628776431083679,1.401349777552241e-06,-0.45595383644104004,-0.047720275819301605,-0.3288213014602661,-0.012067698873579502,-1.490110158920288,-0.003843978513032198,-1.0476775169372559,1.5703808069229126,0.2933618426322937,-0.41030576825141907,0.19028382003307343
0.15715011954307556,0.19366495311260223,0.0001965878764167428,-0.6005576252937317,-0.026783572509884834,0.07151388376951218,0.012874373234808445,-1.5600577592849731,-0.0031140532810240984,-1.0458399057388306,1.5718426704406738,0.2113933265209198,-0.2487732470035553,0.2157823145389557
0.16525261104106903,0.17747950553894043,0.00015923618047963828,-0.6474881768226624,-0.021489571779966354,0.2620166540145874,0.011495530605316162,-1.6422151327133179,-0.0025974218733608723,-1.046032428741455,1.5717222690582275,0.19113118946552277,-0.19923043251037598,0.24357256293296814
0.16142570972442627,0.15480026602745056,2.9473898393916897e-05,-0.6236467361450195,-0.016778012737631798,0.31798043847084045,0.003997677471488714,-1.5649771690368652,-0.002191856037825346,-1.0462764501571655,1.5711593627929688,0.1714410036802292,-0.18020737171173096,0.2892499566078186
-0.1016288474202156,0.2963119447231293,-1.1639057220236282e-06,-0.5254887342453003,-0.0019114152528345585,0.06420529633760452,-0.08461049944162369,-1.594648838043213,0.001761285006068647,-1.0458307266235352,1.5621594190597534,0.3399033844470978,-0.498668372631073,0.31548362970352173
-0.08814767748117447,0.2536928951740265,-9.075495199795114e-07,-0.5069965124130249,-0.004351945593953133,-0.254939466714859,-0.12888292968273163,-1.6157089471817017,0.0026515054050832987,-1.045432448387146,1.5588431358337402,0.3248212933540344,-0.5302309989929199,0.2103586494922638
-0.013834691606462002,0.048298951238393784,1.3841327017871663e-07,-0.3999125361442566,-0.0026466799899935722,0.18308091163635254,-0.0071654184721410275,-1.820237636566162,5.631309250020422e-05,-1.0469576120376587,1.569809913635254,0.06168508902192116,-0.5335005521774292,0.2898803949356079
-0.00047868979163467884,0.008116189390420914,1.1211474770789209e-07,-0.28960949182510376,-0.0009568773093633354,0.11910927295684814,-0.04020847752690315,-1.6993602514266968,0.0003728517913259566,-1.0470060110092163,1.5670400857925415,0.03971719369292259,-0.524043083190918,0.37006238102912903
-0.06209823861718178,-0.061788178980350494,-5.423455513664521e-05,0.15716968476772308,0.0021272951271384954,-0.8988910913467407,0.054868023842573166,-1.53219735622406,0.0011789752170443535,-1.0435296297073364,1.5718247890472412,-0.1007164791226387,-0.7585738301277161,0.2857447564601898
-0.05559375509619713,0.001482924330048263,-4.8439019337820355e-06,-0.5597202181816101,-0.05334310606122017,-0.10112150758504868,-0.06171983852982521,-1.646060824394226,-0.003914219327270985,-1.0466197729110718,1.5663155317306519,0.07842114567756653,-0.4847082793712616,0.199151411652565
-0.05698375031352043,-0.10605287551879883,-3.0180981411831453e-06,-0.5863927602767944,-0.036051638424396515,-0.13802483677864075,-0.05846034735441208,-1.505700945854187,-0.0022398855071514845,-1.046910285949707,1.5664732456207275,-0.030753029510378838,-0.443948894739151,0.15994681417942047
-0.047922246158123016,-0.17961563169956207,-2.4446594579785597e-06,-0.5934335589408875,-0.03157849237322807,-0.0035956748761236668,-0.08178110420703888,-1.600285291671753,-0.0012032719096168876,-1.047121286392212,1.5645703077316284,-0.09370452165603638,-0.4408864676952362,0.17952083051204681
-0.041337743401527405,-0.2433820366859436,-1.980174147320213e-06,-0.5319223999977112,-0.02555857039988041,-0.11313169449567795,-0.06930391490459442,-1.4911872148513794,-0.000913164229132235,-1.0469754934310913,1.5655368566513062,-0.16363172233104706,-0.4333130419254303,0.21106883883476257
0.0075662038289010525,-0.2882026433944702,-1.6330326388924732e-06,-0.3026956021785736,-0.012553544715046883,-0.48496922850608826,-0.028135035187005997,-1.4905868768692017,-0.0006614403100684285,-1.04507577419281,1.569340467453003,-0.23529931902885437,-0.4519982933998108,0.20810207724571228
0.025103719905018806,-0.33433976769447327,-1.075510454029427e-06,-0.22503535449504852,0.022058775648474693,-0.5954166650772095,0.011131337843835354,-1.4604045152664185,0.0023511007893830538,-1.0482139587402344,1.5739588737487793,-0.33729973435401917,-0.46452876925468445,0.20121100544929504
0.10524391382932663,-0.384611040353775,-1.5208445347525412e-06,0.07979921251535416,0.021519474685192108,-0.631151556968689,0.009165730327367783,-1.6017301082611084,0.001357733504846692,-1.0502430200576782,1.5737276077270508,-0.3873763382434845,-0.5552139282226562,0.2571263909339905
0.08611700683832169,-0.415286660194397,-1.2318840845182422e-06,0.0911029577255249,0.012883848510682583,-0.5067426562309265,0.0032158943358808756,-1.6287071704864502,0.001620678580366075,-1.0487006902694702,1.5718014240264893,-0.408731609582901,-0.5766667127609253,0.32249799370765686
0.07078032195568085,-0.4353107511997223,-9.9782607776433e-07,0.15203028917312622,0.01439754106104374,-0.5435620546340942,0.00848175399005413,-1.5137877464294434,0.0007102066301740706,-1.0490385293960571,1.5732612609863281,-0.43544578552246094,-0.5828145742416382,0.3608398735523224
-0.003540741978213191,-0.19967874884605408,3.4315180528210476e-05,-0.21495358645915985,-0.005897152703255415,-0.2019583135843277,-0.03732931613922119,-1.6125110387802124,0.0004678016994148493,-1.046469807624817,1.567101240158081,-0.15178973972797394,-0.5086401104927063,0.38023895025253296
-0.023953668773174286,-0.23339778184890747,2.7795294954557903e-05,-0.2874142825603485,0.005963181611150503,-0.16319136321544647,-0.006677169818431139,-1.6609145402908325,0.0001499838544987142,-1.0494763851165771,1.5706285238265991,-0.20830325782299042,-0.5442153811454773,0.3137325048446655
-0.04140755906701088,-0.2516535222530365,2.251418845844455e-05,-0.25094255805015564,0.020187916234135628,-0.3581499755382538,0.026893334463238716,-1.5511820316314697,8.864171104505658e-05,-1.0486844778060913,1.5744225978851318,-0.2553492486476898,-0.5503823161125183,0.2834111750125885
-0.03352172672748566,-0.25626492500305176,1.8236492905998603e-05,-0.1067238375544548,0.04281039163470268,-0.662604570388794,0.030960209667682648,-1.5168325901031494,0.001978496089577675,-1.0485438108444214,1.57567298412323,-0.2844374179840088,-0.5931026339530945,0.24027787148952484
-0.0815252885222435,-0.2542567551136017,1.1964963050559163e-05,-0.06267818063497543,0.05026360973715782,-0.6597636342048645,0.019729124382138252,-1.5308115482330322,0.002590911230072379,-1.048028826713562,1.5746454000473022,-0.2869325876235962,-0.6769006252288818,0.22679133713245392
-0.09653588384389877,-0.24981753528118134,9.697825589682907e-06,-0.0721665769815445,0.054487235844135284,-0.4787934124469757,0.016523631289601326,-1.5607701539993286,0.002665469190105796,-1.04792058467865,1.5745980739593506,-0.2843131721019745,-0.6958995461463928,0.25905629992485046
-0.07910218089818954,-0.22931422293186188,7.85523843660485e-06,-0.020458441227674484,0.0663866177201271,-0.42148357629776,0.017084935680031776,-1.6553465127944946,0.0029305294156074524,-1.0478506088256836,1.5754529237747192,-0.2754954397678375,-0.6961655616760254,0.3229689598083496
-0.06592874974012375,-0.1943429708480835,6.362743079080246e-06,0.057726915925741196,0.07279285788536072,-0.4091746211051941,0.022613516077399254,-1.6877837181091309,0.002359566045925021,-1.0508465766906738,1.576850175857544,-0.2505263388156891,-0.7324498891830444,0.3373139500617981
-0.025836585089564323,-0.1697157919406891,5.181066626391839e-06,0.27248886227607727,0.05694523826241493,-0.5984306335449219,0.013357001356780529,-1.5768654346466064,0.0023473789915442467,-1.0503429174423218,1.5744653940200806,-0.21478882431983948,-0.748203694820404,0.36658352613449097
-0.0956847220659256,0.17365223169326782,-2.3974305804586038e-05,0.32591164112091064,-0.0013068258995190263,-0.6972668766975403,0.04102206230163574,-1.6025320291519165,0.0013682232238352299,-1.0456855297088623,1.5683989524841309,0.155058354139328,-0.8552238941192627,0.34053096175193787
-0.156874418258667,0.15690827369689941,-1.9419187083258294e-05,0.09514877945184708,-0.0012658931082114577,-0.4666720926761627,0.026275185868144035,-1.5859476327896118,0.0018381099216639996,-1.0468209981918335,1.5669100284576416,0.15209679305553436,-0.832356870174408,0.36436912417411804
-0.11797098070383072,0.14971397817134857,-1.5729541701148264e-05,0.27359509468078613,0.0019054460572078824,-0.8121312856674194,0.02711981162428856,-1.49087655544281,0.0007894738810136914,-1.0433781147003174,1.569428563117981,0.13867440819740295,-0.7993718981742859,0.34834837913513184
-0.08442418277263641,0.1566338837146759,-1.2740929378196597e-05,0.35969507694244385,0.002379865851253271,-0.9203799962997437,0.02857035957276821,-1.4318255186080933,-0.0004558053915388882,-1.0441324710845947,1.5723642110824585,0.13692674040794373,-0.8223779797554016,0.29602840542793274
-0.07374081760644913,0.15482333302497864,-1.0319855391571764e-05,0.347795695066452,0.0018177309539169073,-0.9712326526641846,0.019164567813277245,-1.4568289518356323,0.0002702777273952961,-1.0430293083190918,1.5703829526901245,0.14518028497695923,-0.8068117499351501,0.29083749651908875
-0.08590999990701675,0.1424538791179657,6.0064026911277324e-05,0.2083132565021515,0.0009493341203778982,-0.8542413711547852,0.012127681635320187,-1.414197564125061,0.0008548119221813977,-1.0443406105041504,1.568989634513855,0.14080269634723663,-0.7860836386680603,0.267916202545166
-0.051225945353507996,0.14324943721294403,4.865186201641336e-05,0.19468943774700165,0.004483959637582302,-0.838874876499176,0.01673259027302265,-1.35002601146698,-0.0006290365126915276,-1.042916178703308,1.5721373558044434,0.1328348070383072,-0.7110129594802856,0.29697537422180176
-0.048411350697278976,0.14108313620090485,0.00010622756235534325,-0.016230875626206398,0.0029294120613485575,-0.5133646130561829,0.01286876481026411,-1.3079349994659424,-0.00039577187271788716,-1.0437904596328735,1.571638584136963,0.13304679095745087,-0.6178184151649475,0.3368605077266693
0.11701471358537674,0.13267217576503754,4.575424100039527e-05,0.09995705634355545,-0.00284681492485106,-0.9063199162483215,-0.00014218992146197706,-1.356243371963501,0.0007820242317393422,-1.0445480346679688,1.5692105293273926,0.13707195222377777,-0.4715088903903961,0.2849481999874115
0.07707823812961578,0.11780701577663422,3.706093775690533e-05,-0.15696987509727478,-0.014875883236527443,-0.7324141263961792,-0.0018603617791086435,-1.4300072193145752,0.0006180988275445998,-1.0450825691223145,1.5683642625808716,0.130548357963562,-0.5010865926742554,0.19532537460327148
0.004628061782568693,0.08062583953142166,0.00022694349172525108,-0.5724111795425415,0.0453832782804966,0.03870085999369621,-0.013463043607771397,-1.729479193687439,0.001742485910654068,-1.0453400611877441,1.571753978729248,0.041139401495456696,-0.4566684663295746,0.19679610431194305
0.04464606195688248,0.1938163936138153,0.00012060602603014559,-0.37122994661331177,0.026766065508127213,-0.12154248356819153,-0.003085917327553034,-1.6782667636871338,0.000829122553113848,-1.0448325872421265,1.5718224048614502,0.16373254358768463,-0.4538823366165161,0.24333612620830536
0.09716828912496567,0.2591176927089691,0.0005664967466145754,-0.0537465400993824,0.03370995074510574,-0.4956992566585541,0.02165631763637066,-1.655481219291687,0.0008211022359319031,-1.0450241565704346,1.5741608142852783,0.20767758786678314,-0.5015941262245178,0.27646347880363464
0.12104839086532593,0.3227143883705139,0.0005910834297537804,0.1555103212594986,0.040727656334638596,-0.5419777035713196,0.019048437476158142,-1.6249319314956665,0.0011036896612495184,-1.0454307794570923,1.574308156967163,0.26677605509757996,-0.5661378502845764,0.3045484125614166
-0.013120741583406925,0.05349815636873245,2.5482035198365338e-05,-0.04531673714518547,0.010139626450836658,-0.5501376986503601,0.09565172344446182,-1.7100268602371216,0.0008198196883313358,-1.0471299886703491,1.5735583305358887,-0.010028846561908722,-0.7008089423179626,0.29240918159484863
-0.02922917529940605,0.10857026278972626,1.6718762708478607e-05,-0.46167290210723877,0.003681274363771081,-0.05470888689160347,0.07073531299829483,-1.6697571277618408,0.0003009741485584527,-1.047532558441162,1.5732228755950928,0.059520620852708817,-0.5525633096694946,0.23097631335258484
0.03166629374027252,0.1298481523990631,1.3542198757932056e-05,-0.43772608041763306,0.0016426530200988054,-0.008614184334874153,0.03478635102510452,-1.721134066581726,0.0007605262799188495,-1.0473008155822754,1.5708991289138794,0.09654784202575684,-0.47641754150390625,0.25212234258651733
0.06021751090884209,0.13481716811656952,1.096918094845023e-05,-0.5439566969871521,0.001351738697849214,0.36756715178489685,-0.02091321535408497,-1.7490336894989014,0.0014156487304717302,-1.047296404838562,1.5668760538101196,0.13064110279083252,-0.41419339179992676,0.2956603765487671
0.0929880291223526,0.15313750505447388,2.2515956516144797e-05,-0.26135218143463135,-0.008782291784882545,-0.1664828062057495,-0.000505677773617208,-1.698876142501831,-0.0006300006643868983,-1.0470898151397705,1.5707703828811646,0.16521325707435608,-0.4880789518356323,0.321102499961853
0.042620059102773666,0.11655742675065994,1.8237924450659193e-05,-0.428681343793869,-0.01415080577135086,-0.062385112047195435,-0.03097721002995968,-1.5822603702545166,8.87464702827856e-05,-1.0472421646118164,1.567702293395996,0.14789307117462158,-0.42129579186439514,0.2908603847026825
0.020535126328468323,0.063767209649086,1.4772718714084476e-05,-0.5083634257316589,-0.016305511817336082,-0.1393253356218338,-0.07751733064651489,-1.4937692880630493,0.001273498171940446,-1.0468863248825073,1.5637073516845703,0.12344249337911606,-0.3798023760318756,0.2546633183956146
0.02230534516274929,0.02516889199614525,1.1884635569003876e-05,-0.5562578439712524,-0.013944634236395359,-0.21508732438087463,-0.07110606878995895,-1.5467897653579712,0.001162699074484408,-1.0462061166763306,1.5644032955169678,0.08654970675706863,-0.3832551836967468,0.1814686805009842
-0.1623431146144867,-0.3083009719848633,1.1845060043924605e-06,-0.2275567650794983,0.010607319884002209,-0.6856497526168823,0.04218221828341484,-1.3571250438690186,0.0015978628071025014,-1.061360239982605,1.5738974809646606,-0.3395947515964508,-0.6246719360351562,0.1856628805398941
-0.15419238805770874,-0.23450326919555664,7.82325230375136e-07,-0.09920231252908707,0.06716134399175644,-0.6650692820549011,0.02489309385418892,-1.4218308925628662,0.005816225428134203,-1.058232307434082,1.574030876159668,-0.29756906628608704,-0.7238703966140747,0.220424085855484
-0.1350378841161728,-0.1766582727432251,6.336834417197679e-07,-0.025640543550252914,0.08653999865055084,-0.796467661857605,0.019928283989429474,-1.404503583908081,0.006553318817168474,-1.0562516450881958,1.574666976928711,-0.25654423236846924,-0.713853657245636,0.23558609187602997
-0.15924523770809174,-0.0814732015132904,3.992931567609048e-07,-0.2571812868118286,0.07414624094963074,-0.3524494767189026,0.015299446880817413,-1.3844711780548096,0.005508007947355509,-1.0539692640304565,1.574288010597229,-0.154896080493927,-0.6443126797676086,0.2605679929256439
-0.041156116873025894,0.19961956143379211,-3.176223617629148e-05,0.12620197236537933,-0.004623853601515293,-0.8483005166053772,-0.029698966071009636,-1.5392662286758423,0.0018554379930719733,-1.0483677387237549,1.5663994550704956,0.22530655562877655,-0.7151309847831726,0.29445508122444153
0.0816551074385643,0.09353824704885483,-1.0942945664282888e-05,0.15386077761650085,0.007285234052687883,-0.9191890358924866,-0.0067084068432450294,-1.5193928480148315,0.00011898262891918421,-1.0485981702804565,1.5708686113357544,0.10296287387609482,-0.6099663972854614,0.21854647994041443
0.1369481384754181,0.07208025455474854,-8.863785296853166e-06,0.25953906774520874,0.004750379826873541,-0.8619440197944641,-0.007400375325232744,-1.6098673343658447,0.0005419390508905053,-1.0496439933776855,1.5699772834777832,0.08512675762176514,-0.6342794895172119,0.23179690539836884
0.17493218183517456,0.05896597355604172,-7.17966622687527e-06,0.34577712416648865,0.004315406084060669,-0.6776962280273438,-0.002462474163621664,-1.6023436784744263,-0.00015309885202441365,-1.0491760969161987,1.5715546607971191,0.06429234892129898,-0.6125988960266113,0.2957189083099365
0.05246904864907265,0.22971975803375244,-2.0979061446269043e-05,-0.10122720152139664,-0.03291075676679611,-0.4428476095199585,-0.00464003998786211,-1.6213395595550537,0.0005827239365316927,-1.0479912757873535,1.5648332834243774,0.2593848407268524,-0.5322141051292419,0.37612593173980713
-0.03878911957144737,-0.1492285579442978,0.000557510822545737,-0.17373567819595337,0.015168349258601665,-0.5843302011489868,-0.0023292230907827616,-1.3264107704162598,0.0028656090144068003,-1.0459390878677368,1.56923246383667,-0.16598504781723022,-0.4888739585876465,0.2379177361726761
-0.003754800884053111,-0.11357174813747406,0.000452101492555812,0.0029375075828284025,0.03633204475045204,-0.7908674478530884,-0.0012409380869939923,-1.294339656829834,0.003915704786777496,-1.044208288192749,1.570754885673523,-0.14652450382709503,-0.5277658104896545,0.2605505883693695
-0.04289031773805618,-0.09237813204526901,0.00036624132189899683,-0.06904719769954681,0.024892549961805344,-0.752874493598938,-0.0013908343389630318,-1.2552400827407837,0.0030506914481520653,-1.0442934036254883,1.5704269409179688,-0.11919654160737991,-0.5413678288459778,0.25794491171836853
-0.05449580028653145,-0.059888970106840134,0.00029663153691217303,-0.07114283740520477,0.03334931284189224,-0.7403943538665771,-0.0010502198711037636,-1.2987630367279053,0.003178346436470747,-1.044935941696167,1.571156620979309,-0.09266281127929688,-0.5534310340881348,0.24157315492630005
-0.0380997508764267,-0.04038527235388756,0.0002402715472271666,-0.022508615627884865,0.015232305973768234,-0.8240901231765747,-0.0010763612808659673,-1.4471075534820557,0.0020631165243685246,-1.0443438291549683,1.5704991817474365,-0.06145550683140755,-0.6081221103668213,0.22609910368919373
-0.15538287162780762,0.11636928468942642,0.00039687042590230703,0.14727869629859924,-0.01078710239380598,-0.767534613609314,-0.01531275361776352,-1.4021564722061157,0.004084447864443064,-1.047631025314331,1.5632699728012085,0.1476164609193802,-0.813450276851654,0.27068161964416504
-0.15795183181762695,0.06205083057284355,0.0006083133048377931,0.09113771468400955,-0.01718844845890999,-0.6984408497810364,-0.019811036065220833,-1.3845019340515137,0.0044804224744439125,-1.0474988222122192,1.5619864463806152,0.10425872355699539,-0.7594599723815918,0.3236163556575775
-0.10233133286237717,0.019270723685622215,-9.354366738989484e-06,0.2654189169406891,-0.007745553273707628,-0.9141764640808105,-0.011010895483195782,-1.4273959398269653,0.0028214172925800085,-1.0476471185684204,1.5654520988464355,0.051878754049539566,-0.7668415904045105,0.2966269254684448
-0.05578190088272095,-0.03499625623226166,-7.275733423739439e-06,0.4187459647655487,-0.006940467748790979,-1.0173075199127197,-0.012797107920050621,-1.3710007667541504,0.0030096271075308323,-1.0488166809082031,1.56474769115448,0.0018109219381585717,-0.7909750938415527,0.2747439444065094
-0.010106079280376434,-0.08083102852106094,-5.893344223295571e-06,0.5420953035354614,-0.005864603444933891,-1.1253108978271484,-0.006711162161082029,-1.3586395978927612,0.0019257935928180814,-1.0478739738464355,1.567452073097229,-0.05301480367779732,-0.7782924175262451,0.29188886284828186
-0.005519007798284292,-0.1121765673160553,-4.7736084525240585e-06,0.5571880340576172,-0.0051753949373960495,-1.2178213596343994,-0.001638034824281931,-1.3419885635375977,0.0010731522925198078,-1.0471243858337402,1.5697712898254395,-0.09474430978298187,-0.7768232822418213,0.2588225305080414
-0.041826438158750534,-0.1513894498348236,-3.8852690522617195e-06,0.4450002908706665,-0.003991664387285709,-1.2993220090866089,-0.003780106082558632,-1.3631263971328735,0.001238733995705843,-1.0457532405853271,1.5687062740325928,-0.1274539679288864,-0.8003798127174377,0.2055855095386505
0.05435340851545334,0.21476802229881287,-5.718632382922806e-05,-0.0905858650803566,0.001971815712749958,-0.5381908416748047,-0.0013872482813894749,-1.424708604812622,0.0006562515627592802,-1.0392961502075195,1.5701441764831543,0.1856555938720703,-0.4896122217178345,0.2643246352672577
0.05482945963740349,0.24880152940750122,-4.632092168321833e-05,-0.09315323084592819,-0.025074519217014313,-0.4452808201313019,-0.0038163450080901384,-1.547908067703247,-0.0007409862009808421,-1.0408109426498413,1.5685356855392456,0.24000684916973114,-0.48756179213523865,0.3138749599456787
0.012967637740075588,0.26824694871902466,-3.659336289274506e-05,-0.1740843653678894,-0.05173229053616524,-0.4152233302593231,-0.008279098197817802,-1.4859946966171265,-0.002124497899785638,-1.043528437614441,1.5668073892593384,0.28171417117118835,-0.5079149603843689,0.3068126440048218
-0.03046243265271187,0.2756405472755432,-2.9640623324667104e-05,-0.3795801103115082,-0.06687885522842407,-0.1813524216413498,-0.025015054270625114,-1.601441502571106,-0.0030031241476535797,-1.0421743392944336,1.5644820928573608,0.3092518448829651,-0.5040323138237,0.2783506214618683
-0.06525880098342896,0.2659742534160614,-2.4307317289640196e-05,-0.4353596568107605,-0.06429007649421692,-0.37806084752082825,-0.057635530829429626,-1.5380218029022217,-0.0023163522128015757,-1.0433013439178467,1.5619709491729736,0.32276299595832825,-0.5132762789726257,0.21598270535469055
-0.007348742801696062,-0.07522426545619965,-1.5723438991699368e-05,-0.5928924083709717,-0.0038742125034332275,-0.030128370970487595,-0.08208419382572174,-1.4791498184204102,0.0016208527376875281,-1.046166181564331,1.5641552209854126,-0.01816657744348049,-0.39444056153297424,0.17520800232887268
-0.0009003181476145983,-0.1367160826921463,-1.2497946954681538e-05,-0.5689926743507385,-0.0046714898198843,0.04203052818775177,-0.11920475214719772,-1.4213134050369263,0.002542037284001708,-1.044531226158142,1.5612585544586182,-0.05454830825328827,-0.3295225203037262,0.24974828958511353
0.04343213140964508,-0.21493719518184662,-7.918250958027784e-06,-0.3545718491077423,-0.002542976289987564,-0.277805358171463,-0.06310760229825974,-1.4746941328048706,0.001307278173044324,-1.0405265092849731,1.5663394927978516,-0.15845178067684174,-0.3609853982925415,0.28080570697784424
0.0534706749022007,-0.2286660224199295,-6.413783012249041e-06,-0.2871823012828827,0.015327946282923222,-0.49989694356918335,-0.030034592375159264,-1.5056010484695435,0.002127500483766198,-1.0405395030975342,1.5700292587280273,-0.20576614141464233,-0.424042284488678,0.23188026249408722
-0.07141412049531937,-0.2094440907239914,0.0002353375602979213,0.05980919674038887,0.04019051790237427,-0.6911402344703674,0.00034713640343397856,-1.4597513675689697,0.0014186843764036894,-1.0473177433013916,1.5728639364242554,-0.23555631935596466,-0.7115203142166138,0.21606364846229553
-0.07589786499738693,-0.17345479130744934,0.00019062342471443117,0.054810408502817154,0.050362858921289444,-0.41822105646133423,0.009715557098388672,-1.5606262683868408,0.0001476054167142138,-1.0470764636993408,1.5759189128875732,-0.2166847288608551,-0.6853750348091125,0.3472449779510498
-0.010837533511221409,-0.09869746118783951,4.3649277358781546e-05,-0.344016432762146,-0.0009123068884946406,-0.1601400226354599,0.11068467050790787,-1.5064908266067505,-0.0026924421545118093,-1.0479676723480225,1.5820547342300415,-0.15999330580234528,-0.4663127660751343,0.3232989013195038
0.022909946739673615,-0.04208929091691971,3.535591531544924e-05,-0.1641608327627182,0.017786884680390358,-0.5307871699333191,0.12189460545778275,-1.459851622581482,-0.0018079995643347502,-1.048197865486145,1.5839111804962158,-0.13241802155971527,-0.47598084807395935,0.2824002504348755
0.05859106406569481,0.024342559278011322,0.0005188964423723519,-0.057096514850854874,0.046935465186834335,-0.6114922165870667,0.09895437955856323,-1.5056885480880737,0.0009727419819682837,-1.0484497547149658,1.5824776887893677,-0.07712676376104355,-0.5285434722900391,0.25282394886016846
0.03211980685591698,0.0730547308921814,0.0004203061107546091,-0.15059557557106018,0.037211015820503235,-0.343576580286026,0.0795130729675293,-1.5042170286178589,0.0006740351673215628,-1.0499660968780518,1.5800822973251343,-0.012437102384865284,-0.5137186050415039,0.29586151242256165
-0.0434378981590271,0.14564287662506104,-0.00018662870570551604,0.015840552747249603,-0.006480087526142597,-0.522788405418396,0.030474618077278137,-1.5999027490615845,0.0013255890225991607,-1.047739863395691,1.5689879655838013,0.1422111839056015,-0.6884163022041321,0.37259218096733093
-0.06500579416751862,0.10749348253011703,-0.00015116923896130174,-0.25319164991378784,-0.026498351246118546,-0.3257996439933777,0.02062593214213848,-1.6740155220031738,0.00046121940249577165,-1.047646403312683,1.5676640272140503,0.12362366914749146,-0.6673861742019653,0.2729733884334564
-0.047132156789302826,0.055325232446193695,-0.00012244709068909287,-0.39324891567230225,-0.03646186366677284,-0.19373905658721924,-0.004219893831759691,-1.5496121644973755,-0.00023623536981176585,-1.0482378005981445,1.5657258033752441,0.093291275203228,-0.5655521154403687,0.248059943318367
0.015514727681875229,-0.011358690448105335,-9.918214345816523e-05,-0.39037224650382996,-0.03840691223740578,-0.19706250727176666,-0.03994990512728691,-1.573940396308899,0.00012563052587211132,-1.0475252866744995,1.5631170272827148,0.050924647599458694,-0.4701732397079468,0.2528136372566223
0.0700891762971878,-0.06412521004676819,-8.03375369287096e-05,-0.3831700086593628,-0.03125462308526039,-0.14974044263362885,-0.031899403780698776,-1.6163820028305054,7.359842129517347e-05,-1.0475544929504395,1.5646013021469116,-0.005743039306253195,-0.42613300681114197,0.25433504581451416
0.10807865113019943,-0.11607344448566437,3.7161793443374336e-05,-0.3585478365421295,-0.02381024695932865,-0.2471686601638794,-0.022357121109962463,-1.6545958518981934,5.959586633252911e-05,-1.0468454360961914,1.5661402940750122,-0.06675715744495392,-0.4065922498703003,0.2539585828781128
0.09199123084545135,-0.15155521035194397,3.010972977790516e-05,-0.5270307064056396,-0.01275968924164772,0.025865573436021805,0.006059842649847269,-1.679314136505127,-4.1018232877831906e-05,-1.0468767881393433,1.5693185329437256,-0.1238672062754631,-0.3921290934085846,0.2260660082101822
0.1390353888273239,-0.1720825582742691,2.4388242309214547e-05,-0.37996789813041687,-0.0071596489287912846,-0.20827214419841766,0.056055422872304916,-1.676200032234192,-0.0010810350067913532,-1.0468676090240479,1.5737628936767578,-0.17258203029632568,-0.3509022891521454,0.23296917974948883
0.13841396570205688,-0.17789921164512634,1.9753479136852548e-05,-0.4616502821445465,0.004636729601770639,0.06453166902065277,0.09644857048988342,-1.7161720991134644,-0.0014571776846423745,-1.0469361543655396,1.5778576135635376,-0.20708245038986206,-0.36739373207092285,0.24693576991558075
0.1737925112247467,-0.18742021918296814,0.00028335978277027607,-0.2885562479496002,0.00446520559489727,-0.11299038678407669,0.10060127824544907,-1.643249273300171,-0.001618455396965146,-1.0472710132598877,1.5784573554992676,-0.22619086503982544,-0.3332543671131134,0.30327996611595154
0.21308375895023346,-0.19737887382507324,0.0004041824140585959,-0.0425119586288929,0.0063369241543114185,-0.41531506180763245,0.08753038197755814,-1.5554287433624268,-0.001304794568568468,-1.0449870824813843,1.5775805711746216,-0.23656968772411346,-0.3538473844528198,0.3389601409435272
0.2662964463233948,-0.22172723710536957,0.00032738776644691825,0.24002428352832794,-0.0061501143500208855,-0.6573986411094666,0.06412021070718765,-1.5906223058700562,-0.0006083783810026944,-1.0452580451965332,1.5741081237792969,-0.2418808937072754,-0.41429999470710754,0.3422166407108307
0.2638644874095917,-0.23480576276779175,0.0002651840914040804,0.4233662188053131,-0.005114876199513674,-0.8912817239761353,0.05500839650630951,-1.5651146173477173,-0.0008558778208680451,-1.0446330308914185,1.5745010375976562,-0.2543310225009918,-0.4914032518863678,0.3241148889064789
0.19683679938316345,-0.23303213715553284,0.00021479910355992615,0.30556580424308777,-0.004520862828940153,-0.7445659041404724,0.04894813522696495,-1.5755568742752075,-0.0012480929726734757,-1.0451267957687378,1.5754528045654297,-0.25715649127960205,-0.5518515706062317,0.29960396885871887
0.11028935015201569,-0.21591708064079285,0.0001739872677717358,0.009362004697322845,-0.0021071096416562796,-0.23321384191513062,0.04675528034567833,-1.5913541316986084,-0.0018041350413113832,-1.048571228981018,1.5766597986221313,-0.24554620683193207,-0.5252549648284912,0.3750306963920593
0.08385919034481049,0.07968023419380188,9.705852426122874e-05,-0.3294876217842102,-0.004414928611367941,-0.4303174912929535,-0.008999760262668133,-1.3674397468566895,-0.0004608251038007438,-1.0452903509140015,1.5695444345474243,0.08306775242090225,-0.3266669809818268,0.1944817155599594
0.09092460572719574,0.0927312895655632,7.861740596126765e-05,-0.31006020307540894,0.0016347102355211973,-0.14885523915290833,-0.0004122002865187824,-1.4725914001464844,-8.368891576537862e-05,-1.0543127059936523,1.5706570148468018,0.0889413058757782,-0.34352877736091614,0.27918457984924316
-0.14016874134540558,-0.002261828863993287,2.1886414742766647e-06,0.04424501955509186,0.005955408792942762,-0.4998118579387665,0.04032757133245468,-1.5368250608444214,0.000270687451120466,-1.0474002361297607,1.5723031759262085,-0.04267837479710579,-0.772611141204834,0.37480053305625916
-0.07627010345458984,0.01141546480357647,1.6772033859524527e-06,0.1630677878856659,-0.009341015480458736,-0.7330053448677063,0.022935135290026665,-1.6073561906814575,0.0012692533200606704,-1.0448002815246582,1.5687189102172852,-0.007014492526650429,-0.7742534279823303,0.30918121337890625
-0.029655825346708298,0.013316056691110134,1.3585347460320918e-06,0.2839733958244324,-0.0121799660846591,-0.9384464025497437,0.01063576154410839,-1.5740495920181274,0.002517022890970111,-1.047863245010376,1.5659313201904297,0.01042271964251995,-0.7984718680381775,0.25680506229400635
-0.019394146278500557,0.025019418448209763,1.1004132147718337e-06,0.28801390528678894,-0.009053032845258713,-0.8984957337379456,0.0116555942222476,-1.5760306119918823,0.001402795547619462,-1.0477614402770996,1.5682827234268188,0.015344731509685516,-0.7978006601333618,0.23829308152198792
-0.021477827802300453,0.02840820886194706,8.913346505323716e-07,0.22668670117855072,-0.008025724440813065,-0.6002674102783203,0.005670123267918825,-1.6609779596328735,0.0018024059245362878,-1.047645926475525,1.5672041177749634,0.02718433178961277,-0.7788624167442322,0.2879480719566345
0.032380566000938416,0.08552813529968262,7.609613930981141e-06,0.20157013833522797,-0.00417232746258378,-0.6293702125549316,0.007190920878201723,-1.700640082359314,0.0007553739123977721,-1.0477004051208496,1.5692386627197266,0.08583267033100128,-0.6781372427940369,0.3593432903289795
-0.028846388682723045,0.08796151727437973,6.163787475088611e-06,-0.01672668382525444,-0.0005453602061606944,-0.4792581796646118,0.009566388092935085,-1.7791794538497925,0.00011449658632045612,-1.0476069450378418,1.5707076787948608,0.08275222778320312,-0.7531566619873047,0.2913985252380371
0.17124693095684052,0.1973562389612198,0.00020452620810829103,-0.4389561712741852,-0.0015391664346680045,0.08754056692123413,0.0706750676035881,-1.7941076755523682,0.01755758561193943,-1.0466364622116089,1.5771563053131104,0.1564682573080063,-0.32587578892707825,0.24145962297916412
0.18344759941101074,0.20834194123744965,0.0001656662207096815,-0.2685357630252838,-0.0013405266217887402,0.09386114776134491,0.04539327323436737,-1.6768500804901123,0.014484948478639126,-1.0467777252197266,1.574881911277771,0.1757921427488327,-0.32928818464279175,0.34351420402526855
0.003854425624012947,0.09655843675136566,0.0003012774104718119,0.1273292452096939,-0.003872171975672245,-0.6693772673606873,0.019530287012457848,-1.4458550214767456,6.250693695619702e-05,-1.052331805229187,1.5721068382263184,0.08078722655773163,-0.6400228142738342,0.3657691776752472
-0.016994990408420563,0.09698128700256348,0.00024403471616096795,-0.009777088649570942,-0.013824114575982094,-0.7753325700759888,0.00934815313667059,-1.5012692213058472,0.0009542395710013807,-1.0511819124221802,1.5693670511245728,0.09499194473028183,-0.6278882622718811,0.2812314033508301
0.05973941087722778,-0.2463919222354889,-3.869788270094432e-05,-0.22506855428218842,-0.038610588759183884,-0.5480530261993408,-0.007196984253823757,-1.415738582611084,-0.002430326072499156,-1.0450044870376587,1.5693168640136719,-0.19229987263679504,-0.458752304315567,0.19274567067623138
0.08155091106891632,-0.2928411364555359,0.0006184129742905498,-0.17615489661693573,-0.017552874982357025,-0.5994604229927063,-0.0059133367612957954,-1.385882019996643,-0.0005184810725040734,-1.0453530550003052,1.5698158740997314,-0.25275719165802,-0.4202919900417328,0.23822006583213806
0.0645366981625557,-0.3532405197620392,0.0005009144661016762,-0.32567012310028076,-0.025815332308411598,-0.3262149393558502,-0.007124769501388073,-1.3973135948181152,-0.001448193215765059,-1.0506689548492432,1.5693920850753784,-0.30817678570747375,-0.3901374042034149,0.2472008913755417
0.056915540248155594,-0.4012542963027954,0.00040689765592105687,-0.5078508853912354,-0.019342880696058273,0.11879555881023407,0.003837073687463999,-1.3791803121566772,-0.0013799599837511778,-1.0504895448684692,1.5705922842025757,-0.36490583419799805,-0.3013363778591156,0.32050621509552
0.025589605793356895,-0.1806173026561737,1.7120790289482102e-05,-0.4642980396747589,0.011777856387197971,0.1590382307767868,0.040186911821365356,-1.686502456665039,-0.00025874495622701943,-1.0450479984283447,1.5749017000198364,-0.22613075375556946,-0.44228535890579224,0.33408039808273315
0.0535794198513031,-0.11375457793474197,1.3867839697923046e-05,-0.4079517722129822,0.00917158741503954,-0.009991099126636982,0.06730568408966064,-1.6521883010864258,-0.0008339085034094751,-1.0454829931259155,1.5770972967147827,-0.17527739703655243,-0.41358688473701477,0.30761492252349854
0.06451942026615143,-0.031637270003557205,1.123294987337431e-05,-0.41921475529670715,0.009734352119266987,0.03380008414387703,0.10391272604465485,-1.6363043785095215,-0.0019843089394271374,-1.0460079908370972,1.5802536010742188,-0.11480637639760971,-0.39696937799453735,0.3034612238407135
0.11932768672704697,0.2073659598827362,5.595531092694728e-06,-0.015356302261352539,-0.011134373024106026,-0.43430423736572266,0.05347448214888573,-1.6033518314361572,-0.0010314868995919824,-1.0452321767807007,1.5741312503814697,0.1455610692501068,-0.4387935698032379,0.3722774088382721
0.08643513917922974,0.2565748989582062,4.5323804442887194e-06,-0.023748768493533134,-0.035634275525808334,-0.5211769938468933,0.03578091785311699,-1.5766085386276245,-0.0010220021940767765,-1.0459648370742798,1.5707452297210693,0.22486549615859985,-0.5219537019729614,0.31763359904289246
0.030722735449671745,0.2930481433868408,3.6712281143991277e-06,-0.2182680070400238,-0.05743494629859924,-0.2421354502439499,0.021951638162136078,-1.5914052724838257,-0.0017842124216258526,-1.0503090620040894,1.568467617034912,0.2841900587081909,-0.5161115527153015,0.3042430877685547
0.030073126778006554,0.33269479870796204,-0.0002589997893664986,-0.16691213846206665,-0.05218835175037384,-0.33347082138061523,0.013411527499556541,-1.4974749088287354,-0.0016347516793757677,-1.0469861030578613,1.5681263208389282,0.3311983048915863,-0.4851098358631134,0.3303845524787903
0.007562493905425072,0.35961994528770447,-0.00019992367015220225,-0.28846368193626404,-0.05913131684064865,-0.00957209151238203,-0.007820656523108482,-1.5565460920333862,-0.0015131235122680664,-1.048874855041504,1.5658115148544312,0.37219029664993286,-0.472293496131897,0.35756129026412964
-0.0248574186116457,0.33871492743492126,-9.268662688555196e-05,-0.23719090223312378,-0.1036115363240242,-0.3478127121925354,-0.07241308689117432,-1.416275143623352,-0.0015193573199212551,-1.0499188899993896,1.556931734085083,0.42891284823417664,-0.5096525549888611,0.3137413561344147
-0.027349330484867096,0.3076570928096771,-7.507616828661412e-05,-0.17658084630966187,-0.10333386808633804,-0.4858146011829376,-0.07088635116815567,-1.425713300704956,-0.002422130201011896,-1.0494449138641357,1.5571377277374268,0.41432690620422363,-0.4988527297973633,0.29751527309417725
-0.059314560145139694,0.26513078808784485,-0.0008466647122986615,-0.23793937265872955,-0.11472636461257935,-0.3212883770465851,-0.06127125769853592,-1.5226126909255981,-0.004347583279013634,-1.0496156215667725,1.5582985877990723,0.37185466289520264,-0.5560723543167114,0.27995193004608154
-0.09486597031354904,0.21347390115261078,-0.000828167365398258,-0.2409176528453827,-0.10560236871242523,-0.36275118589401245,-0.06019872799515724,-1.5489721298217773,-0.004089519381523132,-1.0494403839111328,1.5590497255325317,0.3219345808029175,-0.5835615992546082,0.29418516159057617
-0.08783802390098572,0.17919428646564484,-0.0006650626310147345,-0.12030600756406784,-0.07214438170194626,-0.5299112200737,-0.043186839669942856,-1.5837849378585815,-0.002376170828938484,-1.0504634380340576,1.5624865293502808,0.25820550322532654,-0.656151294708252,0.25614070892333984
-0.10924595594406128,0.13373495638370514,-0.0005387007258832455,-0.2142350822687149,-0.07714235037565231,-0.23427559435367584,-0.03820669278502464,-1.6802011728286743,-0.003050723811611533,-1.050008773803711,1.5630767345428467,0.20646345615386963,-0.6922692060470581,0.27077236771583557
-0.10421817749738693,0.07303307205438614,-0.0004264074086677283,-0.28900694847106934,-0.07369006425142288,0.11890973150730133,-0.06449836492538452,-1.7553261518478394,-0.0018330563325434923,-1.0502252578735352,1.560865044593811,0.1561717391014099,-0.660862386226654,0.34727057814598083
0.030190983787178993,-0.19590356945991516,-6.535043939948082e-05,-0.18764597177505493,0.01904609240591526,-0.42461591958999634,0.05672072991728783,-1.4751367568969727,0.0003299103700555861,-1.0460467338562012,1.5781521797180176,-0.25019723176956177,-0.4535036087036133,0.3094562590122223
0.036062464118003845,-0.13398073613643646,-5.2933854021830484e-05,-0.17450295388698578,0.04853034019470215,-0.426220566034317,0.05358392000198364,-1.4744787216186523,0.002410075394436717,-1.050830364227295,1.578972339630127,-0.20988303422927856,-0.48082059621810913,0.2878391444683075
0.061113327741622925,-0.08716432750225067,-4.2876421503024176e-05,-0.038351673632860184,0.0326010063290596,-0.5797713994979858,0.043194543570280075,-1.3943676948547363,0.0015843156725168228,-1.0502433776855469,1.5770858526229858,-0.15409523248672485,-0.4764716625213623,0.30181166529655457
0.09362805634737015,-0.059158410876989365,-3.472990283626132e-05,0.14707623422145844,0.00223172246478498,-0.8207380771636963,0.027973957359790802,-1.4394288063049316,0.0016502676298841834,-1.0493953227996826,1.5726637840270996,-0.09727630019187927,-0.5111117362976074,0.30247315764427185
0.05813533812761307,-0.016485339030623436,-2.813122046063654e-05,0.15381017327308655,0.004185511730611324,-0.8505840301513672,0.02517094276845455,-1.3945900201797485,0.0008233909611590207,-1.0489734411239624,1.5733481645584106,-0.05332076922059059,-0.57375168800354,0.2627827227115631
-0.03212560713291168,0.015811465680599213,-2.2786289264331572e-05,-0.10888347774744034,-0.005685475189238787,-0.4387381076812744,0.01683059334754944,-1.4008629322052002,0.0010868192184716463,-1.048707365989685,1.571276307106018,-0.009577224031090736,-0.5639203786849976,0.2981593906879425
-0.04216929152607918,0.03316257894039154,0.0007497819024138153,0.15206515789031982,-0.04690302535891533,-0.6965084075927734,-0.01358744315803051,-1.3907079696655273,0.002090797759592533,-1.0475977659225464,1.5626033544540405,0.06116544082760811,-0.6578161120414734,0.329926073551178
-0.07912974804639816,0.018048804253339767,0.0006072807591408491,0.15989577770233154,-0.04501824826002121,-0.7824016809463501,-0.02042296528816223,-1.371985912322998,0.0032713727559894323,-1.041703462600708,1.5606242418289185,0.05706481263041496,-0.6708049774169922,0.3403233289718628
-0.0933556780219078,0.003019588068127632,0.0006127271335572004,0.19179420173168182,-0.03767856955528259,-0.7977748513221741,-0.017775116488337517,-1.3962597846984863,0.0028536058962345123,-1.0427216291427612,1.562124490737915,0.038267940282821655,-0.7169373035430908,0.30407482385635376
-0.15398460626602173,0.002079977886751294,0.0004963090177625418,-0.035549867898225784,-0.02400418370962143,-0.4236689507961273,-0.0083610313013196,-1.51436185836792,0.0014628780772909522,-1.0448590517044067,1.5659860372543335,0.02125813439488411,-0.7292386293411255,0.3402236998081207
-0.1810123324394226,0.01657630316913128,0.0004020130727440119,-0.13071055710315704,0.004036948550492525,-0.3514474332332611,0.0007292695809155703,-1.566314935684204,0.0018036994151771069,-1.0452815294265747,1.5691828727722168,0.013835798017680645,-0.7219271063804626,0.3513781726360321
-0.1784035861492157,0.017129307612776756,0.0003256305935792625,-0.17145054042339325,3.451207930993405e-06,-0.27578699588775635,-0.0008612099336460233,-1.5692821741104126,0.0013303749728947878,-1.0456427335739136,1.5691808462142944,0.0156023558229208,-0.7288548946380615,0.322300523519516
0.01618204452097416,-0.053905121982097626,-0.00039610377280041575,-0.30011722445487976,-0.026043685153126717,-0.18717604875564575,-0.033451031893491745,-1.5950592756271362,0.0009059610893018544,-1.0510892868041992,1.566244125366211,-0.018775178119540215,-0.5042877197265625,0.3028406500816345
0.04520693048834801,-0.0361238457262516,-0.00032084406120702624,-0.24183543026447296,-0.004784256685525179,-0.2906382083892822,0.008900400251150131,-1.6003479957580566,0.0006344722351059318,-1.050041913986206,1.571282982826233,-0.03496954217553139,-0.4804688096046448,0.29070723056793213
0.06446294486522675,-0.004908453207463026,-0.00025987601839005947,-0.2592623233795166,0.019298190250992775,-0.1418267786502838,0.0350642167031765,-1.6062507629394531,0.0011352266883477569,-1.0495367050170898,1.575048804283142,-0.03554713726043701,-0.470462828874588,0.30303215980529785
-0.18464641273021698,-0.08594455569982529,1.7387295883963816e-05,-0.2945699095726013,-0.00975935347378254,-0.2380966991186142,0.00997207872569561,-1.4495686292648315,-0.0006983506609685719,-1.0492157936096191,1.5712765455245972,-0.06648696213960648,-0.6492829322814941,0.35886263847351074
-0.16762447357177734,-0.11694611608982086,1.4083709174883552e-05,-0.4249069392681122,-0.007182902656495571,-0.12068828195333481,0.007605420891195536,-1.562565803527832,-0.0005070956540293992,-1.0489108562469482,1.5712202787399292,-0.10153419524431229,-0.610863208770752,0.2889319956302643
-0.14100368320941925,-0.1383153647184372,1.1407804777263664e-05,-0.5727522969245911,-0.0046279518865048885,0.14463719725608826,0.02578151971101761,-1.624741792678833,-0.0008666571811772883,-1.0486676692962646,1.572799563407898,-0.13260343670845032,-0.5718763470649719,0.25770094990730286
-0.012276331894099712,-0.11626404523849487,6.062575266696513e-06,-0.3532426357269287,-0.003313482739031315,-0.06842361390590668,0.08109617978334427,-1.4748538732528687,-0.000892318261321634,-1.0495333671569824,1.578459620475769,-0.15826819837093353,-0.4388517439365387,0.33332622051239014
-0.08180950582027435,-0.05161566659808159,0.00032465645927004516,-0.11226886510848999,0.006091328337788582,-0.5416777729988098,-0.02628137171268463,-1.369361162185669,0.0007640555268153548,-1.0482652187347412,1.569101333618164,-0.03497620299458504,-0.5737507939338684,0.338127464056015
-0.10372259467840195,-0.06860923767089844,0.0002629717346280813,-0.248325914144516,-0.004710633773356676,-0.3794936239719391,-0.022536106407642365,-1.446290373802185,-7.055029709590599e-05,-1.0480831861495972,1.5688931941986084,-0.048257458955049515,-0.5836140513420105,0.2826645076274872
-0.12730582058429718,-0.07408510148525238,0.0002130073116859421,-0.4544735550880432,-0.0002659967285580933,0.045092180371284485,-0.007767212577164173,-1.5649511814117432,-0.00013448967365548015,-1.047935128211975,1.5703766345977783,-0.06326255202293396,-0.5524997711181641,0.2970525920391083
-0.0065867481753230095,0.39544299244880676,-6.287603173404932e-05,0.1598682999610901,-0.0011931171175092459,-0.6125237345695496,-0.0044311704114079475,-1.6244958639144897,0.0016309941420331597,-1.0489451885223389,1.5665658712387085,0.3998156189918518,-0.7150803208351135,0.33533746004104614
-0.026817182078957558,0.4009007215499878,-5.092958235763945e-05,0.0927002802491188,0.0034247133880853653,-0.7013895511627197,0.0021166768856346607,-1.5084724426269531,0.0004790261446032673,-1.048520803451538,1.569333791732788,0.39651307463645935,-0.6948067545890808,0.3047603666782379
-0.050405628979206085,0.3952081799507141,-4.125296254642308e-05,-0.015056819655001163,-0.00703940587118268,-0.6186466217041016,-0.0020261930767446756,-1.4641224145889282,0.0008117034449242055,-1.0488967895507812,1.568023681640625,0.39976727962493896,-0.652055561542511,0.2854033410549164
-0.05806079879403114,0.37262195348739624,-3.341490082675591e-05,-0.076539546251297,-0.0305449478328228,-0.6537047624588013,-0.004579754546284676,-1.4188344478607178,0.00014603543968405575,-1.0472807884216309,1.5665876865386963,0.3959391117095947,-0.6221868395805359,0.27501019835472107
-0.04108413681387901,0.36493703722953796,-2.7066069378633983e-05,-0.14891928434371948,-0.017420494928956032,-0.6025866270065308,-0.004051653202623129,-1.4982013702392578,0.0006177445175126195,-1.0492792129516602,1.567588448524475,0.3812396228313446,-0.6104523539543152,0.2377569079399109
-0.045512594282627106,0.34554412961006165,-2.192351530538872e-05,-0.23084323108196259,-0.026421211659908295,-0.5238082408905029,-0.0036482203286141157,-1.421797275543213,-0.0005697397864423692,-1.0532305240631104,1.5678342580795288,0.3683720529079437,-0.5708497166633606,0.22557449340820312
-0.016980847343802452,0.33826950192451477,-1.7758047761162743e-05,-0.13725781440734863,-0.007722717244178057,-0.7588958740234375,-0.0028041289187967777,-1.3746659755706787,0.0008336417959071696,-1.0515446662902832,1.5687811374664307,0.35092276334762573,-0.5376476049423218,0.21543967723846436
0.03507758677005768,0.3190847337245941,0.0003233920142520219,-0.3317282795906067,-0.004977906588464975,-0.20795562863349915,-0.01114643644541502,-1.6144577264785767,0.0003129402466583997,-1.0488537549972534,1.5686172246932983,0.33198773860931396,-0.4855615794658661,0.2387371063232422
0.06832611560821533,0.3091305196285248,0.0002616920683067292,-0.2921675145626068,-0.0022414636332541704,-0.23308037221431732,-0.004972231574356556,-1.5991302728652954,0.00024259199562948197,-1.0480915307998657,1.5694941282272339,0.3188685178756714,-0.4490872323513031,0.2820187211036682
0.10330057144165039,0.28926002979278564,0.00021197012392804027,-0.3694751262664795,-0.005352315492928028,0.07520076632499695,-0.017871005460619926,-1.6816258430480957,0.000440942618297413,-1.0479247570037842,1.5683139562606812,0.30583885312080383,-0.41583874821662903,0.3053441047668457
0.19048233330249786,0.25226643681526184,0.0001716957922326401,-0.09612900763750076,-0.008744233287870884,-0.23213344812393188,-0.05110064148902893,-1.5741181373596191,0.0014181795995682478,-1.048066258430481,1.5650522708892822,0.2897854149341583,-0.3697364330291748,0.36892426013946533
0.07630512863397598,-0.020143263041973114,6.350922194542363e-05,-0.07824168354272842,0.01851455681025982,-0.2033175528049469,0.037720609456300735,-1.7402780055999756,3.5257085983175784e-05,-1.0462794303894043,1.5730398893356323,-0.054059553891420364,-0.5550061464309692,0.39920249581336975
0.10882110893726349,0.023363111540675163,5.104971569380723e-05,0.026744036003947258,0.034519925713539124,-0.5030679702758789,0.042110562324523926,-1.6715223789215088,0.00016787338245194405,-1.0471433401107788,1.574842095375061,-0.027501588687300682,-0.5595784187316895,0.3319835066795349
0.09547518193721771,0.053093716502189636,4.135027120355517e-05,-0.11963079869747162,0.024234728887677193,-0.4048844873905182,0.03385746851563454,-1.675769567489624,-2.9238444767543115e-05,-1.0481268167495728,1.5739027261734009,0.011531775817275047,-0.5454039573669434,0.29969340562820435
0.12322213500738144,0.16206607222557068,2.1975229174131528e-05,-0.14032185077667236,0.017960907891392708,-0.3854826092720032,0.020470572635531425,-1.7065962553024292,0.00024010984634514898,-1.0475916862487793,1.5729751586914062,0.126530721783638,-0.5010399222373962,0.2638704180717468
0.13166747987270355,0.19109225273132324,1.6224930732278153e-05,-0.1668538600206375,0.005412648897618055,-0.10953815281391144,0.012045430950820446,-1.7412883043289185,-0.00013098394265398383,-1.0492204427719116,1.571691870689392,0.1663893759250641,-0.48842853307724,0.30759280920028687
-0.03290649875998497,0.13230536878108978,-0.00021092848328407854,-0.036363862454891205,-0.027505973353981972,-0.43968287110328674,-0.07255388796329498,-1.6821907758712769,0.0018717995844781399,-1.0472519397735596,1.561728596687317,0.18963094055652618,-0.6500300765037537,0.32713600993156433
-0.030689360573887825,0.0909268781542778,-0.00017085207218769938,-0.04701772704720497,-0.046982333064079285,-0.3807470500469208,-0.06384651362895966,-1.6644281148910522,0.0009704362018965185,-1.047445297241211,1.5615520477294922,0.15516908466815948,-0.6883978843688965,0.30518829822540283
-0.01230102963745594,0.035551272332668304,-0.00013839018356520683,-0.038744352757930756,-0.06103464961051941,-0.39780193567276,-0.058272939175367355,-1.6636825799942017,0.00033267788239754736,-1.0462584495544434,1.561231255531311,0.11243750900030136,-0.6565124988555908,0.3291514813899994
-0.01347376499325037,-0.00654624542221427,-0.000113217334728688,-0.06472563743591309,-0.03998053818941116,-0.5252953767776489,-0.04546615481376648,-1.6947293281555176,0.0005352534353733063,-1.0449256896972656,1.5637096166610718,0.05495484545826912,-0.6582791209220886,0.2984321415424347
-0.09752371907234192,-0.30528682470321655,-2.1183859644224867e-05,-0.6725345849990845,-0.002109444234520197,0.08551359176635742,-0.011191499419510365,-1.5699924230575562,0.000790465681347996,-1.0430999994277954,1.569547176361084,-0.28261491656303406,-0.48068737983703613,0.15981730818748474
-0.07328486442565918,-0.36210551857948303,-1.7161164578283206e-05,-0.6078854203224182,-0.001429214607924223,0.09660068154335022,-0.04925010725855827,-1.4854930639266968,0.0013932958245277405,-1.043871521949768,1.5665403604507446,-0.3177945911884308,-0.4181462526321411,0.21968132257461548
-0.03425999730825424,-0.40662604570388794,-1.3900544217904098e-05,-0.529830276966095,-0.0011022428516298532,0.062001246958971024,-0.043859608471393585,-1.4709968566894531,0.0012015796964988112,-1.0443923473358154,1.5670149326324463,-0.36177903413772583,-0.3864360451698303,0.2853517234325409
-0.006406434811651707,-0.451983779668808,-4.44141223852057e-05,-0.4935402572154999,-0.0010268086334690452,0.059281326830387115,-0.040146585553884506,-1.541521668434143,0.0010454135481268167,-1.0420323610305786,1.5674561262130737,-0.4091033935546875,-0.3787013590335846,0.306433767080307
0.026210881769657135,-0.4812515377998352,-3.597543764044531e-05,-0.38218340277671814,0.0008134247618727386,-0.19570983946323395,-0.006246904842555523,-1.5052738189697266,0.00018109215307049453,-1.042900562286377,1.5704469680786133,-0.4566294550895691,-0.396750271320343,0.29151690006256104
0.02730156108736992,-0.5012924671173096,0.0004733093664981425,-0.4835936427116394,0.007066668476909399,0.013476241379976273,0.024427253752946854,-1.553561806678772,-0.0001888188417069614,-1.0437458753585815,1.5733407735824585,-0.4983478784561157,-0.3948606550693512,0.27005359530448914
0.0686173066496849,-0.5081264972686768,0.00038338059675879776,-0.32542675733566284,0.009792299009859562,-0.23821498453617096,0.06629926711320877,-1.5455422401428223,-0.001230678171850741,-1.0429085493087769,1.5769660472869873,-0.5311042070388794,-0.37897738814353943,0.28609898686408997
0.07881144434213638,-0.5001107454299927,0.000310538278426975,-0.20719434320926666,0.030733829364180565,-0.5617766380310059,0.08071249723434448,-1.4762680530548096,0.00018178235040977597,-1.0432734489440918,1.5795106887817383,-0.5514394044876099,-0.42546042799949646,0.2535136342048645
-0.022304866462945938,-0.49817779660224915,0.0003169981937389821,-0.36725619435310364,0.00509623670950532,-0.15711309015750885,0.024037152528762817,-1.505661964416504,-0.0003817321266978979,-1.0460420846939087,1.5732040405273438,-0.5107139348983765,-0.4774779975414276,0.25260359048843384
-0.1111069992184639,-0.2036224603652954,-0.00023278604203369468,-0.043692804872989655,0.008117282763123512,-0.8183096051216125,0.06153026595711708,-1.4065929651260376,-0.002639041282236576,-1.0441452264785767,1.5795992612838745,-0.2510523796081543,-0.7419257760047913,0.23022249341011047
0.05171319097280502,-0.11944802105426788,-0.0001001678392640315,-0.5691543221473694,-0.0009513019467703998,-0.3586733937263489,-0.01296023465692997,-1.3351019620895386,-0.002167104510590434,-1.043891191482544,1.5710546970367432,-0.12045467644929886,-0.3239814043045044,0.10410996526479721
0.025963716208934784,0.03882493078708649,4.711221845354885e-05,0.2665996849536896,0.022033043205738068,-0.899515688419342,0.016188977286219597,-1.4429734945297241,-0.0024792682379484177,-1.0687685012817383,1.5588939189910889,0.006155543029308319,-0.6691375374794006,0.2426227480173111
-0.00019643845735117793,0.08863458037376404,3.816089883912355e-05,0.3063696324825287,0.01949617639183998,-0.7562569975852966,0.021713601425290108,-1.3935418128967285,-0.0035022918600589037,-1.0653349161148071,1.5645698308944702,0.04431847855448723,-0.6768102049827576,0.33163902163505554
0.1169244647026062,0.34119346737861633,4.624212579074083e-06,0.4496672749519348,-0.005012103356420994,-1.0736594200134277,-0.04006136581301689,-1.3560646772384644,0.0009767095325514674,-1.0448397397994995,1.5643953084945679,0.3667915463447571,-0.6155716776847839,0.28660354018211365
0.1519271433353424,0.32537001371383667,3.745612275452004e-06,0.5337997674942017,-0.0038093440234661102,-1.0080538988113403,-0.036113567650318146,-1.4795621633529663,0.0013126966077834368,-1.0466585159301758,1.5640103816986084,0.3550095558166504,-0.6333914399147034,0.2840833365917206
0.09156965464353561,0.2925646901130676,2.0681122805399355e-06,0.3012208938598633,-0.002061000792309642,-0.9366285800933838,-0.016805527731776237,-1.3989697694778442,0.00032439047936350107,-1.0489342212677002,1.5682597160339355,0.30594155192375183,-0.6172345876693726,0.3121260404586792
0.08923191577196121,0.2994190454483032,1.6751710063545033e-06,0.16684630513191223,0.000606660614721477,-0.9677513837814331,-0.007544288877397776,-1.527424931526184,-0.000979931210167706,-1.0477262735366821,1.571421504020691,0.30040794610977173,-0.6217703223228455,0.2404741644859314
0.21196450293064117,0.25841498374938965,6.467218918260187e-05,-0.32058411836624146,-0.021013915538787842,-0.19504444301128387,0.004917830228805542,-1.6163811683654785,-0.002709428546950221,-1.0481078624725342,1.5720316171646118,0.277946799993515,-0.31016045808792114,0.2651475965976715
0.2693438231945038,0.2314620465040207,5.2384471928235143e-05,-0.04880354553461075,-0.023271623998880386,-0.5659584403038025,0.0017961075063794851,-1.579938292503357,-0.002572775585576892,-1.0466305017471313,1.5713032484054565,0.2544310986995697,-0.30650797486305237,0.2782248258590698
0.2593822777271271,0.2148386538028717,0.00025325067690573633,-0.1643439382314682,-0.011555119417607784,-0.24785402417182922,0.0018644980154931545,-1.7375445365905762,-0.0017075223149731755,-1.0484782457351685,1.5714976787567139,0.2291998714208603,-0.3700909912586212,0.28792569041252136
0.2812744975090027,0.2064545452594757,0.0007638863753527403,-0.006838210858404636,0.004694233648478985,-0.5368512272834778,0.006969399284571409,-1.6842739582061768,-0.0008237786241807044,-1.048230767250061,1.5724431276321411,0.2088642418384552,-0.3563339114189148,0.3050132989883423
0.27576151490211487,0.18316984176635742,0.0006187479593791068,0.06446132063865662,-0.005236073397099972,-0.6182448267936707,0.002841503359377384,-1.653112769126892,-0.00043319788528606296,-1.048034906387329,1.570989727973938,0.194116473197937,-0.41359177231788635,0.27010461688041687
0.26536381244659424,0.17090684175491333,0.0005010769236832857,0.07536149770021439,0.0026437859050929546,-0.44185981154441833,0.00619805371388793,-1.7208136320114136,-0.0007615677313879132,-1.0496035814285278,1.5722657442092896,0.1743323653936386,-0.4267224371433258,0.30576464533805847
0.2225004881620407,0.17375239729881287,0.00040587232797406614,-0.08003034442663193,0.012756897136569023,-0.03522757440805435,0.01636452227830887,-1.7709184885025024,-0.000931843533180654,-1.0493777990341187,1.5738892555236816,0.16385142505168915,-0.42289742827415466,0.38226839900016785
0.10113553702831268,0.24598145484924316,0.0001953250466613099,-0.19085124135017395,0.00798872485756874,-0.18163055181503296,0.014716808684170246,-1.5964939594268799,-0.00034359892015345395,-1.0488210916519165,1.57273268699646,0.2308182418346405,-0.42889121174812317,0.3862476348876953
0.046582113951444626,0.2497936338186264,0.0001582132827024907,-0.36315682530403137,0.0038169336039572954,-0.03977509215474129,0.0004779923474416137,-1.6914952993392944,1.65322362590814e-05,-1.0483094453811646,1.5711472034454346,0.2422172725200653,-0.43784308433532715,0.3309793174266815
0.015727363526821136,0.23655132949352264,0.00012840310228057206,-0.3798542320728302,-0.0029637678526341915,-0.29656773805618286,-0.037859123200178146,-1.6832077503204346,0.000734099477995187,-1.046770691871643,1.567562222480774,0.2521633505821228,-0.4871295988559723,0.25276127457618713
0.07971500605344772,0.029492085799574852,4.4330983655527234e-05,-0.47592470049858093,0.012744621373713017,-0.09551798552274704,0.0050155711360275745,-1.574651837348938,0.0012447870103642344,-1.0488094091415405,1.572048544883728,0.03147803992033005,-0.36737996339797974,0.20785993337631226
0.058776941150426865,0.037693120539188385,3.590809501474723e-05,-0.47689005732536316,0.013981156051158905,-0.09464389830827713,0.05336034297943115,-1.5446516275405884,-0.00010524412209633738,-1.0485175848007202,1.5759671926498413,0.012546996586024761,-0.3373439311981201,0.2542094588279724
0.016004767268896103,0.06041634827852249,2.9085558708175085e-05,-0.5490224957466125,0.015214658342301846,0.06344322115182877,0.10509154945611954,-1.5544648170471191,-0.0015207892283797264,-1.0485984086990356,1.5802072286605835,0.004444035701453686,-0.35373327136039734,0.2546353340148926
0.021991895511746407,0.07715257257223129,0.00029592393548227847,-0.3828725218772888,0.013179357163608074,-0.2554292380809784,0.11306042969226837,-1.5573197603225708,-0.0017414771718904376,-1.0480456352233887,1.5807191133499146,0.012541926465928555,-0.3999563455581665,0.2570107579231262
0.017056789249181747,0.07765870541334152,-7.891280256444588e-05,-0.26957035064697266,0.00541579769924283,-0.42826247215270996,0.08581192791461945,-1.555970549583435,-0.0018330467864871025,-1.0483672618865967,1.5781947374343872,0.028811996802687645,-0.4799192249774933,0.22767521440982819
-0.013915982097387314,0.0896243080496788,-6.391372880898416e-05,-0.283749520778656,0.012902598828077316,-0.26083770394325256,0.0733521431684494,-1.611008882522583,-0.000891023431904614,-1.0482230186462402,1.5773441791534424,0.0440153144299984,-0.5305668711662292,0.24233664572238922
-0.03716455399990082,0.09108513593673706,-5.177012280910276e-05,-0.3095569908618927,0.00830144714564085,-0.025244200602173805,0.04719161614775658,-1.5487124919891357,-0.0005125234019942582,-1.0511754751205444,1.574955940246582,0.059155404567718506,-0.5116377472877502,0.3260827362537384
0.005097102373838425,0.03554287925362587,2.3103666535462253e-05,-0.36066386103630066,0.015121781267225742,-0.09480138123035431,0.04671477898955345,-1.5712885856628418,-0.0018558329902589321,-1.0473206043243408,1.5765794515609741,-0.012538495473563671,-0.4334903657436371,0.32892823219299316
0.01627339981496334,0.055842041969299316,1.8713970348471776e-05,-0.3469892144203186,0.008160269819200039,-0.09912032634019852,0.0132214380428195,-1.5077242851257324,-0.0009125092183239758,-1.0475218296051025,1.5730561017990112,0.027638550847768784,-0.4333774447441101,0.31792739033699036
0.06418291479349136,0.05946633592247963,1.5158316273300443e-05,-0.16779360175132751,-0.005249722860753536,-0.28922438621520996,-0.030496519058942795,-1.5468640327453613,6.965371721889824e-05,-1.0476783514022827,1.5680723190307617,0.06302617490291595,-0.4344303011894226,0.3367094099521637
0.08488819748163223,0.07695325464010239,1.2278235772100743e-05,0.015459386631846428,-0.005844402126967907,-0.617475688457489,-0.0278578270226717,-1.4908843040466309,2.8609836590476334e-05,-1.046614646911621,1.5681580305099487,0.0846954956650734,-0.48808035254478455,0.3254149556159973
0.065536729991436,0.11326315253973007,9.94537094811676e-06,0.05257529392838478,0.011316323652863503,-0.6574186086654663,-0.01722291111946106,-1.4861993789672852,-0.0004675458767451346,-1.0467103719711304,1.57097589969635,0.10300727933645248,-0.5402086973190308,0.28718677163124084
0.039103999733924866,0.13629835844039917,8.055758371483535e-06,0.05432670935988426,0.0028785322792828083,-0.5249036550521851,-0.01708216965198517,-1.449877381324768,-3.641891817096621e-05,-1.046816349029541,1.5697495937347412,0.13059787452220917,-0.5518636703491211,0.32277190685272217
-0.09040354192256927,0.36063793301582336,-7.73376232245937e-05,0.20207607746124268,-0.003927526995539665,-0.8062071800231934,0.061358120292425156,-1.6087208986282349,0.0005768333794549108,-1.04702627658844,1.572534441947937,0.3282734453678131,-0.8327205777168274,0.3111577033996582
-0.14278912544250488,0.09098652005195618,-9.562209743307903e-05,-0.2065715491771698,0.01446953322738409,-0.5182095170021057,0.003835979150608182,-1.575701355934143,0.0019469360122457147,-1.0413877964019775,1.571142554283142,0.09147875756025314,-0.6811304688453674,0.21981939673423767
-0.10232099890708923,0.02354944869875908,-5.952557330601849e-05,-0.10929980129003525,-0.020772062242031097,-0.1837921142578125,-0.0035232657101005316,-1.636262059211731,-0.0003810631751548499,-1.0516525506973267,1.569300889968872,0.04973011836409569,-0.7175211310386658,0.31177419424057007
0.043670278042554855,-0.28248950839042664,-8.089704351732507e-05,-0.15620306134223938,-0.017265817150473595,-0.4490666389465332,-0.06298884749412537,-1.5735381841659546,-0.0010766912018880248,-1.0512324571609497,1.5670090913772583,-0.232730433344841,-0.5482528805732727,0.29364192485809326
0.0863058939576149,-0.29963919520378113,-6.552660488523543e-05,-0.12358689308166504,-0.002284618793055415,-0.596428632736206,-0.05063570663332939,-1.5826808214187622,-7.212544733192772e-05,-1.0499070882797241,1.5681045055389404,-0.2622503340244293,-0.5246623158454895,0.24472762644290924
0.08766866475343704,-0.33193662762641907,-5.47746749361977e-05,-0.39417994022369385,0.009111328050494194,-0.16569209098815918,0.05184134468436241,-1.515441656112671,-0.0007462373469024897,-1.0495506525039673,1.5756993293762207,-0.36007773876190186,-0.34157270193099976,0.2615155875682831
0.06909164041280746,-0.32678651809692383,-4.377998266136274e-05,-0.5484319925308228,0.009369909763336182,0.1487378031015396,0.052028853446245193,-1.6037840843200684,-0.0007585101411677897,-1.048795461654663,1.5757181644439697,-0.3571726083755493,-0.3271835446357727,0.2892778515815735
0.08214385062456131,-0.3124942481517792,-3.537436714395881e-05,-0.5183155536651611,0.0070035578683018684,0.003824056126177311,0.06588171422481537,-1.656531572341919,-0.0009689559228718281,-1.0482856035232544,1.5767475366592407,-0.3491356074810028,-0.3277742564678192,0.27042055130004883
0.09847360849380493,-0.2812824845314026,-2.8653239496634342e-05,-0.5195996761322021,0.007988224737346172,-0.03638602793216705,0.09835723787546158,-1.6139038801193237,-0.0017557539977133274,-1.0480889081954956,1.5792263746261597,-0.3363582193851471,-0.3534640073776245,0.2236374169588089
0.09722840040922165,-0.2350786179304123,-2.3767071979818866e-05,-0.6050487160682678,0.00794832594692707,0.15952247381210327,0.13644671440124512,-1.510522484779358,-0.0026834469754248857,-1.0487698316574097,1.582319736480713,-0.31659993529319763,-0.2764728367328644,0.2539463937282562
0.1266702562570572,-0.13151657581329346,-1.5597539459122345e-05,-0.5424383878707886,0.0033786522690206766,0.06356631219387054,0.12973061203956604,-1.6261943578720093,-0.002211726503446698,-1.048219919204712,1.5819923877716064,-0.2206382304430008,-0.2638179659843445,0.2588282823562622
0.15343216061592102,-0.10553520172834396,-1.2634007362066768e-05,-0.3379543423652649,-0.0007213667267933488,-0.2808403968811035,0.057209525257349014,-1.6402640342712402,-0.0008539708214811981,-1.0478119850158691,1.5758247375488281,-0.157539501786232,-0.3265897333621979,0.24363501369953156
0.017407376319169998,-0.04551604762673378,-5.430999408417847e-06,-0.3816775977611542,-0.011334518902003765,-0.13252460956573486,0.025894947350025177,-1.4951878786087036,-0.001437764149159193,-1.047580361366272,1.5730682611465454,-0.061660751700401306,-0.42989790439605713,0.24202142655849457
-0.10285560041666031,-0.10268750041723251,3.7610413983202307e-06,0.030399329960346222,0.0029346004594117403,-0.4736781418323517,0.030063563957810402,-1.6614115238189697,0.0007120718946680427,-1.04656982421875,1.5711208581924438,-0.1186423972249031,-0.7720065116882324,0.3399917483329773
-0.0866490975022316,-0.09381788969039917,3.0464434530586004e-06,0.07318583130836487,0.01004995871335268,-0.6829694509506226,0.02797992341220379,-1.603940725326538,0.00024625755031593144,-1.0450749397277832,1.5723408460617065,-0.11471208184957504,-0.7702581286430359,0.29429227113723755
-0.06750630587339401,-0.06947935372591019,2.4676191969774663e-06,0.10678832232952118,0.020890939980745316,-0.7798165082931519,0.029108384624123573,-1.5978063344955444,-0.0008525326265953481,-1.0457661151885986,1.5746748447418213,-0.10181423276662827,-0.7743139863014221,0.25094422698020935
-0.054184481501579285,-0.05838292837142944,1.6190050473596784e-06,0.2150304615497589,0.007176483981311321,-0.9497374296188354,0.010536819696426392,-1.515963077545166,0.0013157302746549249,-1.0466712713241577,1.5695403814315796,-0.06606967002153397,-0.7931237816810608,0.23076686263084412
-0.10146524012088776,0.009212941862642765,6.982122613408137e-07,0.056888170540332794,0.011831739917397499,-0.7163922190666199,0.007797052152454853,-1.4128730297088623,0.0001945497206179425,-1.0462803840637207,1.5720775127410889,-0.010339758358895779,-0.7225428223609924,0.26171019673347473
-0.11172480881214142,0.02127801440656185,5.655519430547429e-07,-0.03438405320048332,0.0006900467560626566,-0.5642378330230713,0.0034413961693644524,-1.5271356105804443,0.000403618294512853,-1.0434845685958862,1.5705820322036743,0.010478968732059002,-0.6996847987174988,0.29642486572265625
-0.10580796003341675,0.016957765445113182,4.580970767165127e-07,-0.09771690517663956,-0.02454758808016777,-0.3746163249015808,-0.00022819956939201802,-1.601439118385315,-0.0005176309496164322,-1.045149803161621,1.5688989162445068,0.025133635848760605,-0.7013251781463623,0.2991831302642822
-0.07361770421266556,0.026867669075727463,2.358367964916397e-06,-0.1252412497997284,-0.016065305098891258,-0.0898500382900238,0.0027407563757151365,-1.6099604368209839,-0.00040009914664551616,-1.0469462871551514,1.5698024034500122,0.030084557831287384,-0.6579949259757996,0.3683750629425049
0.041368767619132996,0.12604139745235443,4.475763125810772e-05,0.10716062039136887,0.00885004736483097,-0.36995598673820496,0.05056990683078766,-1.687972068786621,-0.0015482362359762192,-1.049141764640808,1.5772976875305176,0.059279877692461014,-0.6740121245384216,0.36187824606895447
-0.08004401624202728,0.3249659240245819,1.560602140671108e-05,-0.3772546947002411,-0.0637730285525322,-0.08651426434516907,-0.06325726956129074,-1.6413744688034058,-0.0006220304640009999,-1.0458985567092896,1.562551498413086,0.3695601522922516,-0.5822068452835083,0.299515962600708
-0.0731339380145073,0.3223085105419159,1.264087768504396e-05,-0.35777124762535095,-0.05761757865548134,-0.20491886138916016,-0.08886304497718811,-1.6513382196426392,0.0002445304417051375,-1.0461609363555908,1.560624361038208,0.38402259349823,-0.5727941989898682,0.2661183178424835
-0.06065560132265091,0.3061017692089081,1.0239110451948363e-05,-0.3787274658679962,-0.058488547801971436,-0.11417727917432785,-0.1105603277683258,-1.6492973566055298,0.00044282435555942357,-1.0470722913742065,1.5586661100387573,0.38276273012161255,-0.5782510638237,0.2540637254714966
-0.032041486352682114,0.3005234897136688,8.293309292639606e-06,-0.27030816674232483,-0.04656541720032692,-0.3535040616989136,-0.0901535153388977,-1.5635660886764526,0.0004342148604337126,-1.047082781791687,1.560982346534729,0.37086430191993713,-0.5418089628219604,0.2768549919128418
-0.0475548692047596,0.29235562682151794,-0.00019265666196588427,-0.3906039297580719,-0.04522654786705971,-0.11030351370573044,-0.07878367602825165,-1.6598819494247437,-6.65317929815501e-05,-1.0472097396850586,1.562119483947754,0.35340625047683716,-0.5548053979873657,0.25388509035110474
-0.06383534520864487,0.2965754568576813,-0.00016047565441112965,-0.4579886496067047,-0.034189485013484955,-0.0545218400657177,-0.04441620782017708,-1.651271104812622,-0.0005049970932304859,-1.0462546348571777,1.5655497312545776,0.33692243695259094,-0.5313450694084167,0.26305580139160156
-0.0767083615064621,0.289654016494751,-0.00012998527381569147,-0.5664733052253723,-0.02788461372256279,0.13762642443180084,-0.04346787557005882,-1.5528100728988647,-0.00022347879712469876,-1.0465812683105469,1.565920352935791,0.32618552446365356,-0.4855482876300812,0.2600366473197937
-0.02884364128112793,0.2635194659233093,-0.00010528807615628466,-0.3131340742111206,-0.023773852735757828,-0.2967161238193512,-0.05844106897711754,-1.4047706127166748,0.00032104665297083557,-1.0466419458389282,1.5647708177566528,0.3143116235733032,-0.43065696954727173,0.29379886388778687
-0.005480852909386158,0.2506067454814911,-8.527544559910893e-05,-0.3280159533023834,-0.019769273698329926,-0.1133350133895874,-0.04670777916908264,-1.4153037071228027,0.00017409102292731404,-1.0467349290847778,1.565953254699707,0.2939697802066803,-0.4346170723438263,0.3228277266025543
0.14846108853816986,-0.20067951083183289,-5.907616650802083e-05,-0.33343297243118286,-0.0326862670481205,-0.42320260405540466,-0.061511244624853134,-1.3326350450515747,0.0015278954524546862,-1.0491814613342285,1.563009262084961,-0.1367323398590088,-0.2320621758699417,0.2711562216281891
0.13174711167812347,-0.22148852050304413,-4.785169585375115e-05,-0.3707659840583801,-0.023139679804444313,-0.41952455043792725,-0.0475420281291008,-1.2887306213378906,0.0016017614398151636,-1.0487569570541382,1.5649290084838867,-0.16918238997459412,-0.25928518176078796,0.22436469793319702
0.11451732367277145,-0.22465328872203827,-3.863331221509725e-05,-0.44186103343963623,-0.007626928389072418,-0.2587193250656128,-0.019325746223330498,-1.2689061164855957,0.0021905829198658466,-1.0499159097671509,1.5686304569244385,-0.1988416612148285,-0.22296886146068573,0.24326759576797485
0.17112727463245392,-0.21291521191596985,-3.1292980565922335e-05,-0.14873453974723816,0.012340845540165901,-0.6472382545471191,0.010629008524119854,-1.2613097429275513,0.0031765953171998262,-1.0482789278030396,1.57271146774292,-0.22172892093658447,-0.22841191291809082,0.2656215727329254
0.17935992777347565,-0.18643821775913239,-2.5073733922909014e-05,-0.05355323478579521,0.05018959194421768,-0.7358865737915039,0.00878756120800972,-1.3653090000152588,0.005442559719085693,-1.047966718673706,1.5742778778076172,-0.22399820387363434,-0.33034271001815796,0.2518857419490814
0.09974511712789536,-0.1469217985868454,-2.120138560712803e-05,-0.22171750664710999,0.08425772935152054,-0.5743230581283569,0.007467349525541067,-1.352433443069458,0.007057783659547567,-1.0483375787734985,1.5755672454833984,-0.20864245295524597,-0.37451860308647156,0.2338184118270874
0.04370797798037529,-0.1249014139175415,-1.7173122614622116e-05,-0.3539411425590515,0.06882738322019577,-0.44887712597846985,0.00603978056460619,-1.3421598672866821,0.005781063809990883,-1.0475294589996338,1.5748223066329956,-0.18143346905708313,-0.37137117981910706,0.21968451142311096
0.03211742267012596,-0.09219834208488464,-1.3910229426983278e-05,-0.36405131220817566,0.06355984508991241,-0.43821850419044495,0.009398084133863449,-1.295289397239685,0.005448764655739069,-1.0489306449890137,1.574720025062561,-0.15060469508171082,-0.36213791370391846,0.20914418995380402
0.03842518478631973,-0.07184993475675583,-1.1267286026850343e-05,-0.41444486379623413,0.04823293909430504,-0.2078847587108612,0.0005797446938231587,-1.342593789100647,0.004178051371127367,-1.0495977401733398,1.5730499029159546,-0.11589711904525757,-0.3377225995063782,0.24716663360595703
-0.09344395995140076,0.12023753672838211,6.232575628928316e-07,0.43778279423713684,0.006977458018809557,-0.7935516834259033,0.007285112049430609,-1.6637505292892456,-0.0004287380143068731,-1.0473668575286865,1.5729376077651978,0.0935833528637886,-0.9208426475524902,0.34133782982826233
-0.12073540687561035,0.15275979042053223,5.048386242378911e-07,0.45837366580963135,0.006104447413235903,-0.9377396702766418,0.002417610026896,-1.5739855766296387,2.3485265046474524e-05,-1.0480672121047974,1.5713615417480469,0.13414429128170013,-0.9289383292198181,0.29609718918800354
-0.15519440174102783,0.17075678706169128,4.133866866595781e-07,0.4592219293117523,0.00525123905390501,-1.156551718711853,-0.0010020489571616054,-1.473580002784729,0.00041021290235221386,-1.0477548837661743,1.569997787475586,0.16150036454200745,-0.9475597739219666,0.25025641918182373
-0.1671190708875656,0.1742296814918518,3.348432358052378e-07,0.4013516306877136,0.0042525362223386765,-1.1523915529251099,-0.0028476975858211517,-1.5226885080337524,0.0007079146453179419,-1.0476621389389038,1.5690298080444336,0.17374324798583984,-0.9805116057395935,0.19195374846458435
-0.11525283008813858,0.28488612174987793,-3.795291195274331e-05,-0.2717113494873047,-0.03246701508760452,-0.43501341342926025,0.0007708590128459036,-1.4221147298812866,-0.0024582971818745136,-1.048417329788208,1.5700594186782837,0.29707515239715576,-0.6359406113624573,0.2134520709514618
-0.10179741680622101,0.27020105719566345,-3.079422822338529e-05,-0.322333961725235,-0.04465740919113159,-0.3596518635749817,-0.013913426548242569,-1.3701871633529663,-0.0033702028449624777,-1.0483051538467407,1.5678527355194092,0.30333414673805237,-0.5376975536346436,0.2673375606536865
-0.08636629581451416,0.2699902653694153,-2.4943323296611197e-05,-0.3936136066913605,-0.03498730808496475,-0.1752977818250656,-0.007083865813910961,-1.4639803171157837,-0.002773948246613145,-1.0482392311096191,1.5688339471817017,0.29676923155784607,-0.5022315382957458,0.2732566297054291
-0.05932874232530594,0.2599557638168335,-2.1538924556807615e-05,-0.4679601192474365,-0.030210405588150024,0.12599937617778778,-0.018383897840976715,-1.5802212953567505,-0.0018579093739390373,-1.052425742149353,1.5679768323898315,0.28701555728912354,-0.4752195477485657,0.3116047978401184
-0.01156905759125948,0.24991272389888763,0.0001312049280386418,-0.09931127727031708,-0.002306973561644554,-0.38047394156455994,0.04052669554948807,-1.6262894868850708,-0.0009645465761423111,-1.0451407432556152,1.5753016471862793,0.22116130590438843,-0.5781741738319397,0.33636951446533203
-0.007905314676463604,0.25091221928596497,0.00010627599112922326,0.04867792874574661,-0.023373708128929138,-0.6732861399650574,0.02838454768061638,-1.5209733247756958,-0.0013214360224083066,-1.046794056892395,1.5726903676986694,0.24268768727779388,-0.6244547963142395,0.2965107560157776
-0.06218871474266052,0.2515033781528473,0.00019212128245271742,-0.07195650041103363,-0.02885521575808525,-0.5771714448928833,0.020963195711374283,-1.4506735801696777,-0.001080623478628695,-1.0473027229309082,1.5713975429534912,0.2522098124027252,-0.6350889801979065,0.28149327635765076
-0.08532463014125824,0.2597786486148834,0.00026368541875854135,-0.14997786283493042,-0.019508328288793564,-0.4205617606639862,0.01685149408876896,-1.4399638175964355,-0.0006348681636154652,-1.0487425327301025,1.571395993232727,0.25833380222320557,-0.5991783142089844,0.29833611845970154
-0.042017433792352676,0.25216105580329895,0.00021358519734349102,0.0821225643157959,-0.031036920845508575,-0.6881292462348938,0.011205651797354221,-1.4068816900253296,-0.001072700135409832,-1.0482780933380127,1.5700701475143433,0.2628283202648163,-0.60512775182724,0.31827476620674133
-0.0285786222666502,0.23046962916851044,0.00017287980881519616,0.10705957561731339,-0.041304875165224075,-0.5250202417373657,-0.002758061746135354,-1.480857014656067,0.0007177353254519403,-1.048582911491394,1.5659035444259644,0.2582850456237793,-0.6461501717567444,0.33967530727386475
-0.06769078224897385,-0.21421734988689423,-9.278641664423048e-05,-0.1055648922920227,0.01962747983634472,-0.5088493227958679,-0.03663598746061325,-1.4258204698562622,-0.00015499844448640943,-1.042659878730774,1.5702736377716064,-0.18029125034809113,-0.583870530128479,0.3638729155063629
-0.08814672380685806,-0.25473326444625854,-7.515699689975008e-05,-0.27236104011535645,0.030403120443224907,-0.4459819495677948,-0.02656661905348301,-1.4767435789108276,0.0009151928825303912,-1.0499264001846313,1.5713176727294922,-0.2325592339038849,-0.5864697694778442,0.26517453789711
-0.09143360704183578,-0.302996426820755,-5.98413244006224e-05,-0.4787602424621582,0.02412831038236618,-0.1622384488582611,-0.02130877412855625,-1.5644409656524658,0.0007050784770399332,-1.04940927028656,1.571269154548645,-0.2806844115257263,-0.561591386795044,0.21431155502796173
-0.05020030960440636,-0.33604976534843445,-4.847147283726372e-05,-0.45484939217567444,0.023071957752108574,-0.21296797692775726,0.0033689935225993395,-1.584364414215088,0.000375158415408805,-1.0488425493240356,1.5730019807815552,-0.3271442949771881,-0.5149447917938232,0.2047879695892334
-0.04722382873296738,-0.35288453102111816,-3.9261893107322976e-05,-0.5955070853233337,0.024685420095920563,-0.006736213341355324,0.04497954994440079,-1.5055451393127441,-0.0002474872162565589,-1.049668312072754,1.5762488842010498,-0.3676701486110687,-0.4592001736164093,0.20672881603240967
-0.0026709686499089003,-0.354127436876297,-3.1802133889868855e-05,-0.5248470306396484,0.022467607632279396,-0.13483473658561707,0.08996505290269852,-1.4556573629379272,-0.0013994810869917274,-1.0491390228271484,1.5795503854751587,-0.39830899238586426,-0.38346025347709656,0.21496067941188812
0.0009264789987355471,-0.34077927470207214,-2.5759729396668263e-05,-0.7071881294250488,0.022328801453113556,0.18164850771427155,0.1468149572610855,-1.414020299911499,-0.0026675185654312372,-1.0480095148086548,1.5840083360671997,-0.41654282808303833,-0.31677159667015076,0.23599927127361298
-0.03110220842063427,-0.028591066598892212,5.846566637046635e-05,-0.8893365263938904,0.005042568314820528,0.44905614852905273,0.002688173670321703,-1.4249484539031982,-0.0008155354880727828,-1.0462831258773804,1.5705527067184448,-0.047618575394153595,-0.258198082447052,0.23932617902755737
0.015300082974135876,-0.059880562126636505,3.858213403873378e-06,-0.7636113166809082,0.0029828979168087244,0.31800076365470886,0.027598533779382706,-1.5453386306762695,8.655786223243922e-05,-1.0466569662094116,1.5730597972869873,-0.0919596329331398,-0.27342960238456726,0.26339343190193176
0.0010094043100252748,-0.0299701951444149,-0.00018187460955232382,-0.9548534154891968,0.003791587194427848,0.6010760068893433,0.01560291089117527,-1.596750020980835,-0.0003883286553900689,-1.0467538833618164,1.5720728635787964,-0.05488507077097893,-0.25469592213630676,0.20541773736476898
-0.18723064661026,0.3075801432132721,0.00011759194603655487,0.30281007289886475,0.010610097087919712,-0.699951171875,-0.11026445031166077,-1.7384601831436157,-0.000513262755703181,-1.0433459281921387,1.5686413049697876,0.35603418946266174,-0.9930434226989746,0.36046910285949707
-0.18245060741901398,0.30574214458465576,9.524947381578386e-05,0.25921252369880676,0.008844081312417984,-0.8456077575683594,-0.08621038496494293,-1.677994728088379,-0.000891340896487236,-1.0440961122512817,1.5702141523361206,0.34215015172958374,-0.9991371631622314,0.26663902401924133
-0.06535793840885162,0.28310784697532654,5.061947740614414e-05,0.33908504247665405,0.0046140281483531,-0.7932033538818359,-0.047663614153862,-1.6676838397979736,-0.00020245331688784063,-1.045971155166626,1.5697880983352661,0.3105480670928955,-0.9045323729515076,0.2668316960334778
-0.0544227659702301,0.25777482986450195,4.0876708226278424e-05,0.21086254715919495,0.003760569728910923,-0.4604916572570801,-0.04327888414263725,-1.6297725439071655,0.00042361492523923516,-1.0490549802780151,1.568454623222351,0.289946049451828,-0.8202146887779236,0.3359301686286926
-0.15436796844005585,-0.1974792778491974,-1.6586986021138728e-05,-0.29775699973106384,0.009150488302111626,-0.13335365056991577,0.04027409479022026,-1.7847826480865479,0.00016075540042947978,-1.0470004081726074,1.5754939317703247,-0.2423914074897766,-0.6984410285949707,0.37235674262046814
0.0909990593791008,0.19890031218528748,0.00011346870451234281,-0.46365949511528015,-0.006544244941323996,-0.28967368602752686,-0.03605728968977928,-1.3235312700271606,-0.00035905797267332673,-1.048438310623169,1.5675090551376343,0.204051211476326,-0.2852155566215515,0.17824050784111023
0.12282515317201614,0.22965021431446075,9.190964919980615e-05,-0.38839492201805115,-0.009118249639868736,-0.34242725372314453,-0.03930383175611496,-1.3057944774627686,-0.00048667582450434566,-1.0476059913635254,1.566942572593689,0.23804029822349548,-0.24506480991840363,0.24103717505931854
0.11328355967998505,0.25402504205703735,-0.0002862481342162937,-0.5002633333206177,-0.013281061314046383,-0.016972418874502182,-0.04413306713104248,-1.40730619430542,-0.000599664926994592,-1.0484546422958374,1.5663676261901855,0.2692093849182129,-0.2304358184337616,0.2736928462982178
-0.035899367183446884,0.3863791823387146,9.725426934892312e-07,0.031121602281928062,-0.010263795964419842,-0.5241477489471436,0.07211539894342422,-1.616054654121399,0.0002959611010737717,-1.0462589263916016,1.5731990337371826,0.335831880569458,-0.6834011077880859,0.3833673298358917
-0.06978471577167511,0.40830516815185547,7.879593795223627e-07,-0.1781771332025528,-0.02719714306294918,-0.4952358305454254,0.05490551143884659,-1.5977768898010254,-6.935137935215607e-05,-1.0463781356811523,1.5711183547973633,0.3787635266780853,-0.6782468557357788,0.26618286967277527
-0.08426261693239212,0.416038453578949,6.382471156030078e-07,-0.38011056184768677,-0.044279053807258606,-0.29670849442481995,0.037892475724220276,-1.5037022829055786,-0.001855773269198835,-1.0465232133865356,1.5696539878845215,0.40895727276802063,-0.6010639667510986,0.22433197498321533
-0.03701772168278694,0.4089718759059906,5.169801511328842e-07,-0.34735262393951416,-0.04862426221370697,-0.379434198141098,0.007444214541465044,-1.4794114828109741,-0.002235248452052474,-1.0464248657226562,1.5670710802078247,0.4271772801876068,-0.5040411353111267,0.22224989533424377
0.028040990233421326,0.3874147832393646,4.187539275335439e-07,-0.19568417966365814,-0.05912524089217186,-0.5950067639350891,-0.006631762254983187,-1.4469410181045532,-0.0036251808051019907,-1.0470764636993408,1.5657416582107544,0.4272427260875702,-0.499299019575119,0.21213333308696747
0.07625515013933182,0.38088950514793396,3.3919067732313124e-07,-0.0676102489233017,-0.04056069627404213,-0.6825447678565979,-0.0056378599256277084,-1.3977935314178467,-0.002377767814323306,-1.0480629205703735,1.566906213760376,0.4113190174102783,-0.4864121973514557,0.22798866033554077
0.09244264662265778,0.3638876974582672,2.7474445118969015e-07,-0.08471159636974335,-0.04677824676036835,-0.4155728816986084,-0.005417600739747286,-1.4810757637023926,-0.002480721566826105,-1.0479267835617065,1.5667961835861206,0.3972660005092621,-0.46603313088417053,0.2877328097820282
0.050567224621772766,0.2653271555900574,0.0001236226671608165,-0.08779892325401306,0.015909595414996147,-0.5593228340148926,0.047344718128442764,-1.483093023300171,-0.001863849232904613,-1.046539545059204,1.5761659145355225,0.2350749671459198,-0.49046429991722107,0.3166317343711853
0.07638297975063324,0.23253405094146729,0.00010013435530709103,-0.03953259065747261,-0.016250967979431152,-0.6978363394737244,0.03687577322125435,-1.4238876104354858,-0.002874758094549179,-1.051519513130188,1.5735071897506714,0.23150216042995453,-0.509511411190033,0.2555423080921173
0.07648128271102905,0.19142156839370728,-0.0003838121483568102,-0.12217560410499573,-0.040417689830064774,-0.5021817684173584,0.029910080134868622,-1.4669386148452759,-0.003695328254252672,-1.050646185874939,1.5719491243362427,0.2112359255552292,-0.48397597670555115,0.2613696753978729
0.08063104748725891,0.1542188972234726,-0.0007343182223848999,-0.17863783240318298,-0.04437170922756195,-0.27970069646835327,0.023795710876584053,-1.5431604385375977,-0.003790411865338683,-1.0487595796585083,1.5712792873382568,0.18216857314109802,-0.4473952651023865,0.31626713275909424
0.10971839725971222,0.1325315237045288,-0.0005959454574622214,-0.1180470734834671,-0.02348901703953743,-0.34933558106422424,0.02727779932320118,-1.559253454208374,-0.0027183934580534697,-1.0478458404541016,1.572708249092102,0.14769010245800018,-0.44114184379577637,0.34320268034935
0.06727916747331619,0.09903840720653534,-0.0004827158118132502,-0.23892810940742493,-0.02555258572101593,-0.31431272625923157,0.01889495737850666,-1.461889386177063,-0.0024579307064414024,-1.0471488237380981,1.5716534852981567,0.11809054017066956,-0.41973304748535156,0.33328887820243835
0.021620137616991997,0.049205053597688675,-0.0003909998049493879,-0.4201798141002655,-0.03276171162724495,-0.07969590276479721,-0.007894128561019897,-1.5721231698989868,-0.002090500434860587,-1.0474284887313843,1.5686677694320679,0.08722661435604095,-0.40534508228302,0.2957525849342346
-0.0012182930950075388,-0.01725817658007145,-0.00031670983298681676,-0.4125073552131653,-0.03229651227593422,-0.26121214032173157,-0.05370158702135086,-1.6634728908538818,-0.0007171278120949864,-1.0474166870117188,1.5648648738861084,0.04608388990163803,-0.4525682032108307,0.24716220796108246
-0.004597324877977371,-0.37488245964050293,0.0001221094571519643,-0.6144638061523438,0.00629587983712554,-0.09289083629846573,0.0798250138759613,-1.447096586227417,0.0005544045125134289,-1.049094557762146,1.5771828889846802,-0.41107168793678284,-0.35434383153915405,0.15676967799663544
0.028725028038024902,-0.3515571355819702,0.00044002162758260965,-0.5474597811698914,0.010447386652231216,-0.19932228326797485,0.12745295464992523,-1.408770203590393,-0.0005269880057312548,-1.0483723878860474,1.5810658931732178,-0.41969913244247437,-0.33181917667388916,0.18826593458652496
0.04179961979389191,-0.3173702359199524,0.00035641752765513957,-0.5718953609466553,0.01591351069509983,-0.08587710559368134,0.15994976460933685,-1.480472445487976,-0.0011411695741117,-1.0490771532058716,1.5841000080108643,-0.4123116135597229,-0.32324761152267456,0.19383521378040314
0.05231280252337456,-0.26811549067497253,0.00029068192816339433,-0.48813101649284363,0.0185442753136158,-0.28843778371810913,0.19405899941921234,-1.4702590703964233,-0.0019308519549667835,-1.0477081537246704,1.586844563484192,-0.3865770399570465,-0.3384098708629608,0.19968166947364807
-0.0023966121952980757,0.09287071973085403,-7.524131797254086e-05,-0.6001131534576416,0.0036899575497955084,-0.07798728346824646,0.08148476481437683,-1.4302592277526855,-0.001606037258170545,-1.0456147193908691,1.5775524377822876,0.02174229361116886,-0.3314771354198456,0.16694043576717377
0.02429620549082756,0.14050500094890594,-6.094546915846877e-05,-0.4632270634174347,0.001813611015677452,-0.09975162893533707,0.04959925636649132,-1.5115512609481812,-0.0009472256642766297,-1.0458329916000366,1.5748943090438843,0.08446958661079407,-0.351402223110199,0.22763612866401672
0.039636921137571335,0.17073972523212433,-4.936582990922034e-05,-0.42971256375312805,-0.001645152224227786,0.14079439640045166,-0.006031224969774485,-1.4839040040969849,0.00043685693526640534,-1.0467907190322876,1.5699810981750488,0.14664283394813538,-0.3643210828304291,0.31900861859321594
-0.09304321557283401,0.2445758432149887,-1.9643206542241387e-05,-0.3083653151988983,-0.02909957617521286,-0.2576649785041809,-0.14196766912937164,-1.506395697593689,0.002813478698953986,-1.0485488176345825,1.5556926727294922,0.33774134516716003,-0.5405749678611755,0.3121514618396759
-0.08629336953163147,0.24899056553840637,-1.5910996808088385e-05,-0.2872594892978668,-0.014248715713620186,-0.27069103717803955,-0.0967642217874527,-1.586370587348938,0.0024753573816269636,-1.048580527305603,1.5607826709747314,0.30977389216423035,-0.5771810412406921,0.2797284424304962
-0.06470818817615509,0.2685262858867645,-1.2887908269476611e-05,-0.10719605535268784,0.01411247719079256,-0.5367239117622375,-0.058556415140628815,-1.537343144416809,0.0033537305425852537,-1.0486729145050049,1.565761685371399,0.2898988425731659,-0.6181972622871399,0.2696104943752289
-0.05779806151986122,0.2728196382522583,-1.0019387445936445e-05,0.05814323574304581,0.008889605291187763,-0.8752539753913879,-0.048089127987623215,-1.439723014831543,0.0028210768941789865,-1.0467569828033447,1.5664111375808716,0.2905113995075226,-0.6732290387153625,0.24195437133312225
-0.11183958500623703,0.33249181509017944,-5.324713129084557e-06,-0.307420551776886,0.03164472430944443,-0.07245604693889618,-0.028597958385944366,-1.6473103761672974,0.0023698715958744287,-1.049477219581604,1.5696464776992798,0.320705384016037,-0.6412003040313721,0.28790029883384705
-0.030676621943712234,0.33147647976875305,-4.313017598178703e-06,-0.10844007879495621,0.018317287787795067,-0.13233309984207153,-0.05792711302638054,-1.722446084022522,0.0029372931458055973,-1.0490496158599854,1.5661489963531494,0.3400351405143738,-0.6220700740814209,0.3560684025287628
0.005033951252698898,0.3149876594543457,-3.4935442272399087e-06,-0.018203604966402054,-0.006030950229614973,-0.11966937780380249,-0.0839574858546257,-1.7889598608016968,0.003140311222523451,-1.0485337972640991,1.562816858291626,0.34944307804107666,-0.6502258777618408,0.40048933029174805
-0.04088597744703293,0.2066809982061386,-4.344547414802946e-05,0.21009525656700134,-0.0037730401381850243,-0.6874107122421265,-0.03973734751343727,-1.4750967025756836,0.0019316172692924738,-1.048189640045166,1.5654942989349365,0.22142374515533447,-0.7035338878631592,0.33654674887657166
-0.059575777500867844,0.22854050993919373,-3.519083475111984e-05,0.27088412642478943,-0.001698486739769578,-0.8325144052505493,-0.026408057659864426,-1.4297101497650146,0.0006959891179576516,-1.0471205711364746,1.5685338973999023,0.232742577791214,-0.7223409414291382,0.3404667377471924
-0.04511374235153198,0.24140454828739166,-2.8504367946879938e-05,0.33048713207244873,-0.0019520929781720042,-0.7997112274169922,-0.025797713547945023,-1.551500916481018,0.0012832246720790863,-1.047129511833191,1.5672216415405273,0.24939532577991486,-0.7724201083183289,0.3072811961174011
-0.06434964388608932,0.23966805636882782,-2.3088365196599625e-05,0.36823201179504395,-0.0014802482910454273,-0.9073505997657776,-0.02587570808827877,-1.5559507608413696,0.0017220178851857781,-1.0471299886703491,1.5660556554794312,0.25440746545791626,-0.8143230676651001,0.3064439594745636
-0.1028972789645195,0.24599656462669373,-1.8701575754676014e-05,0.306255578994751,-0.0010777403367683291,-0.8845035433769226,-0.01785694994032383,-1.4852813482284546,0.0008821839583106339,-1.047160267829895,1.5682988166809082,0.2512981593608856,-0.8433770537376404,0.2732947766780853
-0.12778104841709137,0.2439289391040802,-1.5126469406823162e-05,0.20046228170394897,-0.0016640439862385392,-0.6050361394882202,-0.019347229972481728,-1.524849772453308,0.0015142415650188923,-1.0475366115570068,1.5668648481369019,0.25549158453941345,-0.8186259269714355,0.31903260946273804
-0.16531965136528015,0.08833633363246918,-6.511330866487697e-06,0.005261219572275877,-0.009291047230362892,-0.5856561660766602,-0.03770015388727188,-1.5326638221740723,0.004167655017226934,-1.044505000114441,1.560303807258606,0.13887035846710205,-0.8090632557868958,0.2982935607433319
-0.1355379968881607,0.03981785476207733,-5.274177965475246e-06,0.13645140826702118,0.0051805018447339535,-0.8907732963562012,-0.026199975982308388,-1.443103551864624,0.0028751136269420385,-1.043710708618164,1.5642142295837402,0.07812487334012985,-0.7722967267036438,0.26803824305534363
-0.10006073117256165,0.005642026662826538,-4.27208442488336e-06,0.20668239891529083,0.014708752743899822,-0.9804699420928955,-0.01170524675399065,-1.4469248056411743,0.00023104948922991753,-1.0477107763290405,1.569637417793274,0.025381464511156082,-0.8067328929901123,0.22040610015392303
-0.12181665748357773,-0.01513028796762228,-3.770412376979948e-06,0.07393649965524673,0.019901277497410774,-0.8797567486763,-0.0012422071304172277,-1.39658784866333,-0.0016872584819793701,-1.049578309059143,1.5735156536102295,-0.010233402252197266,-0.776267409324646,0.2264016717672348
-0.10668572783470154,-0.04862501099705696,-3.0534590678144014e-06,0.05562533810734749,0.005910217761993408,-0.959528386592865,-0.004843219183385372,-1.460513949394226,-0.00066652602981776,-1.0444592237472534,1.5712316036224365,-0.034361839294433594,-0.7542789578437805,0.20299240946769714
-0.16336876153945923,-0.06661836802959442,-1.6461978020743118e-06,-0.5687395930290222,0.034354645758867264,-0.08766791969537735,0.02804461494088173,-1.5435748100280762,0.002132718451321125,-1.04849374294281,1.5744123458862305,-0.09547825902700424,-0.5765473246574402,0.17487286031246185
-0.12227234244346619,-0.043111592531204224,0.00024629008839838207,-0.6199142932891846,0.029595252126455307,0.16161388158798218,0.0740668848156929,-1.5292917490005493,0.000737990194465965,-1.0510247945785522,1.5779893398284912,-0.09511221945285797,-0.5042266249656677,0.2243058830499649
-0.20130319893360138,0.08144060522317886,1.4272327319986289e-08,-0.6193239092826843,-0.0021494938991963863,0.12692499160766602,0.013499005697667599,-1.4513906240463257,0.00030902845901437104,-1.046493649482727,1.5717825889587402,0.08052525669336319,-0.5531026721000671,0.29178839921951294
-0.13768647611141205,0.04752609133720398,1.1560584489700432e-08,-0.5297708511352539,-0.0021393613424152136,-0.1241227462887764,-0.028769558295607567,-1.462654709815979,0.0011377471964806318,-1.0466487407684326,1.568185567855835,0.06983626633882523,-0.49973323941230774,0.24332775175571442
-0.08992204070091248,-0.00187201879452914,-0.0005546821048483253,-0.44436725974082947,-0.01198496948927641,-0.4673873484134674,-0.06706073135137558,-1.4279886484146118,0.000751312414649874,-1.0432056188583374,1.5648057460784912,0.051884621381759644,-0.5163478255271912,0.17790190875530243
-0.011925575323402882,-0.15391749143600464,2.2500043996842578e-05,-0.7047089338302612,0.0018647684482857585,0.049923937767744064,0.023148253560066223,-1.5134767293930054,0.0002005645219469443,-1.0473235845565796,1.572571873664856,-0.15933239459991455,-0.3451756238937378,0.11773958057165146
0.008774392306804657,-0.1752266138792038,1.8306043784832582e-05,-0.49759724736213684,0.0009310264722444117,-0.21214374899864197,0.0022034209687262774,-1.4824777841567993,0.0005149229546077549,-1.0468111038208008,1.5709280967712402,-0.17109084129333496,-0.35685205459594727,0.18567298352718353
-0.010925785638391972,-0.18580429255962372,1.4827895938651636e-05,-0.585673451423645,0.0014131133211776614,0.028640633448958397,0.011165396310389042,-1.5149962902069092,0.0002180920128012076,-1.0467870235443115,1.5716748237609863,-0.1843179166316986,-0.3797152638435364,0.21842288970947266
-0.011272315867245197,-0.20633123815059662,1.2010596037725918e-05,-0.6944605708122253,0.0017671419773250818,0.3858047425746918,-0.003248833119869232,-1.5301779508590698,0.00025275981170125306,-1.0472233295440674,1.5704011917114258,-0.1981467455625534,-0.3313203752040863,0.2701670527458191
-0.12072772532701492,0.2491074502468109,-6.481364835053682e-05,-0.4720533788204193,0.008600114844739437,-0.16084857285022736,-0.03404812887310982,-1.4180052280426025,9.43784398259595e-05,-1.0470446348190308,1.565378189086914,0.25157174468040466,-0.5081590414047241,0.3120056390762329
-0.07878970354795456,0.268411785364151,-0.00015288068971130997,-0.5133693814277649,0.005776610225439072,-0.44817450642585754,-0.03295058757066727,-1.4127633571624756,3.475842095213011e-05,-1.0444159507751465,1.5659534931182861,0.2718935012817383,-0.48752015829086304,0.1750035434961319
-0.13223475217819214,0.24694937467575073,8.552201325073838e-05,-0.2763049602508545,-0.007099442183971405,-0.16148117184638977,-0.033161699771881104,-1.5636873245239258,-0.0022481088526546955,-1.0458256006240845,1.5664864778518677,0.2587299346923828,-0.629179060459137,0.2765134572982788
-0.07134515792131424,0.25907084345817566,6.927303184056655e-05,-0.0885595753788948,-0.005110475234687328,-0.27237576246261597,-0.027882516384124756,-1.5774774551391602,-0.0017888769507408142,-1.0460846424102783,1.5672764778137207,0.270420104265213,-0.6180108189582825,0.3685251772403717
-0.034251920878887177,-0.06064761430025101,0.00029914904735051095,0.07520093023777008,-0.005437365733087063,-0.5617117881774902,-0.05025021731853485,-1.6970398426055908,0.00019595409685280174,-1.047602653503418,1.5669488906860352,-0.011337032541632652,-0.7690866589546204,0.3021495044231415
-0.05022793635725975,-0.09300012141466141,0.00024236569879576564,-0.19625331461429596,0.008723784238100052,-0.1459721177816391,-0.035900067538022995,-1.7542067766189575,0.00011239667219342664,-1.0487490892410278,1.569230318069458,-0.06163467839360237,-0.6995571255683899,0.30714651942253113
-0.06226906552910805,-0.10973256826400757,0.00019631622126325965,-0.32838019728660583,0.01596709154546261,-0.08127588033676147,0.005602626129984856,-1.6750317811965942,-0.0008040348184294999,-1.0484569072723389,1.5732707977294922,-0.101674884557724,-0.5967690348625183,0.3308851420879364
-0.08222717046737671,-0.11142785847187042,0.00015901614096947014,-0.562596321105957,0.017167527228593826,0.23041744530200958,0.06119115650653839,-1.5687952041625977,-0.0021258662454783916,-1.0485477447509766,1.5779590606689453,-0.133677676320076,-0.5122637152671814,0.30772051215171814
-0.0339718796312809,-0.16795659065246582,0.00034140603384003043,-0.7389922738075256,0.011248304508626461,0.3344189524650574,0.012704246677458286,-1.664974331855774,-0.0016168664442375302,-1.0477321147918701,1.5725054740905762,-0.1660478115081787,-0.3781348466873169,0.2626016139984131
-0.05925774201750755,-0.190602108836174,0.00027653889264911413,-0.9745924472808838,0.008191855624318123,0.6231147646903992,0.016270995140075684,-1.580133080482483,-0.0009854943491518497,-1.047641634941101,1.5728110074996948,-0.1901756376028061,-0.3413548469543457,0.19615033268928528
0.03363282233476639,-0.22064638137817383,0.000146963051520288,-0.71405029296875,0.0028704809956252575,0.08262161910533905,0.01910073682665825,-1.6406126022338867,-4.6623645175714046e-05,-1.0481528043746948,1.5730102062225342,-0.22672119736671448,-0.2916586995124817,0.14482896029949188
0.12918484210968018,-0.21168410778045654,9.6433017461095e-05,-0.2824201285839081,0.0014376527396962047,-0.551368772983551,0.04147236421704292,-1.4366708993911743,-0.0006483379402197897,-1.0473002195358276,1.574398398399353,-0.23370450735092163,-0.34588417410850525,0.19612988829612732
0.13440671563148499,-0.2312483787536621,7.811074465280399e-05,-0.2369672954082489,-0.016754498705267906,-0.5274213552474976,0.03095756471157074,-1.4414299726486206,-0.0024793546181172132,-1.0471910238265991,1.5729016065597534,-0.23329049348831177,-0.37363162636756897,0.19678689539432526
0.15109434723854065,-0.23738950490951538,6.5693719079718e-05,-0.19007274508476257,-0.006074722856283188,-0.40465977787971497,0.02608509175479412,-1.4904155731201172,-0.0014270641840994358,-1.0508639812469482,1.5728354454040527,-0.242364302277565,-0.3623156249523163,0.2573707401752472
0.1388445943593979,-0.2529202401638031,-0.00013783469330519438,-0.3305674195289612,-0.010128551162779331,-0.010562353767454624,0.014221063815057278,-1.5923482179641724,-0.0012461894657462835,-1.0499614477157593,1.5715317726135254,-0.25002795457839966,-0.3415217101573944,0.3312346339225769
-0.15719352662563324,0.39001330733299255,-0.00016313535161316395,0.436662882566452,0.002283235779032111,-0.7790029048919678,-0.023583071306347847,-1.7539249658584595,0.0006092633702792227,-1.0439035892486572,1.5684478282928467,0.39193180203437805,-0.9830033183097839,0.342407763004303
-0.21002209186553955,0.39569854736328125,-0.0001321396412095055,0.34180736541748047,0.002159951953217387,-0.784169614315033,-0.02160349301993847,-1.7558844089508057,0.0007726149633526802,-1.0445618629455566,1.5680491924285889,0.40276139974594116,-1.0498113632202148,0.27561524510383606
-0.21124769747257233,0.38665851950645447,-0.00010703310545068234,0.36254146695137024,0.0019079073099419475,-0.7048594951629639,-0.020534126088023186,-1.6808809041976929,0.0010262980358675122,-1.0450589656829834,1.5674798488616943,0.4006379246711731,-1.0409737825393677,0.29203805327415466
0.052240848541259766,-0.27940452098846436,-2.94579458568478e-05,0.2632623612880707,-0.0036311696749180555,-0.8493885397911072,-0.010534227825701237,-1.4918363094329834,-0.001574415946379304,-1.0503753423690796,1.5735379457473755,-0.270478755235672,-0.6695761680603027,0.3081590235233307
0.05601750314235687,-0.2676175534725189,-2.3860937290010042e-05,0.21979065239429474,-0.0011716485023498535,-0.790023922920227,-0.002256124746054411,-1.4965686798095703,-0.002430623397231102,-1.0497807264328003,1.5756093263626099,-0.2708333432674408,-0.6512802243232727,0.28475421667099
0.044998813420534134,-0.2654544711112976,-1.932270242832601e-05,0.09785125404596329,-0.0036860951222479343,-0.4651908576488495,-0.007492313161492348,-1.5974920988082886,-0.001085573574528098,-1.0500644445419312,1.5726851224899292,-0.26137956976890564,-0.6263704299926758,0.32792216539382935
0.11049147695302963,-0.3376089632511139,-6.717021733493311e-06,0.27845266461372375,-0.0013878828613087535,-0.8822294473648071,-0.019760584458708763,-1.4455249309539795,-0.00015956336574163288,-1.0494381189346313,1.569850206375122,-0.31810006499290466,-0.5884062051773071,0.3195848762989044
0.06985492259263992,-0.3396710753440857,-5.440787845145678e-06,0.08358490467071533,0.0020960411056876183,-0.7298938632011414,-0.009432346560060978,-1.4003950357437134,-0.001366042299196124,-1.0490729808807373,1.5727217197418213,-0.3330398201942444,-0.5686550140380859,0.28448015451431274
0.022155582904815674,-0.3250044584274292,-4.514904503594153e-06,-0.16785193979740143,0.020038699731230736,-0.3416591286659241,-0.0023649060167372227,-1.3621084690093994,-0.0013072773581370711,-1.0510473251342773,1.5748016834259033,-0.33586159348487854,-0.48354658484458923,0.3273026943206787
-0.022951185703277588,-0.15234453976154327,-0.0002841325767803937,0.12779466807842255,-0.003325653960928321,-0.8043537139892578,0.02222326397895813,-1.4956110715866089,-0.0012429443886503577,-1.0477429628372192,1.57425057888031,-0.16557447612285614,-0.662324845790863,0.32000473141670227
0.09681657701730728,0.18550728261470795,6.228981510503218e-05,-0.08808181434869766,0.026330353692173958,-0.3891110420227051,0.006949837319552898,-1.629193902015686,-0.00044928878196515143,-1.0433857440948486,1.5742511749267578,0.15217219293117523,-0.5477780699729919,0.252677857875824
0.127349391579628,0.21816354990005493,5.045474972575903e-05,-0.018683884292840958,0.013999199494719505,-0.22506152093410492,0.002304477384313941,-1.537592887878418,-0.0004948604619130492,-1.0433043241500854,1.5728187561035156,0.19121745228767395,-0.4667936861515045,0.37793099880218506
-0.02924085035920143,0.11016634106636047,6.225016113603488e-05,0.16413520276546478,-0.006831816863268614,-0.6336805820465088,-0.07132432609796524,-1.6627503633499146,0.00010827855294337496,-1.0452505350112915,1.5667846202850342,0.17071960866451263,-0.7237295508384705,0.38051873445510864
-0.0277219507843256,0.04326830804347992,5.042263001087122e-05,0.2027570605278015,-0.010090089403092861,-0.9484640955924988,-0.06497171521186829,-1.5381320714950562,0.0013568730792030692,-1.0462194681167603,1.5648521184921265,0.11151379346847534,-0.7688106894493103,0.25289762020111084
-0.08232064545154572,-0.07929118722677231,-0.00018626038217917085,-0.3259374797344208,0.03711574897170067,-0.2649577260017395,-0.021481210365891457,-1.568481683731079,0.0019198439549654722,-1.0466949939727783,1.5712345838546753,-0.06710723042488098,-0.6031160354614258,0.26635098457336426
-0.05711614713072777,-0.11830329149961472,-0.000150870910147205,-0.3331564962863922,0.027129657566547394,-0.3942612111568451,-0.021443378180265427,-1.626516342163086,0.0014176458353176713,-1.0455307960510254,1.5706984996795654,-0.10393743216991425,-0.5709935426712036,0.23377825319766998
-0.010539183393120766,-0.2287723422050476,-6.314271013252437e-05,-0.6164137125015259,0.023664336651563644,0.0723436027765274,0.021994618698954582,-1.5259549617767334,0.0011768110562115908,-1.0455727577209473,1.5735563039779663,-0.23706220090389252,-0.4176746904850006,0.19483037292957306
0.02143951691687107,-0.22573226690292358,-5.114559462526813e-05,-0.5678266882896423,0.018987219780683517,0.1125670075416565,0.06449250131845474,-1.5004585981369019,-1.1325299965392333e-05,-1.045914649963379,1.5769404172897339,-0.2590470612049103,-0.3313831686973572,0.2591204047203064
0.06237955763936043,-0.23490531742572784,-4.086071203346364e-05,-0.4844854772090912,0.015293329954147339,0.047646164894104004,0.05907812342047691,-1.5100065469741821,-0.0001332768442807719,-1.045722246170044,1.5763585567474365,-0.26722097396850586,-0.314971923828125,0.3083336055278778
0.10141825675964355,-0.23479127883911133,-3.3097177947638556e-05,-0.33803173899650574,0.013645630329847336,-0.1428709477186203,0.06641566008329391,-1.4320486783981323,-0.0006720101227983832,-1.0475809574127197,1.5771336555480957,-0.27209946513175964,-0.3048558831214905,0.3295521140098572
0.10254556685686111,-0.07833594083786011,-1.3573117939813528e-05,-0.11022794246673584,0.06107744574546814,-0.5083078145980835,0.1431710571050644,-1.5756566524505615,-0.001815686235204339,-1.0520939826965332,1.5878931283950806,-0.195514976978302,-0.4837260842323303,0.296004056930542
0.12305862456560135,0.049940671771764755,0.0005599070573225617,-0.01575618050992489,0.062093768268823624,-0.526719868183136,0.09333528578281403,-1.5748401880264282,0.0004540022637229413,-1.0508025884628296,1.5824679136276245,-0.057285111397504807,-0.49541354179382324,0.28554296493530273
0.12477288395166397,0.08926677703857422,0.0004535253974609077,0.0065482184290885925,0.029286984354257584,-0.3339138925075531,0.06976255029439926,-1.5622211694717407,0.0002939528785645962,-1.0500754117965698,1.5780048370361328,0.01474512554705143,-0.49249181151390076,0.34074413776397705
0.00865247379988432,-0.1208416074514389,-0.00020328574464656413,-0.526314914226532,0.0048024277202785015,0.24306072294712067,0.047451235353946686,-1.7306759357452393,0.0008725524530746043,-1.0450917482376099,1.5714935064315796,-0.14210622012615204,-0.4595849812030792,0.3288136124610901
0.06190633773803711,-0.10408646613359451,-6.156508607091382e-05,-0.3756018280982971,0.0028762593865394592,-0.18872718513011932,0.06281248480081558,-1.7114192247390747,0.0006261647795327008,-1.045486569404602,1.57331383228302,-0.1374695897102356,-0.4457656741142273,0.2666913568973541
0.05308576300740242,0.21494626998901367,-1.749808870954439e-05,-0.6471842527389526,0.02089766040444374,-0.08759777247905731,0.02848155051469803,-1.4851409196853638,0.002799439011141658,-1.04753577709198,1.572834849357605,0.15439355373382568,-0.30140766501426697,0.11686321347951889
0.07856196910142899,0.27256670594215393,-1.4173452655086294e-05,-0.573237955570221,0.015622841194272041,-0.12516817450523376,0.004137199372053146,-1.5402441024780273,0.0026068976148962975,-1.0469261407852173,1.5709493160247803,0.22721070051193237,-0.3044884502887726,0.1662093847990036
-0.08683332800865173,0.28712326288223267,-7.902596053099842e-07,-0.734102189540863,-0.004599388223141432,0.3076682984828949,-0.010893573053181171,-1.6605631113052368,-0.0008891745237633586,-1.0455321073532104,1.5697827339172363,0.3000383675098419,-0.47078949213027954,0.20414824783802032
-0.07035715878009796,0.28440147638320923,-6.401102723430085e-07,-0.5781821608543396,-0.004656888544559479,0.0010902963113039732,0.009425817057490349,-1.6057548522949219,-0.000789324869401753,-1.045876145362854,1.5714703798294067,0.2876434028148651,-0.44511809945106506,0.20897911489009857
-0.08266165852546692,0.2711896002292633,-5.184893439036387e-07,-0.5925317406654358,-0.0039783441461622715,0.13180115818977356,-0.003726843511685729,-1.6069159507751465,-0.0003912409592885524,-1.0462158918380737,1.5704419612884521,0.2786990702152252,-0.4700388014316559,0.223838210105896
-0.1422409564256668,0.051048364490270615,-3.23262283927761e-05,-0.2759678363800049,0.020670240744948387,-0.21733057498931885,0.02250499092042446,-1.5070303678512573,0.0002540268760640174,-1.047871470451355,1.5729645490646362,0.031225472688674927,-0.6250284910202026,0.363018661737442
-0.12945108115673065,0.03369103744626045,-2.61842469626572e-05,-0.3206510543823242,0.008516412228345871,-0.2750343680381775,0.0010855222353711724,-1.5606789588928223,0.0001780467136995867,-1.0478708744049072,1.5704911947250366,0.030891353264451027,-0.614028811454773,0.28522029519081116
-0.1402195394039154,0.028223702684044838,-2.1209240003372543e-05,-0.48506972193717957,0.008276263251900673,-0.1816626638174057,0.00605293782427907,-1.4958128929138184,0.00012348078598733991,-1.0467164516448975,1.5710511207580566,0.02526191994547844,-0.5793027877807617,0.2407911717891693
-0.1502768099308014,0.04040772095322609,-1.7315409422735684e-05,-0.7188443541526794,0.009677235037088394,0.12500210106372833,0.03927961364388466,-1.4356032609939575,-0.0005351662985049188,-1.0469926595687866,1.5738974809646606,0.01841125451028347,-0.4822372794151306,0.2051251232624054
-0.15277592837810516,0.040385227650403976,-1.4025481505086645e-05,-0.9356875419616699,0.008158717304468155,0.48556196689605713,0.03366060182452202,-1.377474308013916,-0.000615290948189795,-1.0470443964004517,1.5733356475830078,0.018613727763295174,-0.36634811758995056,0.21092861890792847
-0.014320911839604378,0.03319874778389931,-7.45371607990819e-06,-0.5726832747459412,0.005987931042909622,-0.32319894433021545,0.05340704321861267,-1.3736934661865234,-0.0013211531331762671,-1.046699047088623,1.5748703479766846,0.004582866095006466,-0.33512887358665466,0.16336382925510406
-0.008636443875730038,-0.02028779126703739,4.860172339249402e-05,-0.8298566937446594,0.0016696597449481487,0.351349413394928,0.07953669875860214,-1.5803200006484985,-0.001115247025154531,-1.0473220348358154,1.5767878293991089,-0.059513770043849945,-0.32097211480140686,0.11983735114336014
0.002817645901814103,-0.01234167255461216,3.9367394492728636e-05,-0.6730527281761169,0.0013812349643558264,0.2206009477376938,0.06434424221515656,-1.5592120885849,-0.0009148935787379742,-1.0472971200942993,1.5756330490112305,-0.048862311989068985,-0.2952405512332916,0.22759288549423218
0.00867077149450779,-0.021550046280026436,3.188807750120759e-05,-0.6450713276863098,0.0033515316899865866,0.438132107257843,0.027100924402475357,-1.648461103439331,-0.0010037680622190237,-1.0472667217254639,1.572413444519043,-0.035988226532936096,-0.3345373570919037,0.28547412157058716
-0.018790872767567635,-0.04969042167067528,1.6946631149039604e-05,-0.24651996791362762,0.00010780287266243249,-0.2586503028869629,-0.02845752239227295,-1.545727014541626,0.0003496534191071987,-1.0471354722976685,1.5675848722457886,-0.03296789899468422,-0.48044371604919434,0.34465932846069336
-0.06335266679525375,-0.061201952397823334,1.3726771612709854e-05,-0.46674492955207825,-0.001729681622236967,0.12715190649032593,-0.021818682551383972,-1.656673789024353,0.0001224822917720303,-1.0471662282943726,1.5681642293930054,-0.044180914759635925,-0.5201829671859741,0.30412954092025757
-0.027252165600657463,-0.054570600390434265,1.1118684597022366e-05,-0.2840787470340729,0.0003983415081165731,-0.234824076294899,0.01596647873520851,-1.601418137550354,-0.000667969579808414,-1.0450628995895386,1.571721076965332,-0.057260606437921524,-0.5114506483078003,0.3076886236667633
-0.0433725006878376,-0.059844084084033966,9.006134860101156e-06,-0.47669553756713867,0.0015255843754857779,0.06198777258396149,0.011454073712229729,-1.690245509147644,-0.0004090927541255951,-1.045407772064209,1.5715112686157227,-0.0632622167468071,-0.5220514535903931,0.28481772541999817
-0.04667307436466217,-0.08311807364225388,7.294968781934585e-06,-0.5669259428977966,0.0016465851804241538,0.19305424392223358,-0.025205517187714577,-1.7058942317962646,0.00025068569811992347,-1.0458027124404907,1.5685830116271973,-0.06799458712339401,-0.4799537658691406,0.2693658769130707
-0.010684986598789692,-0.12093648314476013,5.908924777031643e-06,-0.4006653428077698,0.0019671039190143347,-0.10164470970630646,-0.06451921910047531,-1.749515175819397,0.000812540587503463,-1.046090841293335,1.5654844045639038,-0.08351646363735199,-0.5026048421859741,0.2533101737499237
-0.035789575427770615,-0.17425863444805145,4.967418590240413e-06,-0.5208066701889038,-0.0020558605901896954,0.17754490673542023,-0.11063669621944427,-1.7838391065597534,0.0018397812964394689,-1.0475311279296875,1.5615241527557373,-0.11330346763134003,-0.5360639691352844,0.25413596630096436
-0.03323943912982941,-0.21370013058185577,4.02868090532138e-06,-0.5258491635322571,-0.0017151187639683485,0.31178995966911316,-0.09225860983133316,-1.6961652040481567,0.0015778824454173446,-1.0474711656570435,1.5631098747253418,-0.15332090854644775,-0.4776288866996765,0.3030579388141632
0.0532224178314209,-0.3289984464645386,1.7893328276841203e-06,-0.19063808023929596,0.0025836476124823093,-0.07382895797491074,0.005611688829958439,-1.6463229656219482,1.6426766933363979e-06,-1.047680377960205,1.5722005367279053,-0.3205786943435669,-0.4873225688934326,0.3799748718738556
-0.24011677503585815,0.10308767855167389,3.174224616486754e-08,-0.2157128006219864,0.000739907962270081,-0.22939805686473846,-0.02166147716343403,-1.696056842803955,-0.0007123360992409289,-1.044681191444397,1.5716772079467773,0.10439514368772507,-0.8638739585876465,0.3363327085971832
-0.24231356382369995,0.11032190918922424,2.5711218043511508e-08,-0.5078092813491821,-0.0035010394640266895,0.07097025960683823,-0.03275204449892044,-1.5696754455566406,-0.00032475529587827623,-1.0453758239746094,1.5699514150619507,0.11968536674976349,-0.7281163334846497,0.2889576852321625
-0.19129198789596558,0.10148186981678009,2.082608752118631e-08,-0.6426095366477966,-0.0020273274276405573,0.2513910233974457,-0.06557323783636093,-1.5656818151474,0.0003783385327551514,-1.0457431077957153,1.566736102104187,0.13116253912448883,-0.5736098289489746,0.28519338369369507
-0.13802692294120789,0.07993976026773453,1.6869130092800333e-08,-0.7809370756149292,0.001693952246569097,0.5136858224868774,-0.08432229608297348,-1.657392144203186,-0.0003260567900724709,-1.0465260744094849,1.5644780397415161,0.1268128603696823,-0.4856222867965698,0.27435290813446045
-0.11817438155412674,0.04561813175678253,1.366399526858686e-08,-0.823317289352417,0.003440891159698367,0.371595561504364,-0.08067453652620316,-1.5385255813598633,-0.0011315573938190937,-1.0467596054077148,1.5642590522766113,0.10027050226926804,-0.4153624176979065,0.24395045638084412
-0.08787425607442856,0.02147957868874073,4.675658527020232e-09,-0.8903030753135681,0.0014665471389889717,0.292225182056427,-0.05358635261654854,-1.4798531532287598,-0.0006287053693085909,-1.0469001531600952,1.5667648315429688,0.0630892813205719,-0.3571314215660095,0.1704181730747223
-0.027826281264424324,-0.012536812573671341,3.787283375800143e-09,-0.7647968530654907,0.00131960678845644,-0.1001427173614502,-0.05308077111840248,-1.482624888420105,-0.00036824605194851756,-1.046977162361145,1.566755771636963,0.029631229117512703,-0.34744298458099365,0.09216383844614029
0.10618013143539429,-0.19393211603164673,2.427493382128887e-05,-0.6725007891654968,0.02335880696773529,0.06039677560329437,0.006219923961907625,-1.5275609493255615,0.0033743183594197035,-1.0473917722702026,1.5723406076431274,-0.21510712802410126,-0.2593408524990082,0.1459118127822876
0.1092824712395668,-0.17915122210979462,1.966269701370038e-05,-0.6704424023628235,0.01867595687508583,0.21550558507442474,0.01640263758599758,-1.5399044752120972,0.0025871656835079193,-1.045636773109436,1.5729501247406006,-0.20230239629745483,-0.21482300758361816,0.22087951004505157
0.14004504680633545,-0.14691811800003052,1.5956420611473732e-05,-0.5559982061386108,0.013457288965582848,0.10756253451108932,0.04586783051490784,-1.6289490461349487,0.0018696502083912492,-1.0458860397338867,1.5753726959228516,-0.18555617332458496,-0.23300433158874512,0.2611890733242035
0.13680759072303772,-0.12592840194702148,1.2924700968142133e-05,-0.5820124745368958,0.01088887732475996,0.12208245694637299,0.039009030908346176,-1.537697672843933,0.001482383580878377,-1.0461065769195557,1.574645757675171,-0.161127969622612,-0.23881113529205322,0.270458459854126
0.17446354031562805,-0.12329711019992828,1.0469007975189015e-05,-0.3885408341884613,0.007615960668772459,-0.22738449275493622,-0.004496025387197733,-1.5161967277526855,0.0019810989033430815,-1.0463383197784424,1.5708208084106445,-0.13664120435714722,-0.23443584144115448,0.2604456841945648
0.1789800077676773,-0.10908535867929459,8.479895768687129e-06,-0.36185529828071594,0.00602381955832243,-0.16980242729187012,-0.004977760370820761,-1.5481277704238892,0.0016190438764169812,-1.0468499660491943,1.5706926584243774,-0.1174410805106163,-0.2754717767238617,0.26028749346733093
0.20263372361660004,-0.07641662657260895,7.006490250205388e-06,-0.2431720346212387,0.01178774330765009,-0.18719442188739777,0.020683422684669495,-1.5718059539794922,0.0009526656940579414,-1.0468248128890991,1.5733190774917603,-0.1017855703830719,-0.28340041637420654,0.3086157441139221
0.016211628913879395,-0.16900257766246796,1.9716929955393425e-07,0.5922961235046387,0.005640601273626089,-0.959331214427948,-0.03267017751932144,-1.6342813968658447,0.0006584079237654805,-1.0476267337799072,1.5675716400146484,-0.13469703495502472,-0.880995512008667,0.25411465764045715
-0.035984743386507034,-0.19708625972270966,1.5970712752277905e-07,0.3187659680843353,0.0040778061375021935,-0.8402904272079468,-0.02315433695912361,-1.5576072931289673,0.0001911941944854334,-1.047536849975586,1.5693604946136475,-0.17422904074192047,-0.8262121081352234,0.29837343096733093
-0.07527100294828415,-0.20996877551078796,2.1498857449842035e-07,0.1000455841422081,0.0052482266910374165,-0.870290994644165,-0.01347452774643898,-1.4713149070739746,-0.0008162821177393198,-1.0462762117385864,1.571799874305725,-0.19830460846424103,-0.7598752975463867,0.2676961421966553
-0.10522856563329697,-0.2429303675889969,1.5466286640730686e-05,-0.20664241909980774,0.029355034232139587,-0.16520388424396515,0.00387936201877892,-1.5898945331573486,0.0013153157196938992,-1.0432831048965454,1.5721112489700317,-0.2586662471294403,-0.6713094711303711,0.32052499055862427
-0.0690905898809433,-0.11664401739835739,-0.00016258604591712356,-0.3977222144603729,0.0026665572077035904,0.11787094920873642,-0.05308734253048897,-1.7207014560699463,0.0009204259840771556,-1.0460524559020996,1.5658416748046875,-0.09948967397212982,-0.5675422549247742,0.34887975454330444
-0.04854624718427658,-0.1390760987997055,-0.00013169468729756773,-0.22771373391151428,-0.0015785288996994495,-0.3091493844985962,-0.08841607719659805,-1.6175788640975952,0.0017010396113619208,-1.0463390350341797,1.5625636577606201,-0.09661821275949478,-0.5717364549636841,0.3072759807109833
-0.05433810502290726,-0.15104655921459198,-0.00014950406330171973,-0.2770138382911682,-0.006264990661293268,-0.22927846014499664,-0.07525943964719772,-1.5535187721252441,0.001168875372968614,-1.046722650527954,1.5635685920715332,-0.10723230242729187,-0.5800349712371826,0.28469452261924744
-0.047568537294864655,-0.14570334553718567,-0.00012134948337916285,-0.37290236353874207,-0.0012473923852667212,0.06830146908760071,-0.0365663543343544,-1.533066987991333,0.00043498442391864955,-1.0516568422317505,1.5672026872634888,-0.12154153734445572,-0.5017910599708557,0.34721970558166504
0.027263011783361435,-0.09432864934206009,-5.229929956840351e-05,0.0050846245139837265,0.002745783654972911,-0.6040985584259033,0.02638714388012886,-1.6294581890106201,-0.0005922639975324273,-1.0477123260498047,1.57333242893219,-0.11192165315151215,-0.6051528453826904,0.31563910841941833
0.03660142421722412,-0.12151627987623215,-1.7602715161046945e-05,-0.393600195646286,0.00965342577546835,-0.23880037665367126,0.030141673982143402,-1.4764634370803833,0.0014942280249670148,-1.0503277778625488,1.5739775896072388,-0.14453524351119995,-0.4523599147796631,0.21671277284622192
0.0714331716299057,-0.10527592897415161,0.0001802843762561679,-0.3504024147987366,0.010817489586770535,-0.21179673075675964,0.03318736329674721,-1.445709228515625,0.001255940762348473,-1.0489606857299805,1.5742512941360474,-0.13466955721378326,-0.36162546277046204,0.2777191400527954
0.1085173636674881,-0.10474013537168503,0.00014603034651372582,-0.2855275571346283,0.003541897051036358,-0.15527182817459106,0.009293930605053902,-1.4838100671768188,0.0012501956662163138,-1.048882246017456,1.5716696977615356,-0.11876523494720459,-0.33834367990493774,0.32508155703544617
-0.22025497257709503,0.23390018939971924,-5.916907684877515e-05,-0.507938027381897,-0.0010193397756665945,0.08189471811056137,-0.012284265831112862,-1.6691755056381226,0.0008989180205389857,-1.0457963943481445,1.5681278705596924,0.2276439517736435,-0.6660282611846924,0.3124397099018097
-0.24303847551345825,0.2329825609922409,-4.792695108335465e-05,-0.7570270895957947,0.0007655913941562176,0.4214729368686676,-0.05050387978553772,-1.693034052848816,0.0010575453052297235,-1.0460938215255737,1.5653355121612549,0.24856242537498474,-0.6250808238983154,0.24558262526988983
-0.03852436691522598,0.1936904937028885,-0.00012248815619386733,-0.6384750604629517,0.003026107558980584,0.25222158432006836,-0.04909555986523628,-1.5927925109863281,-4.0882889607019024e-07,-1.0467649698257446,1.5660938024520874,0.2218373566865921,-0.41956549882888794,0.25544238090515137
0.02785404585301876,0.15982261300086975,-9.921540913637727e-05,-0.5357779860496521,0.004664312116801739,0.0486350879073143,-0.07255586981773376,-1.6400554180145264,1.8444383385940455e-05,-1.0468510389328003,1.5641371011734009,0.20323652029037476,-0.37595418095588684,0.27155372500419617
0.07813509553670883,0.10972239822149277,-8.022277324926108e-05,-0.4031817317008972,-0.0006052204989828169,-0.39400729537010193,-0.10334894061088562,-1.540370225906372,0.0006746986764483154,-1.0464975833892822,1.5616334676742554,0.1746986359357834,-0.3988683521747589,0.213077574968338
0.14097510278224945,-0.15531226992607117,-1.4867048776068259e-05,0.1484179049730301,0.06583265215158463,-0.6932001113891602,-0.020119687542319298,-1.5334876775741577,0.0030518637504428625,-1.0485013723373413,1.5708755254745483,-0.17502832412719727,-0.5364319086074829,0.25874626636505127
0.1065850779414177,-0.15960745513439178,-1.2042309208482038e-05,0.21376203000545502,0.05105835571885109,-0.6425572037696838,-0.021440215408802032,-1.5789521932601929,0.003214470110833645,-1.0481923818588257,1.5691285133361816,-0.17179341614246368,-0.5607544183731079,0.3335568606853485
0.0941217914223671,-0.17797669768333435,-9.92693367152242e-06,0.3433014452457428,0.040548428893089294,-0.6018995642662048,-0.02612016350030899,-1.6631202697753906,0.0036348053254187107,-1.0492122173309326,1.5668597221374512,-0.17514489591121674,-0.6439383029937744,0.3537175953388214
0.011974407359957695,0.2643420100212097,-0.00011023630941053852,0.0633043646812439,0.012470411136746407,-0.43286770582199097,-0.011922169476747513,-1.7090449333190918,0.001481462619267404,-1.046234130859375,1.567535638809204,0.2546504735946655,-0.6545605659484863,0.36952662467956543
0.003862123703584075,0.2827228307723999,-2.714386209845543e-05,0.07532158493995667,0.008698523044586182,-0.6089531779289246,-0.010383233428001404,-1.6956654787063599,0.0012456196127459407,-1.0468897819519043,1.5679445266723633,0.2741447389125824,-0.6977642774581909,0.3068142533302307
-0.004293377976864576,0.28748852014541626,-2.1937968995189294e-05,0.0875188559293747,-0.0026561568956822157,-0.7391724586486816,-0.013758714310824871,-1.5861053466796875,0.0018273235764354467,-1.050898790359497,1.5664312839508057,0.2904844582080841,-0.7054592370986938,0.2649264633655548
-0.08101246505975723,0.31367382407188416,0.0003131949924863875,-0.8666175007820129,0.005273724440485239,0.3180980682373047,0.01608734391629696,-1.5580849647521973,0.001617135596461594,-1.0414354801177979,1.5709059238433838,0.29759499430656433,-0.42577439546585083,0.13114754855632782
-0.07838406413793564,0.3178786337375641,0.00011347696272423491,-0.979412853717804,0.005374017637223005,0.4320746958255768,0.006590208970010281,-1.469639778137207,0.001071498147211969,-1.041348934173584,1.5703790187835693,0.3083646595478058,-0.31304892897605896,0.14090803265571594
-0.04935033246874809,0.31032541394233704,9.190903801936656e-05,-0.9465343356132507,0.006297960411757231,0.35446885228157043,-0.00877732876688242,-1.5800851583480835,0.0002686576044652611,-1.0424121618270874,1.5686975717544556,0.3136376738548279,-0.300016313791275,0.10647206008434296
-0.04222314432263374,0.31338170170783997,7.444631773978472e-05,-0.847506582736969,0.004232103005051613,0.11405671387910843,0.005472187884151936,-1.4786001443862915,0.0002730981505010277,-1.0433359146118164,1.5702464580535889,0.30964094400405884,-0.31867170333862305,0.0878903716802597
-0.027605824172496796,0.31476035714149475,9.379060793435201e-05,-0.8737443685531616,0.003325264435261488,0.15407320857048035,0.008700518868863583,-1.553260326385498,0.00017910196038428694,-1.0440232753753662,1.5706768035888672,0.3088347613811493,-0.32766300439834595,0.08378934860229492
0.1186562106013298,0.08998994529247284,2.218001645815093e-05,-0.2410479038953781,-0.018618835136294365,-0.2718026041984558,-0.14047090709209442,-1.5767717361450195,0.0016987802227959037,-1.0476622581481934,1.558645248413086,0.1898568570613861,-0.38420459628105164,0.29190194606781006
0.11138325929641724,0.005660741589963436,1.7965814549825154e-05,-0.21979683637619019,-0.03900934383273125,-0.10994917899370193,-0.14356370270252228,-1.5762110948562622,0.0010615690844133496,-1.0484577417373657,1.556682825088501,0.12585942447185516,-0.40404707193374634,0.3359445035457611
-0.10700374841690063,0.03278733417391777,-0.00012883373710792512,0.48289260268211365,0.004944938234984875,-0.9786638617515564,-0.021089062094688416,-1.4909168481826782,-0.0004803396877832711,-1.049190640449524,1.5712605714797974,0.035591691732406616,-0.9038750529289246,0.3058029115200043
-0.09336835145950317,0.05476157367229462,-0.00010435533476993442,0.4990836977958679,0.0036572818644344807,-1.0995985269546509,-0.0142345130443573,-1.603127121925354,-0.000737065332941711,-1.0488110780715942,1.5723354816436768,0.04882202297449112,-0.9213443398475647,0.2628486156463623
-0.06745253503322601,0.06894604861736298,-8.452781912637874e-05,0.5949290990829468,0.0030923024751245975,-1.2670189142227173,-0.012682934291660786,-1.5730990171432495,-0.0004247656324878335,-1.0485068559646606,1.5714267492294312,0.06910011917352676,-0.9681814312934875,0.18688949942588806
-0.0883013904094696,0.15478375554084778,-4.492156585911289e-05,0.2338200807571411,0.0010232569184154272,-0.9043115973472595,-0.008186863735318184,-1.439471960067749,0.000165614255820401,-1.0480462312698364,1.570441722869873,0.1455381065607071,-0.845061719417572,0.20877192914485931
-0.08923398703336716,0.18304893374443054,-0.000178994465386495,0.06444308161735535,0.0013983844546601176,-0.6585222482681274,-0.005479586776345968,-1.3808504343032837,-0.00010861593182198703,-1.0478838682174683,1.570959448814392,0.17170566320419312,-0.716334342956543,0.3064195215702057
-0.023264721035957336,0.19622722268104553,-0.0001449855335522443,0.12060029059648514,-0.009697075001895428,-0.6856120228767395,-0.011612304486334324,-1.4147108793258667,0.0008687141817063093,-1.0460245609283447,1.5682373046875,0.19730201363563538,-0.642244815826416,0.3340611159801483
-0.0078063239343464375,0.22000813484191895,-0.00028038601158186793,0.008752266876399517,-0.003502719569951296,-0.4314286708831787,-0.006710718851536512,-1.46788489818573,0.00043136763270013034,-1.0463013648986816,1.569612741470337,0.21510879695415497,-0.6076815128326416,0.3506602644920349
0.03245413303375244,0.23480519652366638,-0.00014871607709210366,-0.01986214891076088,-0.01816469617187977,-0.4491420090198517,-0.013957340270280838,-1.68233060836792,0.00019171969324816018,-1.0433653593063354,1.5679243803024292,0.24692147970199585,-0.6049056649208069,0.32238462567329407
0.0256939847022295,0.23249469697475433,-0.00012046032497892156,-0.046207234263420105,-0.025147316977381706,-0.360198438167572,-0.013935096561908722,-1.6718156337738037,3.9527487388113514e-05,-1.0440951585769653,1.567513108253479,0.24902929365634918,-0.619507908821106,0.31063544750213623
0.02557842805981636,0.2148750275373459,-9.39850797294639e-05,-0.1530112773180008,-0.039907582104206085,0.05436720699071884,-0.024428658187389374,-1.7049716711044312,-8.843352406984195e-05,-1.0461914539337158,1.565755844116211,0.24575042724609375,-0.5801403522491455,0.37694597244262695
-0.036172475665807724,0.057787127792835236,4.071969669894315e-05,0.15006613731384277,0.012027563527226448,-0.9334483742713928,0.03455802798271179,-1.5297898054122925,-0.00044948773575015366,-1.0449684858322144,1.5749645233154297,0.026361852884292603,-0.7327095866203308,0.27505385875701904
-0.05541292577981949,-0.09448147565126419,5.883669928152813e-06,0.14680235087871552,-0.0012227966217324138,-0.4443684220314026,0.0392509363591671,-1.6573878526687622,0.001267260522581637,-1.046839952468872,1.5686603784561157,-0.10931117087602615,-0.7978259921073914,0.3815770745277405
-0.04156368225812912,-0.09134051948785782,4.765772700920934e-06,0.04605257883667946,0.002326885238289833,-0.5679548978805542,0.03835412114858627,-1.600865364074707,0.00046371109783649445,-1.0468887090682983,1.5706723928451538,-0.11164815723896027,-0.7184174656867981,0.3517080843448639
-0.028008777648210526,-0.09915343672037125,3.8602756831096485e-06,-0.17928682267665863,-0.009922098368406296,-0.36718448996543884,0.02906389907002449,-1.682003140449524,0.0001251286594197154,-1.0469540357589722,1.569758653640747,-0.10713563114404678,-0.6702980995178223,0.2785223424434662
0.0007715314859524369,-0.1223713606595993,3.126823230559239e-06,-0.3188633620738983,-0.025645475834608078,-0.190743088722229,0.009777401573956013,-1.6755053997039795,-0.0006922747124917805,-1.047268033027649,1.5679190158843994,-0.1101539209485054,-0.5743969082832336,0.2683199346065521
0.051471974700689316,-0.16029472649097443,2.5327269668196095e-06,-0.3803699016571045,-0.02945306897163391,-0.037452030926942825,-0.03064144402742386,-1.6192997694015503,7.369341619778425e-05,-1.047615885734558,1.5646947622299194,-0.12337905913591385,-0.46529051661491394,0.28793761134147644
0.08591759949922562,-0.21359266340732574,2.0515087726380443e-06,-0.4284730553627014,-0.02734408900141716,0.03527059778571129,-0.08269073069095612,-1.5150938034057617,0.0016811180394142866,-1.046427607536316,1.5606343746185303,-0.14679327607154846,-0.35564252734184265,0.330000102519989
0.1419459730386734,-0.30533459782600403,-0.0003591410641092807,-0.5237812995910645,-0.018486125394701958,0.08883395045995712,-0.08439857512712479,-1.5706301927566528,0.0018162382766604424,-1.0466954708099365,1.5613574981689453,-0.23382487893104553,-0.27893969416618347,0.28479641675949097
0.19202809035778046,-0.29936668276786804,-0.00012560930917970836,-0.4524275064468384,-0.011337623000144958,-0.18103556334972382,-0.0020511276088654995,-1.4943516254425049,0.0026547873858362436,-1.046233892440796,1.5714423656463623,-0.3018886148929596,-0.15738306939601898,0.30009180307388306
0.21125245094299316,-0.2801170349121094,-0.00010174248018302023,-0.42540445923805237,-0.007109326310455799,-0.32874828577041626,0.003139116568490863,-1.5651953220367432,0.0022608439903706312,-1.046414852142334,1.571837306022644,-0.2865898311138153,-0.25110548734664917,0.19735804200172424
0.14186346530914307,-0.20230452716350555,0.00023496209178119898,-0.43024805188179016,-0.021972686052322388,0.005380852147936821,-0.009282998740673065,-1.6733139753341675,-0.0014390730066224933,-1.0496126413345337,1.5700486898422241,-0.18886490166187286,-0.36819005012512207,0.2450665384531021
0.15387099981307983,-0.19786006212234497,0.00019034322758670896,-0.4846537709236145,-0.018410874530673027,0.38293248414993286,0.002170693827793002,-1.737492322921753,-0.0011854562908411026,-1.0491502285003662,1.5710023641586304,-0.19077402353286743,-0.30437764525413513,0.33057594299316406
0.12273505330085754,-0.09079381823539734,8.204480400308967e-05,-0.058115147054195404,0.012108106166124344,-0.19846782088279724,0.039249349385499954,-1.6559116840362549,-0.0008329097181558609,-1.0464239120483398,1.5756516456604004,-0.12757867574691772,-0.4677000045776367,0.38808301091194153
0.05697362497448921,-0.07022282481193542,6.671650771750137e-05,-0.12909461557865143,0.003448840929195285,-0.18910767138004303,0.025223294273018837,-1.6372183561325073,-0.0006075359415262938,-1.0455645322799683,1.573728084564209,-0.09691621363162994,-0.4959551990032196,0.3921430706977844
0.02672150358557701,-0.0388357974588871,5.404037074185908e-05,-0.071508027613163,0.009979965165257454,-0.4913635551929474,0.02426988258957863,-1.6241518259048462,-0.00031839669100008905,-1.0446974039077759,1.5739699602127075,-0.06867123395204544,-0.5455107688903809,0.3364543914794922
0.0410865843296051,0.060898277908563614,-7.492161785194185e-06,-0.8318741321563721,-0.011128188110888004,0.14019910991191864,-0.03140200674533844,-1.4951409101486206,-0.0010796933202072978,-1.0458953380584717,1.5690338611602783,0.08670587837696075,-0.2703511714935303,0.08856789767742157
0.0834077000617981,0.04677353426814079,-6.068651146051707e-06,-0.7969346046447754,-0.008454427123069763,0.23856709897518158,-0.03876982256770134,-1.5523866415023804,-0.0007686852477490902,-1.0462322235107422,1.5682426691055298,0.07531934976577759,-0.22551771998405457,0.13439783453941345
0.09702908247709274,0.04244835302233696,-4.915607405564515e-06,-0.7945408225059509,-0.007712532300502062,0.2946193814277649,-0.020705144852399826,-1.5320544242858887,-0.000554217433091253,-1.0463701486587524,1.569723129272461,0.06107135862112045,-0.1936033070087433,0.18755030632019043
0.09199734777212143,0.02837391570210457,-3.981641839345684e-06,-0.8197917342185974,-0.0051924423314630985,0.4013877511024475,-0.026080917567014694,-1.4737250804901123,-0.0006753498455509543,-1.0465620756149292,1.5689172744750977,0.05025278776884079,-0.15935562551021576,0.21820589900016785
0.08984144777059555,0.023640388622879982,-3.302201548649464e-06,-0.6836132407188416,-0.0055745067074894905,0.11275620758533478,-0.008402169682085514,-1.4057995080947876,-0.0003643986419774592,-1.0435161590576172,1.5706802606582642,0.036000996828079224,-0.15909916162490845,0.2453153133392334
0.09465441107749939,0.03625767305493355,-2.6747832180262776e-06,-0.5357780456542969,-0.00398653419688344,-0.13603734970092773,0.03137527406215668,-1.4008179903030396,-0.0011660404270514846,-1.0442719459533691,1.5739614963531494,0.0260396059602499,-0.20838961005210876,0.22543585300445557
0.10169664025306702,0.06467197835445404,-2.0817592485400382e-06,-0.3472968339920044,0.006642244290560484,-0.5171192288398743,0.06886962801218033,-1.4192348718643188,-0.0009278227225877345,-1.0433181524276733,1.5776478052139282,0.022884950041770935,-0.2976578176021576,0.20190663635730743
-0.016603050753474236,0.15525387227535248,0.0005042501725256443,-0.7600289583206177,0.026681262999773026,0.1943516880273819,0.11178836971521378,-1.495213508605957,0.0006796323577873409,-1.0448967218399048,1.5812723636627197,0.07180017232894897,-0.35179200768470764,0.16167540848255157
-0.012640695087611675,0.1943073570728302,0.00040844266186468303,-0.71543949842453,0.021606631577014923,0.09317485988140106,0.09222625941038132,-1.4331440925598145,0.0005166868213564157,-1.0453344583511353,1.5794061422348022,0.1142125278711319,-0.2838328182697296,0.2029847949743271
-0.01696179434657097,0.21405331790447235,0.00033083854941651225,-0.7751737833023071,0.018527071923017502,0.2692505717277527,0.04181734472513199,-1.4887207746505737,0.0008403556421399117,-1.0457864999771118,1.5748767852783203,0.1635843962430954,-0.2855217158794403,0.2008027583360672
-0.0051975250244140625,0.24062120914459229,0.00016255458467639983,-0.6829655766487122,0.0161335077136755,0.17808878421783447,0.02035047858953476,-1.422495722770691,0.0006232981686480343,-1.0460783243179321,1.5728623867034912,0.20489802956581116,-0.27595996856689453,0.23466338217258453
0.044969409704208374,0.40492236614227295,6.999433389864862e-05,-0.4346272647380829,0.0028978108894079924,-0.15705406665802002,-0.00319340405985713,-1.5173583030700684,0.0009587797103449702,-1.0464788675308228,1.5709333419799805,0.38150668144226074,-0.359957218170166,0.2540612518787384
0.03959115967154503,0.4143710136413574,5.6695411331020296e-05,-0.5105941891670227,-0.004049764480441809,-0.015471097081899643,-0.0557897686958313,-1.4899009466171265,0.001842827768996358,-1.0495060682296753,1.566137433052063,0.4247969388961792,-0.35029715299606323,0.2624727189540863
0.0644267275929451,0.40955376625061035,4.592328332364559e-05,-0.42715123295783997,-0.0072805252857506275,-0.11915379017591476,-0.11014901846647263,-1.4926434755325317,0.0031668348237872124,-1.049575686454773,1.5613359212875366,0.4549550712108612,-0.33144545555114746,0.2782033681869507
0.07927306741476059,0.3906058073043823,3.719786036526784e-05,-0.3011000156402588,-0.019612032920122147,-0.40943029522895813,-0.14635375142097473,-1.4952268600463867,0.0031299523543566465,-1.0489683151245117,1.5573863983154297,0.468788743019104,-0.37006545066833496,0.2646966576576233
0.057044852524995804,0.26374122500419617,2.2627837097388692e-05,-0.369536817073822,-0.06000450998544693,-0.05906306952238083,-0.12892800569534302,-1.5521668195724487,-0.001508332439698279,-1.0494064092636108,1.5571001768112183,0.3816043436527252,-0.3804613947868347,0.29833677411079407
-0.06895696371793747,-0.4073587656021118,-0.000800244917627424,-0.13404710590839386,0.054725900292396545,-0.519512414932251,0.10575749725103378,-1.592237949371338,0.001605717814527452,-1.0464622974395752,1.5760269165039062,-0.4929501712322235,-0.6701710820198059,0.2790673077106476
0.11498231440782547,-0.26211217045783997,-8.273588719021063e-06,0.31782662868499756,0.02455548755824566,-0.9018967151641846,0.04140601307153702,-1.538228988647461,0.003646233817562461,-1.0480139255523682,1.570017695426941,-0.3059098720550537,-0.6600392460823059,0.23553739488124847
0.12007221579551697,-0.22888261079788208,-6.701606707792962e-06,0.39384692907333374,0.01995052397251129,-0.9164146184921265,0.036436956375837326,-1.5061031579971313,0.0024967582430690527,-1.0478324890136719,1.571378469467163,-0.27417781949043274,-0.6379599571228027,0.2911679446697235
0.10970287024974823,-0.2038867175579071,-5.424371920526028e-06,0.3888210952281952,0.01645137555897236,-0.7311834096908569,0.025304434821009636,-1.5998799800872803,0.002569125732406974,-1.0477375984191895,1.5696827173233032,-0.23597292602062225,-0.6611694097518921,0.31238454580307007
-0.1944480538368225,-0.21383091807365417,3.100145022472134e-06,-0.18323323130607605,-0.021468423306941986,-0.2930060029029846,0.0022850828245282173,-1.5562329292297363,-0.0005921475240029395,-1.0471585988998413,1.5699139833450317,-0.19372965395450592,-0.7604169845581055,0.35782185196876526
-0.15494979918003082,-0.2610839307308197,2.5111173727054847e-06,-0.2778392732143402,-0.03615514189004898,-0.22793133556842804,-0.01773865893483162,-1.647352695465088,-0.0009478990687057376,-1.047308325767517,1.567150592803955,-0.21959665417671204,-0.7053790092468262,0.2988995909690857
-0.11590062081813812,-0.2951556146144867,2.0340050923550734e-06,-0.3277803957462311,-0.027925411239266396,-0.26434019207954407,-0.012538698501884937,-1.694135308265686,-0.0007320204749703407,-1.045594573020935,1.5680615901947021,-0.2581788897514343,-0.6731438636779785,0.2586532533168793
0.024676023051142693,-0.2524375021457672,-2.667981243575923e-05,-0.45090460777282715,0.03883065655827522,0.26617246866226196,-0.029745863750576973,-1.7777594327926636,0.0017128130421042442,-1.0466656684875488,1.5704436302185059,-0.27103331685066223,-0.483220636844635,0.31182363629341125
0.0665166899561882,-0.2507701516151428,-2.161064912797883e-05,-0.2328953891992569,0.03344566002488136,-0.00755293620750308,-0.06685321033000946,-1.6563695669174194,0.0015261673834174871,-1.0467569828033447,1.5668070316314697,-0.2448921501636505,-0.4532640874385834,0.3681783676147461
0.09945420920848846,-0.24186711013317108,-0.00010295052197761834,-0.02048448473215103,0.024981975555419922,-0.3273090720176697,-0.06127706170082092,-1.6554964780807495,0.0014601199654862285,-1.046449899673462,1.5667293071746826,-0.23143938183784485,-0.48441559076309204,0.39139866828918457
0.07068117707967758,-0.2471933364868164,-8.338991756318137e-05,-0.007610894273966551,0.0053919777274131775,-0.3349580764770508,-0.05612325295805931,-1.5994004011154175,0.0010777340503409505,-1.0503307580947876,1.5658382177352905,-0.22468852996826172,-0.5409528017044067,0.36328768730163574
0.033920880407094955,-0.24026380479335785,-6.754581409040838e-05,0.06662920862436295,0.01135465782135725,-0.5482252836227417,-0.04131372645497322,-1.5351123809814453,0.0007551634917035699,-1.049652338027954,1.5678621530532837,-0.22665666043758392,-0.560486376285553,0.3714916408061981
-0.027874063700437546,-0.2447575479745865,-5.4712108976673335e-05,-0.00902351550757885,0.0005362951196730137,-0.5046724677085876,-0.037319574505090714,-1.4627156257629395,0.0008817820344120264,-1.0492417812347412,1.5670263767242432,-0.22610625624656677,-0.6027501821517944,0.33157357573509216
0.08874150365591049,0.18820402026176453,-0.00020166070316918194,-0.09447094798088074,0.014596878550946712,-0.6264687776565552,0.08899938315153122,-1.3781260251998901,-0.001661443617194891,-1.043543815612793,1.5798557996749878,0.11160767078399658,-0.4549177289009094,0.33298730850219727
0.06487179547548294,0.22452335059642792,-0.00016334516112692654,-0.4280886650085449,0.004054482094943523,-0.33096179366111755,0.07022767513990402,-1.4621487855911255,-0.00206478638574481,-1.0441409349441528,1.5776104927062988,0.1642918735742569,-0.4084959626197815,0.2224402129650116
0.005153996404260397,-0.04990503937005997,0.004420376382768154,-1.023245096206665,-0.002110653091222048,0.6557403802871704,-0.15273946523666382,-1.6379005908966064,-0.160574272274971,-1.076378345489502,1.5570954084396362,0.10718037933111191,-0.2686217427253723,0.10970087349414825
0.013377551920711994,-0.11667528003454208,0.003580504795536399,-1.0005378723144531,-0.0026922840625047684,0.8440320491790771,-0.1206202283501625,-1.6626944541931152,-0.12956301867961884,-1.070192575454712,1.5601027011871338,0.010088881477713585,-0.25350165367126465,0.19476595520973206
-0.016896428540349007,-0.5504190325737,1.3479268091032282e-05,-0.15463049709796906,0.02164333499968052,-0.4706493616104126,0.015864530578255653,-1.4293409585952759,-0.0007739821448922157,-1.0471609830856323,1.573204755783081,-0.5652621388435364,-0.526138961315155,0.32753488421440125
-0.0025696142110973597,-0.5289232730865479,1.0979321814374998e-05,-0.2662964463233948,0.04897747561335564,-0.2948963940143585,0.0208025760948658,-1.5341588258743286,0.001447831280529499,-1.0473500490188599,1.575060248374939,-0.5669724345207214,-0.5144505500793457,0.28347358107566833
0.0015147199155762792,-0.4949040412902832,9.162713467958383e-06,-0.41552072763442993,0.056193407624959946,0.024804119020700455,0.05207642540335655,-1.4788895845413208,0.001182234613224864,-1.0475069284439087,1.5784260034561157,-0.5553422570228577,-0.44558513164520264,0.31420567631721497
-0.1436210423707962,-0.048207927495241165,0.00043253248441033065,0.10936873406171799,0.00866228062659502,-0.6505389213562012,-0.10852891951799393,-1.5902228355407715,-0.001328122685663402,-1.0431259870529175,1.5690041780471802,0.01814529113471508,-0.8146534562110901,0.36592957377433777
-0.19150102138519287,-0.09340882301330566,0.0003503513289615512,-0.1454358547925949,-0.00499926321208477,-0.66773521900177,-0.09158681333065033,-1.5570955276489258,-0.0007865415536798537,-1.0434534549713135,1.567731499671936,-0.02509511075913906,-0.8147077560424805,0.24889440834522247
-0.023878004401922226,0.16690830886363983,0.00022404191258829087,-0.563869833946228,0.008599265478551388,0.07253145426511765,0.00032469225698150694,-1.496405839920044,0.0017247045179829001,-1.0470165014266968,1.570654034614563,0.13962481915950775,-0.3695465624332428,0.24436040222644806
0.006112536881119013,0.21442784368991852,0.00018197664758190513,-0.3718562424182892,0.00775203388184309,-0.23073379695415497,0.010724279098212719,-1.4409925937652588,0.0011332820868119597,-1.0463695526123047,1.5716075897216797,0.18359258770942688,-0.38131093978881836,0.28460693359375
0.01881110481917858,0.251219779253006,0.0001474010932724923,-0.275488942861557,0.0010892542777583003,-0.4230830669403076,0.0028006392531096935,-1.555018424987793,0.0006608990370295942,-1.0424495935440063,1.570644497871399,0.22770161926746368,-0.452797532081604,0.25406867265701294
-0.007987127639353275,0.32444998621940613,-0.0002205178461736068,-0.3378009796142578,-0.007495087571442127,-0.1948704570531845,-0.003087554359808564,-1.5998443365097046,-0.0001996480132220313,-1.0442900657653809,1.570023775100708,0.3107694387435913,-0.5220996141433716,0.23674029111862183
0.028636455535888672,0.3386213183403015,-0.00017861944797914475,-0.10160807520151138,-0.020883632823824883,-0.4867553412914276,-0.021831799298524857,-1.527634859085083,-0.0006480232113972306,-1.044850468635559,1.5676093101501465,0.34640824794769287,-0.49934902787208557,0.2940016984939575
0.002021556720137596,0.338005930185318,-0.00014468174776993692,-0.1823350340127945,-0.051245179027318954,-0.30177170038223267,-0.02366504818201065,-1.541823148727417,-0.0022137314081192017,-1.0459548234939575,1.5659270286560059,0.36681118607521057,-0.5414857268333435,0.30838045477867126
-0.1650589406490326,-0.1184329017996788,-0.00018961066962219775,-0.11482495069503784,0.024242695420980453,-0.1590404510498047,0.03665079176425934,-1.7109719514846802,-0.002756333677098155,-1.045607566833496,1.5765405893325806,-0.12420926988124847,-0.7711284756660461,0.36541739106178284
-0.16176198422908783,-0.1347629874944687,-0.00015358463861048222,-0.11326423287391663,0.03598223626613617,-0.14775210618972778,0.05546102300286293,-1.7468922138214111,-0.0027797596994787455,-1.0446711778640747,1.5789077281951904,-0.15778198838233948,-0.7710548043251038,0.37138786911964417
-0.13705860078334808,-0.13544204831123352,-0.0001244035520358011,0.007566640619188547,0.05201735720038414,-0.4526449143886566,0.06585336476564407,-1.7492938041687012,-0.0023418054915964603,-1.045152187347412,1.5806463956832886,-0.17753177881240845,-0.8059177994728088,0.3399113118648529
-0.12274407595396042,-0.12325409799814224,-0.00010076688340632245,0.013510548509657383,0.06979846954345703,-0.5031247735023499,0.06192624196410179,-1.7051492929458618,-0.0020858398638665676,-1.0458123683929443,1.5816353559494019,-0.17781801521778107,-0.8333332538604736,0.28881844878196716
-0.1537266969680786,-0.12562288343906403,-8.162117592291906e-05,-0.22480033338069916,0.05773584917187691,-0.1626899391412735,0.05044138431549072,-1.6673976182937622,-0.00182569888420403,-1.0458024740219116,1.5798118114471436,-0.1716160923242569,-0.761273205280304,0.31683987379074097
-0.08854291588068008,-0.11597415059804916,-6.611314893234521e-05,-0.08637256920337677,0.05022193118929863,-0.3936024606227875,0.04318826645612717,-1.5919097661972046,-0.0013708233600482345,-1.0456936359405518,1.5785455703735352,-0.16510529816150665,-0.6756339073181152,0.3302447497844696
-0.024808399379253387,-0.1180645152926445,-5.316692841006443e-05,0.044178735464811325,0.026336750015616417,-0.6669781804084778,0.03198941424489021,-1.650931477546692,-0.0014014308108016849,-1.043015718460083,1.5758824348449707,-0.14719423651695251,-0.6940115690231323,0.2955276370048523
0.02437637373805046,-0.13789144158363342,-3.488282163743861e-05,-0.10516883432865143,0.015940580517053604,-0.4777098000049591,0.01825074292719364,-1.5758163928985596,-0.00019508837431203574,-1.0447769165039062,1.5732111930847168,-0.15018175542354584,-0.6269904971122742,0.24873705208301544
0.10739986598491669,-0.12468276917934418,-2.8255084544070996e-05,0.03630034625530243,0.03465716168284416,-0.5781193375587463,0.017336471006274223,-1.4839519262313843,0.0006592298741452396,-1.0445218086242676,1.5742090940475464,-0.15267734229564667,-0.5238937735557556,0.30107519030570984
0.16175292432308197,-0.09788817167282104,-2.288661926286295e-05,0.08979471772909164,0.045808132737874985,-0.6203196048736572,0.0232448261231184,-1.539278268814087,-0.00034680572571232915,-1.044930100440979,1.5769200325012207,-0.1408839225769043,-0.48383617401123047,0.3299998342990875
0.12724711000919342,-0.05824178829789162,-1.853816138464026e-05,-0.1575220376253128,0.05803191289305687,-0.25379085540771484,0.027755679562687874,-1.6097056865692139,-0.0008632277022115886,-1.0468032360076904,1.5790430307388306,-0.11317188292741776,-0.4639512896537781,0.32093390822410583
0.17506173253059387,0.04734857752919197,-6.079448212403804e-06,-0.14249803125858307,0.004253572318702936,-0.4799566864967346,-0.020395571365952492,-1.5706114768981934,-0.00022535750758834183,-1.0470335483551025,1.5700665712356567,0.04144706204533577,-0.37784892320632935,0.2979336678981781
0.005921979900449514,0.11191938072443008,-7.181289447544259e-07,-1.003712773323059,-0.010100750252604485,0.5326187014579773,0.08716487884521484,-1.693914771080017,0.00017456691421102732,-1.047218680381775,1.5768729448318481,0.06014688313007355,-0.3106568455696106,0.07616734504699707
0.02475922927260399,0.14015792310237885,-5.813721486447321e-07,-0.8311088681221008,-0.00685579888522625,0.25743550062179565,0.06220707669854164,-1.713276743888855,-0.0002337446785531938,-1.0463625192642212,1.5749303102493286,0.09974661469459534,-0.31407591700553894,0.10738009959459305
0.015299436636269093,-0.0296355988830328,4.509148766373983e-06,0.3023373782634735,-0.0031148879788815975,-0.8796862363815308,-0.05719435214996338,-1.625016689300537,0.0011745066149160266,-1.0467443466186523,1.5656763315200806,0.026331089437007904,-0.7923131585121155,0.27753832936286926
0.031207773834466934,-0.07644340395927429,3.6524106690194458e-06,0.3291351795196533,-0.0019523993832990527,-1.0005762577056885,-0.04300098493695259,-1.5106472969055176,0.0003092192637268454,-1.0470832586288452,1.5681779384613037,-0.03163909167051315,-0.7531524300575256,0.24404840171337128
0.04715726897120476,-0.10845760256052017,2.958452569146175e-06,0.3036378026008606,-0.0009652089211158454,-0.8534486889839172,-0.030956370756030083,-1.5938912630081177,-0.0005155885592103004,-1.047120213508606,1.570523977279663,-0.0770248994231224,-0.7321380972862244,0.24777483940124512
0.05647358298301697,-0.14914797246456146,2.396346644673031e-06,0.308879017829895,-0.0011000597150996327,-0.8736631274223328,-0.028776265680789948,-1.4970803260803223,0.0002008012234000489,-1.046552062034607,1.5690258741378784,-0.11300986260175705,-0.6981292366981506,0.2856961786746979
0.03860415518283844,-0.20338456332683563,0.00035046166158281267,0.148250550031662,-0.00264354282990098,-0.750436007976532,-0.028668012470006943,-1.5521647930145264,0.0010806425707414746,-1.0454903841018677,1.5673102140426636,-0.16139939427375793,-0.6637647747993469,0.2882814109325409
-0.0037791288923472166,-0.24602298438549042,0.0002838952059391886,-0.03704368695616722,0.006794738117605448,-0.7735062837600708,-0.01879105530679226,-1.5298974514007568,0.00015457873814739287,-1.0453742742538452,1.5698484182357788,-0.21625296771526337,-0.6442022919654846,0.24685776233673096
0.08292606472969055,-0.301742821931839,0.00014931062469258904,-0.57032710313797,0.014226404950022697,0.06864186376333237,0.09022016823291779,-1.50892972946167,-1.8681606889003888e-05,-1.0464675426483154,1.5785119533538818,-0.3658011555671692,-0.3013651669025421,0.21645523607730865
0.04624365642666817,0.23276114463806152,0.00018357919179834425,0.08523491024971008,0.012402934953570366,-0.6238710880279541,-0.01016930490732193,-1.4827743768692017,0.0010190049652010202,-1.0480319261550903,1.5683598518371582,0.2442099153995514,-0.5697915554046631,0.3426685631275177
0.06083023175597191,0.2017187923192978,0.00014872629253659397,0.16203545033931732,0.004886924289166927,-0.735512375831604,-0.012866165488958359,-1.402201533317566,0.0015130856772884727,-1.0499937534332275,1.5671426057815552,0.2194719761610031,-0.5680954456329346,0.32394278049468994
0.08808200061321259,0.18081189692020416,0.00012038212298648432,0.27803364396095276,0.006319334264844656,-0.7905171513557434,-0.004629365634173155,-1.348197340965271,0.00029324216302484274,-1.0526233911514282,1.5699458122253418,0.19120389223098755,-0.5596502423286438,0.34590134024620056
-0.10388581454753876,-0.03640712425112724,4.1974712075898424e-05,-0.15544694662094116,0.017729638144373894,-0.21463541686534882,-0.009432369843125343,-1.6071559190750122,0.0012374395737424493,-1.047651767730713,1.5688754320144653,-0.01896773837506771,-0.6657103896141052,0.3941856920719147
-0.0899851843714714,-0.06071837991476059,0.0007037232280708849,-0.0886145830154419,0.030100885778665543,-0.4835595190525055,0.000513288367073983,-1.5893739461898804,0.0015364368446171284,-1.0476813316345215,1.5707768201828003,-0.05898759141564369,-0.6720373630523682,0.31588226556777954
-0.09701108932495117,-0.07233303785324097,0.0005690592806786299,-0.1566101312637329,0.05302312970161438,-0.4251917600631714,0.0030031949281692505,-1.5657440423965454,0.0027328545693308115,-1.0485931634902954,1.5722845792770386,-0.08789800852537155,-0.679163932800293,0.27453508973121643
-0.08719814568758011,-0.06977459788322449,0.00046093802666291595,-0.10829891264438629,0.0676431879401207,-0.590146541595459,0.005174355115741491,-1.5305378437042236,0.0037318309769034386,-1.0455411672592163,1.5733178853988647,-0.10288550704717636,-0.6607322096824646,0.2669719159603119
-0.16824868321418762,-0.12412069737911224,0.0006023796740919352,-0.6571470499038696,0.028982406482100487,0.058250825852155685,-0.031106771901249886,-1.5503442287445068,0.0021517544519156218,-1.0466254949569702,1.5690146684646606,-0.11671927571296692,-0.5565298795700073,0.19232067465782166
-0.15481972694396973,-0.1256030648946762,0.0007181458058767021,-0.7732924222946167,0.022827312350273132,0.28492844104766846,-0.0006698044016957283,-1.4505540132522583,0.001487236237153411,-1.046921968460083,1.5712870359420776,-0.1310936063528061,-0.45862555503845215,0.20586007833480835
0.11401445418596268,-0.09923422336578369,0.00020310138643253595,-0.15148863196372986,0.011811355128884315,-0.47107523679733276,-0.0019250536570325494,-1.5191832780838013,-8.397459168918431e-05,-1.044018268585205,1.5704443454742432,-0.09894828498363495,-0.366946280002594,0.30338621139526367
0.14772731065750122,-0.08929044008255005,0.00042254809523001313,0.005232265684753656,0.033747751265764236,-0.5867353677749634,-1.7819182176026516e-05,-1.6049072742462158,0.0013369482476264238,-1.0446418523788452,1.5716009140014648,-0.10510442405939102,-0.4737520217895508,0.2683678865432739
0.1458313912153244,-0.09482231736183167,0.00034226395655423403,0.11997299641370773,0.021852264180779457,-0.5780243277549744,-0.0031291309278458357,-1.4921951293945312,0.001459179911762476,-1.0451583862304688,1.5702942609786987,-0.10256601870059967,-0.4954969882965088,0.308023065328598
-0.11214616894721985,-0.11476705968379974,-0.0002199965965701267,0.12741944193840027,-0.003185970475897193,-0.6819685697555542,0.014969369396567345,-1.661304235458374,6.254590698517859e-05,-1.049102544784546,1.572335124015808,-0.12498289346694946,-0.7997884750366211,0.3397749066352844
-0.07402007281780243,-0.2662964165210724,-0.00023084724671207368,-0.45075759291648865,-0.026916958391666412,-0.15361863374710083,0.009999977424740791,-1.5227296352386475,-0.002229419071227312,-1.0487372875213623,1.5716526508331299,-0.24291394650936127,-0.5095226168632507,0.20883183181285858
0.007332936394959688,-0.2876425087451935,-0.00018698627536650747,-0.25868168473243713,-0.01813276670873165,-0.37298643589019775,0.02021666429936886,-1.5885251760482788,-0.0018483420135453343,-1.0484201908111572,1.5727251768112183,-0.2731196880340576,-0.4995020031929016,0.2553301453590393
0.04967522248625755,-0.291936993598938,-0.00015146125224418938,-0.18931345641613007,0.005293643102049828,-0.3499210774898529,0.02563422918319702,-1.6176246404647827,-0.0001503479143138975,-1.0482523441314697,1.5740320682525635,-0.2986788749694824,-0.5279231071472168,0.25769954919815063
0.0672869011759758,-0.30969783663749695,-0.00012268361751921475,-0.178751140832901,-0.0009818881517276168,-0.32205846905708313,0.01778162457048893,-1.7074315547943115,-0.0003223852254450321,-1.047301173210144,1.5729032754898071,-0.3103148937225342,-0.5168506503105164,0.29360148310661316
0.026224099099636078,-0.27201735973358154,-0.00010937435581581667,-0.053225185722112656,0.03910139948129654,-0.4217931032180786,0.008786322548985481,-1.6166620254516602,0.001366278505884111,-1.0479601621627808,1.5730657577514648,-0.3012760281562805,-0.5921661853790283,0.26858916878700256
-0.017209507524967194,-0.2756921947002411,-8.587343472754583e-05,-0.18906180560588837,0.014210237190127373,-0.05191332474350929,-0.0029158666729927063,-1.6677265167236328,0.0008580185822211206,-1.0458441972732544,1.5706254243850708,-0.28607314825057983,-0.5735974907875061,0.3629128336906433
-0.03277884051203728,-0.25237852334976196,-3.66756139555946e-05,-0.15626898407936096,-0.0015863134758546948,-0.495093435049057,-0.007959249429404736,-1.4943270683288574,0.0001615788060007617,-1.0468132495880127,1.5696265697479248,-0.2509824335575104,-0.5626299977302551,0.317550927400589
0.005423390306532383,-0.2686944901943207,-2.9664022804354317e-05,-0.09934733808040619,-0.026836281642317772,-0.7906633019447327,-0.007070661056786776,-1.4548015594482422,-0.0017189366044476628,-1.0472993850708008,1.568912148475647,-0.24832776188850403,-0.5818449854850769,0.21984946727752686
0.3000795543193817,-0.21799267828464508,-5.651118499372387e-06,-0.08766363561153412,-0.04890719801187515,-0.6027211546897888,-0.00041929457802325487,-1.5260175466537476,-0.0018824631115421653,-1.0458687543869019,1.5688321590423584,-0.19219659268856049,-0.29520973563194275,0.22525610029697418
0.27054786682128906,-0.2458852231502533,-4.57740588899469e-06,-0.24518875777721405,-0.07293634861707687,-0.14821965992450714,-0.004114853218197823,-1.6229252815246582,-0.003360388334840536,-1.0469764471054077,1.567457675933838,-0.20226697623729706,-0.2743990421295166,0.2868354916572571
0.14016908407211304,-0.3447885811328888,-1.5960426935635041e-06,-0.3021799623966217,-0.03217509388923645,-0.24914903938770294,0.01936418190598488,-1.6552354097366333,-0.0004035305173601955,-1.047110676765442,1.571229100227356,-0.3335043489933014,-0.33816638588905334,0.286957710981369
0.15992622077465057,-0.34736478328704834,3.430318429309409e-06,-0.0999918133020401,-0.018198998644948006,-0.5612558722496033,0.01949680596590042,-1.5942928791046143,0.0001774904376361519,-1.048929214477539,1.5718193054199219,-0.3450218141078949,-0.42340633273124695,0.2515321373939514
0.16268537938594818,-0.332222044467926,2.7785579277406214e-06,-0.008436674252152443,0.009237268008291721,-0.5819860696792603,0.016751673072576523,-1.4978573322296143,0.0012049574870616198,-1.0486969947814941,1.5727421045303345,-0.34808680415153503,-0.45036330819129944,0.2635901868343353
0.12484358251094818,-0.33099809288978577,2.322033424206893e-06,-0.08159442991018295,-2.8988182748435065e-05,-0.4219436049461365,0.012253189459443092,-1.4531952142715454,0.0008065412985160947,-1.04697847366333,1.5717265605926514,-0.34039780497550964,-0.4163362383842468,0.33104023337364197
-0.19736716151237488,0.07907092571258545,-0.00010191366163780913,-0.3747599422931671,-0.0025447062216699123,-0.0769726112484932,-0.07429959625005722,-1.6563891172409058,0.002158490940928459,-1.0477761030197144,1.5631308555603027,0.10171998292207718,-0.6868259906768799,0.3085768222808838
-0.20594754815101624,0.09403300285339355,-8.235556742874905e-05,-0.4217556416988373,-0.0026720641180872917,-0.03647853806614876,-0.06473139673471451,-1.556290864944458,0.001866174046881497,-1.0481761693954468,1.564137578010559,0.11837053298950195,-0.6576120257377625,0.29108479619026184
-0.2127629667520523,0.09960345923900604,-6.72356181894429e-05,-0.42363372445106506,-0.004015002865344286,-0.15078330039978027,-0.07342378050088882,-1.4719970226287842,0.0020310976542532444,-1.0467950105667114,1.563557744026184,0.13027018308639526,-0.6190707087516785,0.29459160566329956
-0.198370561003685,0.0989079475402832,-0.00040414929389953613,-0.42994096875190735,-0.008282513357698917,-0.18935789167881012,-0.079341359436512,-1.4387081861495972,0.001949237659573555,-1.0508345365524292,1.5627472400665283,0.13931839168071747,-0.6025557518005371,0.266662061214447
-0.17880825698375702,0.08552587032318115,-0.00032736093271523714,-0.5282109975814819,-0.01205542590469122,-0.06495936214923859,-0.10392984747886658,-1.5482912063598633,0.002177469665184617,-1.0481724739074707,1.5608367919921875,0.14038439095020294,-0.5844055414199829,0.24767856299877167
-0.14562006294727325,0.08502928912639618,-0.00026510280440561473,-0.5688353776931763,-0.00997861661016941,-0.005296085495501757,-0.08560733497142792,-1.6375172138214111,0.001797371543943882,-1.0480457544326782,1.56259024143219,0.13248737156391144,-0.5713133215904236,0.21337611973285675
-0.12773235142230988,0.10256743431091309,-0.00021473327069543302,-0.7240791916847229,-0.008328702300786972,0.35776734352111816,-0.034003809094429016,-1.6380597352981567,0.0009120283066295087,-1.0480332374572754,1.5668909549713135,0.12142475694417953,-0.5284336805343628,0.21538624167442322
0.0022747416514903307,0.12233642488718033,-0.0001141150132752955,-0.5440251231193542,-0.0036994535475969315,0.2550009489059448,-0.031457819044589996,-1.6324180364608765,0.0007694042287766933,-1.0476080179214478,1.5676883459091187,0.13396286964416504,-0.4164417088031769,0.3240838348865509
0.09580433368682861,0.057386286556720734,-6.45340551272966e-05,0.05578500032424927,0.015343336388468742,-0.4553317725658417,0.017312470823526382,-1.5684330463409424,-0.0013920983765274286,-1.0480844974517822,1.5735116004943848,0.046214617788791656,-0.49515998363494873,0.3688547909259796
0.06360933929681778,0.06574483215808868,-5.227258589002304e-05,-0.012989954091608524,0.02628350257873535,-0.2781273424625397,0.024673745036125183,-1.5457255840301514,-0.0014979284023866057,-1.0520341396331787,1.5754854679107666,0.04215901717543602,-0.5402350425720215,0.382950097322464
-0.04162868112325668,-0.4167575538158417,-0.0002857879735529423,-0.03178185597062111,0.014988337643444538,-0.6608169674873352,-0.015433416701853275,-1.5405168533325195,0.0013646194711327553,-1.044196605682373,1.5690443515777588,-0.395669549703598,-0.5927283763885498,0.3144102692604065
0.09659963846206665,0.04140600562095642,-0.00011048793385270983,0.1880897879600525,-0.00595374871045351,-0.6507859826087952,0.0061921714805066586,-1.3581076860427856,-0.0021107345819473267,-1.047966718673706,1.5727729797363281,0.021500859409570694,-0.5273123383522034,0.3549303114414215
-0.0750671923160553,-0.060152314603328705,-2.4445618691970594e-05,0.06949616223573685,-0.009316965006291866,-0.65233314037323,-0.011466355063021183,-1.4878754615783691,0.00012167102977400646,-1.0435899496078491,1.5697417259216309,-0.03483393415808678,-0.7238931655883789,0.322603702545166
-0.048109784722328186,-0.08078378438949585,-1.9800951122306287e-05,0.0273426603525877,0.0026335769798606634,-0.7246110439300537,-0.004978233017027378,-1.4958300590515137,-0.00042413146002218127,-1.0419965982437134,1.571714997291565,-0.06629283726215363,-0.6867255568504333,0.27830949425697327
0.017168153077363968,-0.11337747424840927,-1.603876989975106e-05,0.16094663739204407,-0.005850434303283691,-1.0111701488494873,-0.0073222024366259575,-1.441737174987793,0.0002719276526477188,-1.0423332452774048,1.5700311660766602,-0.0923321545124054,-0.6779250502586365,0.21821999549865723
0.013524774461984634,-0.07320758700370789,-8.235288987634704e-05,-0.3052811920642853,0.02286316081881523,-0.6696968078613281,0.02121240459382534,-1.1656359434127808,0.0030188539531081915,-1.0465267896652222,1.573958396911621,-0.11458368599414825,-0.3632381856441498,0.16299164295196533
0.01967640221118927,-0.037586405873298645,0.00013541536463890225,-0.29820629954338074,0.021976085379719734,-0.6251916289329529,0.018809936940670013,-1.3286657333374023,0.0030605648644268513,-1.04510498046875,1.5738732814788818,-0.07933678478002548,-0.40535688400268555,0.17247940599918365
-0.042911313474178314,-0.04691372811794281,-0.00020997670071665198,-0.5855655074119568,-0.011564742773771286,-0.019106384366750717,-0.0035345142241567373,-1.4330973625183105,-0.0018744680564850569,-1.0456409454345703,1.571079134941101,-0.02906680665910244,-0.3932867646217346,0.19496235251426697
-0.03281353414058685,-0.060756415128707886,-0.00017008112627081573,-0.5430843234062195,-0.009068208746612072,-0.016329895704984665,0.011133361607789993,-1.487472414970398,-0.0018681224901229143,-1.0459362268447876,1.5722078084945679,-0.050040457397699356,-0.36381521821022034,0.2550245225429535
0.008558060973882675,-0.05743304640054703,-0.00013776571722701192,-0.3125098943710327,-0.002544929040595889,-0.3233278691768646,0.0481250137090683,-1.6026860475540161,-0.002209833124652505,-1.0464653968811035,1.5754250288009644,-0.07074255496263504,-0.4489707052707672,0.24012655019760132
-0.023404546082019806,0.021787524223327637,0.000948083761613816,-0.13681694865226746,0.055157776921987534,-0.5804703235626221,0.041435275226831436,-1.5230257511138916,0.0033993886318057775,-1.0450679063796997,1.5763349533081055,-0.040816567838191986,-0.585312008857727,0.24740159511566162
-0.06727378815412521,0.04341716319322586,0.0007679302361793816,-0.20996320247650146,0.03753305599093437,-0.42142313718795776,0.03319959715008736,-1.5357003211975098,0.002199800219386816,-1.0454002618789673,1.5750385522842407,-0.005661868955940008,-0.6046280860900879,0.24112163484096527
-0.04282291606068611,0.04857182875275612,0.0006220234790816903,-0.06260880827903748,0.0036346251145005226,-0.6157171726226807,0.02187575399875641,-1.5633214712142944,-4.217309833620675e-05,-1.0441442728042603,1.5727248191833496,0.02550732158124447,-0.6206636428833008,0.2652145326137543
-0.07778339087963104,0.06870018690824509,0.0005038390518166125,-0.17499081790447235,0.011396950110793114,-0.4890424609184265,0.0177676510065794,-1.5482085943222046,0.00045559549471363425,-1.045707106590271,1.5726162195205688,0.04578179493546486,-0.6683924198150635,0.24754932522773743
-0.07812929153442383,0.0774160623550415,0.00040810959762893617,-0.11059508472681046,-0.005244559142738581,-0.6272279024124146,0.013930058106780052,-1.4810655117034912,-0.0007139661465771496,-1.046015977859497,1.5717881917953491,0.06522224843502045,-0.6382607221603394,0.24009589850902557
-0.09664002060890198,0.0693662166595459,0.0003305687860120088,-0.1300644427537918,-0.03224853798747063,-0.6871176362037659,0.011846079491078854,-1.390348196029663,-0.002457860391587019,-1.0462840795516968,1.5706881284713745,0.07806108891963959,-0.6391687989234924,0.23012949526309967
-0.04637305438518524,0.1904105693101883,0.000214020095882006,-0.611998438835144,0.01201634295284748,0.32736045122146606,0.05017063394188881,-1.5620125532150269,0.001553540350869298,-1.0472618341445923,1.5748517513275146,0.1428581178188324,-0.40482181310653687,0.26258784532546997
0.1133238822221756,0.33588162064552307,0.0001120504384743981,0.008048406802117825,-0.0090849744156003,-0.3892468214035034,-0.05231884494423866,-1.581850290298462,-0.00038319083978421986,-1.0447558164596558,1.5646226406097412,0.3874383866786957,-0.4522817134857178,0.3834095597267151
0.06053962558507919,0.2605653405189514,9.069242514669895e-05,-0.11339619755744934,-0.03512316569685936,-0.12084481865167618,-0.059296466410160065,-1.670762062072754,-0.0003290279128123075,-1.046320915222168,1.5621758699417114,0.33316612243652344,-0.5154802799224854,0.383710652589798
0.07869049161672592,0.12990769743919373,5.950573176960461e-05,0.030125929042696953,-0.021712135523557663,0.07888882607221603,-0.04959390312433243,-1.9213594198226929,-8.397692727157846e-05,-1.0466065406799316,1.5647292137145996,0.19008035957813263,-0.6495925188064575,0.40095970034599304
0.1368127018213272,-0.22242048382759094,2.132128611265216e-05,0.271851509809494,0.008896882645785809,-0.5573940277099609,0.02880394272506237,-1.7106797695159912,0.00044444832019507885,-1.0470831394195557,1.5714818239212036,-0.2633683681488037,-0.640537679195404,0.3706883192062378
0.1254776120185852,-0.17487603425979614,0.00017556967213749886,0.318526953458786,0.007082916796207428,-0.7710060477256775,0.02147512137889862,-1.6477667093276978,0.0005652473773807287,-1.0452677011489868,1.5708461999893188,-0.21132640540599823,-0.647322416305542,0.32694461941719055
0.09531262516975403,-0.11807970702648163,0.0001422114291926846,0.3097221851348877,0.005789861083030701,-0.8082901835441589,0.02099233865737915,-1.5685442686080933,-6.753914203727618e-05,-1.045641541481018,1.5722047090530396,-0.1598973572254181,-0.6620054841041565,0.2910989820957184
0.02574785053730011,-0.0698464959859848,0.0001151912656496279,0.11307978630065918,0.0037491058465093374,-0.597047746181488,0.012234741821885109,-1.490880012512207,0.0006548751844093204,-1.0470391511917114,1.5702205896377563,-0.10221336036920547,-0.6306419372558594,0.3306160271167755
0.017187049612402916,-0.03809083625674248,9.329240856459364e-05,0.04759427532553673,-0.006635477766394615,-0.4299791753292084,0.0013124541146680713,-1.5137310028076172,0.001405638176947832,-1.047764778137207,1.5676242113113403,-0.05531662702560425,-0.5927041172981262,0.36524924635887146
0.11307759582996368,0.07977965474128723,2.634853262861725e-05,-0.028264783322811127,-0.010404565371572971,-0.5085047483444214,-0.012987017631530762,-1.587418556213379,0.002123839920386672,-1.0434423685073853,1.5653773546218872,0.0869675874710083,-0.5055229663848877,0.31813642382621765
0.0577147975564003,0.06725998222827911,2.1342309992178343e-05,-0.2402115762233734,-0.03014080971479416,-0.3148898184299469,-0.014974105171859264,-1.496273159980774,0.0008831032901071012,-1.048729419708252,1.5647639036178589,0.0900963768362999,-0.4670359790325165,0.3025622069835663
0.05221186578273773,0.039669767022132874,1.7287271475652233e-05,-0.31593936681747437,-0.04111246392130852,-0.36774682998657227,-0.032820701599121094,-1.4603815078735352,7.848811219446361e-05,-1.0485607385635376,1.5629940032958984,0.08402994275093079,-0.4068659842014313,0.28410255908966064
0.03394528478384018,-0.0005964910378679633,1.791820614016615e-05,-0.49873608350753784,-0.04995380714535713,-0.154898002743721,-0.052248764783144,-1.5272486209869385,-0.0008503907010890543,-1.0496371984481812,1.5613179206848145,0.06314029544591904,-0.3963523805141449,0.22276625037193298
0.03216801956295967,-0.026754280552268028,1.4513746464217547e-05,-0.6911450028419495,-0.04217275232076645,0.2029801458120346,-0.04375767707824707,-1.5593256950378418,-0.0006147671956568956,-1.0524468421936035,1.5627366304397583,0.029909826815128326,-0.3357662856578827,0.21682150661945343
0.075799860060215,-0.03807952627539635,1.1756134881579783e-05,-0.5647944211959839,-0.035320669412612915,-0.01739071123301983,0.007713325321674347,-1.50639009475708,-0.0010747822234407067,-1.0513343811035156,1.5678696632385254,-0.007810704410076141,-0.28819507360458374,0.22651885449886322
0.099188894033432,-0.055986858904361725,4.624783468898386e-05,-0.5966854095458984,-0.028433693572878838,0.18461747467517853,0.016712941229343414,-1.5747979879379272,-0.0010814113775268197,-1.0510509014129639,1.5692702531814575,-0.03826354071497917,-0.2685835659503937,0.2536470890045166
0.15996676683425903,-0.06432231515645981,3.74607443518471e-05,-0.35296791791915894,-0.023127535358071327,-0.1071544662117958,0.046855565160512924,-1.6456620693206787,-0.0014893740881234407,-1.0494439601898193,1.5724083185195923,-0.06358739733695984,-0.29196757078170776,0.28917965292930603
0.16023115813732147,-0.07424132525920868,0.000305439141811803,-0.2794921100139618,-0.015406773425638676,-0.2403966188430786,0.05163997784256935,-1.6212217807769775,-0.0013975377660244703,-1.0488520860671997,1.5734599828720093,-0.08247844874858856,-0.34384623169898987,0.29402050375938416
0.12293309718370438,-0.0978887677192688,0.0002474016509950161,-0.38938406109809875,-0.01624259166419506,-0.028337320312857628,0.028527358546853065,-1.5560219287872314,-0.0009467102936469018,-1.0485421419143677,1.571576714515686,-0.09622901678085327,-0.3449629247188568,0.29399749636650085
0.11334523558616638,-0.11154960095882416,0.0002003953413804993,-0.29067501425743103,-0.011390854604542255,-0.2597622275352478,0.03133286163210869,-1.4316939115524292,-0.0009517418220639229,-1.0482844114303589,1.5722901821136475,-0.1121281236410141,-0.29800671339035034,0.33635327219963074
0.11408080160617828,-0.10710012167692184,0.00016232022608164698,-0.26727497577667236,0.0038374601863324642,-0.23426662385463715,0.045979779213666916,-1.43704354763031,-0.0005150341894477606,-1.0481030941009521,1.57477867603302,-0.1274096518754959,-0.3292502462863922,0.32072484493255615
-0.11460108309984207,-0.1090664491057396,2.883923843910452e-05,0.5065210461616516,0.0024407270830124617,-0.9315447211265564,-0.008167463354766369,-1.4854475259780884,-2.2536029064212926e-05,-1.0463377237319946,1.5693185329437256,-0.09592731297016144,-0.919456958770752,0.30672338604927063
0.1057315319776535,-0.01725730113685131,-0.0006076726131141186,-0.15373390913009644,-0.0001325651683146134,-0.4131332039833069,-0.018278172239661217,-1.7285536527633667,0.003175447229295969,-1.0458909273147583,1.5649118423461914,-0.007020422723144293,-0.463065505027771,0.3093413710594177
-0.039700064808130264,0.11083809286355972,-0.00022037886083126068,-0.6740263104438782,0.024726876989006996,0.11867378652095795,-0.004844059702008963,-1.7205227613449097,0.003743368200957775,-1.0468082427978516,1.5692787170410156,0.0848650112748146,-0.43609538674354553,0.18024827539920807
-0.07225481420755386,0.15262490510940552,-4.9985246732831e-05,-0.7568637132644653,0.01922428607940674,0.28342851996421814,0.016478747129440308,-1.6635217666625977,0.0028920285403728485,-1.0469083786010742,1.5710166692733765,0.11890604346990585,-0.4428218901157379,0.17329560220241547
-0.08604399859905243,0.20495066046714783,0.00011709274258464575,-0.7410690784454346,0.01350340899080038,0.1900433599948883,0.03565309941768646,-1.6059250831604004,0.0025747811887413263,-1.0469611883163452,1.5727263689041138,0.1591356098651886,-0.4232693016529083,0.18412327766418457
-0.09350647032260895,0.24272987246513367,9.484511974733323e-05,-0.8428050875663757,0.01186327449977398,0.4255918264389038,0.018394075334072113,-1.5885242223739624,0.0019694562070071697,-1.0470041036605835,1.5714107751846313,0.20685794949531555,-0.4015592932701111,0.18130585551261902
-0.06118202582001686,0.26610857248306274,7.681106944801286e-05,-0.7690695524215698,0.012134453281760216,0.43050050735473633,-0.0018301925156265497,-1.671697735786438,0.000731536652892828,-1.0469883680343628,1.5694682598114014,0.24801798164844513,-0.3803364932537079,0.21543703973293304
-0.038717739284038544,0.27559924125671387,6.221696821739897e-05,-0.7361612915992737,0.011790077202022076,0.5992016196250916,-0.013336635194718838,-1.7460054159164429,-0.00023076319484971464,-1.0470322370529175,1.5685169696807861,0.2719503343105316,-0.39048102498054504,0.26571255922317505
-0.198077991604805,-0.40033769607543945,1.2554995919344947e-05,-0.08691485226154327,0.0032149204052984715,0.020617077127099037,0.0016345040639862418,-1.8600680828094482,0.00016537285409867764,-1.0471625328063965,1.570212960243225,-0.3751751482486725,-0.8847677707672119,0.39797937870025635
-0.20267660915851593,-0.4477698802947998,1.0169545930693857e-05,-0.2044791728258133,0.005108329001814127,0.09515252709388733,0.014390947297215462,-1.8441153764724731,-0.0003091579710599035,-1.0470818281173706,1.571832299232483,-0.42904233932495117,-0.8358104825019836,0.4005143642425537
-0.04946000501513481,-0.5352904200553894,-4.388514571473934e-05,-0.6264705657958984,-0.0007674219668842852,0.20750649273395538,0.0419914536178112,-1.7344911098480225,0.0010355438571423292,-1.0460184812545776,1.5748382806777954,-0.554142415523529,-0.4471505582332611,0.2829670011997223
-0.02618817612528801,-0.5174322128295898,-3.554697104846127e-05,-0.5823966860771179,-0.0011208077194169164,-0.11002662032842636,0.062158141285181046,-1.6113630533218384,0.0004933489253744483,-1.046320915222168,1.5762041807174683,-0.5490388870239258,-0.45868349075317383,0.19210284948349
0.007619461044669151,-0.4333837628364563,-2.3322643755818717e-05,-0.7890739440917969,0.002382199978455901,0.06868070363998413,0.14289294183254242,-1.491651177406311,-0.0015500608133152127,-1.0458238124847412,1.5820378065109253,-0.5159257054328918,-0.33256399631500244,0.13396957516670227
0.04279058799147606,0.0991375595331192,0.00018527990323491395,0.03734245523810387,-0.00044108531437814236,-0.3819933235645294,0.028877295553684235,-1.6870793104171753,0.0010842971969395876,-1.0495861768722534,1.5769304037094116,0.06932675838470459,-0.6417158842086792,0.2947719097137451
-0.07030096650123596,0.2211921066045761,4.184143108432181e-05,-0.40384912490844727,-0.016699258238077164,0.0033416657242923975,0.03260520473122597,-1.6477017402648926,0.0021171497646719217,-1.0459433794021606,1.5736525058746338,0.1955530047416687,-0.5106688141822815,0.32729560136795044
-0.04471215978264809,0.28093254566192627,0.00030353525653481483,-0.254247784614563,-0.009403523989021778,-0.2595788240432739,0.06250661611557007,-1.682664394378662,0.0009035732364282012,-1.046216607093811,1.5764449834823608,0.23444481194019318,-0.5679731965065002,0.2875147759914398
-0.05820378661155701,0.3491837978363037,0.000582476903218776,-0.38747352361679077,0.0032728754449635744,0.0993167906999588,0.0812072604894638,-1.793808937072754,0.0005703785573132336,-1.0463874340057373,1.5785987377166748,0.2874266803264618,-0.610329806804657,0.2846395969390869
-0.05714001506567001,0.4019107222557068,0.000471806270070374,-0.45317786931991577,0.0034121954813599586,0.438469260931015,0.06045445054769516,-1.8263912200927734,0.0002599763683974743,-1.0465131998062134,1.5767128467559814,0.34816616773605347,-0.5592839121818542,0.35039329528808594
-0.1714068055152893,0.16831722855567932,-0.00018775933131109923,-0.07735002040863037,0.007932771928608418,-0.36492547392845154,0.05020749196410179,-1.6042693853378296,0.0010916534811258316,-1.0461410284042358,1.5715341567993164,0.1363641321659088,-0.7908926010131836,0.371069073677063
-0.16513802111148834,0.15683776140213013,-0.00015208504919428378,-0.12208826094865799,-0.018183398991823196,-0.49233874678611755,0.035684168338775635,-1.5970635414123535,-0.00012484555190894753,-1.045903205871582,1.5696349143981934,0.14764262735843658,-0.7624562382698059,0.2931608557701111
-0.12872081995010376,0.1307421624660492,-0.00012262487143743783,-0.05438889190554619,-0.04453476518392563,-0.7045539021492004,0.02764410711824894,-1.5177210569381714,-0.001802926417440176,-1.048230528831482,1.5686321258544922,0.14522968232631683,-0.7520161271095276,0.24179036915302277
-0.08746369183063507,0.0675615668296814,-7.808676309650764e-05,-0.21938082575798035,-0.05155274271965027,-0.4113120138645172,0.0175485759973526,-1.5174901485443115,-0.0021467579063028097,-1.0540416240692139,1.5684243440628052,0.0978466272354126,-0.6486374735832214,0.23807327449321747
-0.06668359041213989,0.03274134173989296,-6.823956937296316e-05,-0.26502418518066406,-0.04907844588160515,-0.3564540445804596,0.010508834384381771,-1.4762316942214966,-0.002201239112764597,-1.0487205982208252,1.568107008934021,0.06893135607242584,-0.5704798102378845,0.2767574191093445
-0.05757111683487892,0.008974766358733177,-5.503039210452698e-05,-0.33432337641716003,-0.032363567501306534,-0.3681826591491699,0.0160059817135334,-1.550580382347107,-0.001369466888718307,-1.0481816530227661,1.5696474313735962,0.03426983579993248,-0.5401469469070435,0.2544052004814148
0.10275838524103165,0.07904109358787537,-1.9160943338647485e-05,-0.19884125888347626,0.03739112988114357,-0.21494071185588837,0.016030920669436455,-1.6162521839141846,0.004477395210415125,-1.047911286354065,1.572212815284729,0.03896008059382439,-0.4449159801006317,0.32040637731552124
0.107340008020401,0.09825363010168076,-0.0003033509710803628,-0.1896112710237503,0.025028489530086517,-0.2117091417312622,0.0071315825916826725,-1.6468876600265503,0.0036046707537025213,-1.0441458225250244,1.5711132287979126,0.06925687193870544,-0.4375351071357727,0.33787477016448975
0.09115935862064362,0.10405053198337555,-0.00024334134650416672,-0.1774054765701294,0.004073296673595905,-0.36488035321235657,-0.00960274413228035,-1.605508804321289,0.0026316919829696417,-1.0437157154083252,1.5686465501785278,0.09646910429000854,-0.45788922905921936,0.3146909177303314
0.0485190786421299,0.12225902825593948,8.58497733133845e-05,-0.3172493577003479,0.007819939404726028,-0.3527517020702362,-0.006129853893071413,-1.580472707748413,0.0024721226654946804,-1.0447168350219727,1.569271206855774,0.11307637393474579,-0.46653056144714355,0.26099684834480286
-0.010956572368741035,0.23534059524536133,0.0002571751538198441,-0.5952058434486389,0.010152574628591537,-0.03930168226361275,0.01866128295660019,-1.4877182245254517,0.0010556449415162206,-1.0452388525009155,1.5721817016601562,0.21041199564933777,-0.41454198956489563,0.173908531665802
0.01741928420960903,0.26139897108078003,0.00022436196741182357,-0.470933735370636,0.008266545832157135,-0.1888936460018158,0.017402494326233864,-1.391777753829956,0.0008132453076541424,-1.0455007553100586,1.5720947980880737,0.23429329693317413,-0.3409713804721832,0.2264387160539627
0.040117427706718445,0.2722373306751251,0.00018173319404013455,-0.3367617130279541,0.00039938808185979724,-0.4142538905143738,-0.004312148783355951,-1.3812639713287354,0.0005392300663515925,-1.0451998710632324,1.5698449611663818,0.2620426118373871,-0.35754910111427307,0.24398067593574524
0.04192400351166725,0.26705002784729004,0.00014720388571731746,-0.22510367631912231,-0.020680870860815048,-0.7411218285560608,-0.013273303396999836,-1.3552714586257935,-0.0017926552100107074,-1.0448304414749146,1.5681074857711792,0.28187820315361023,-0.4247884452342987,0.19387729465961456
-0.04266877472400665,0.11323630064725876,6.327132723527029e-05,-0.33126169443130493,-0.07990748435258865,-0.37321406602859497,-0.011533568613231182,-1.4198853969573975,-0.008855534717440605,-1.0468717813491821,1.5682107210159302,0.18899525701999664,-0.48712000250816345,0.23149649798870087
-0.06793788820505142,0.03916788473725319,5.124977542436682e-05,-0.34934839606285095,-0.08043848723173141,-0.3603738248348236,-0.028322871774435043,-1.3475284576416016,-0.008320771157741547,-1.046104073524475,1.5659985542297363,0.1318853348493576,-0.47294119000434875,0.2500496506690979
-0.10270363837480545,-0.022261671721935272,-4.502353476709686e-06,-0.44481539726257324,-0.06630324572324753,-0.16446657478809357,-0.023108774796128273,-1.4178073406219482,-0.006886291317641735,-1.0472979545593262,1.5667951107025146,0.06200302764773369,-0.4690558910369873,0.2633180618286133
-0.09851707518100739,-0.09781251102685928,-3.6469061797106406e-06,-0.2809367775917053,-0.05593804642558098,-0.42164894938468933,-0.02254936844110489,-1.4122885465621948,-0.005718281492590904,-1.0467177629470825,1.567077875137329,-0.016174832358956337,-0.5125076770782471,0.2612018883228302
-0.08717790246009827,-0.1605653166770935,-2.9539939987444086e-06,-0.1983315348625183,-0.03742534667253494,-0.3853241503238678,-0.014900085516273975,-1.523709774017334,-0.004026054870337248,-1.0467289686203003,1.5684635639190674,-0.09711996465921402,-0.5876635313034058,0.2612650394439697
-0.059861864894628525,-0.20669735968112946,-2.392735268585966e-06,-0.12585550546646118,-0.009008378721773624,-0.2768712341785431,-0.0023326778318732977,-1.6278493404388428,-0.002228011377155781,-1.0469926595687866,1.5709792375564575,-0.16987265646457672,-0.6226851940155029,0.31746524572372437
-0.23945029079914093,-0.4196152091026306,-0.00018850748892873526,-0.16444726288318634,-0.005563922226428986,-0.46592655777931213,0.07761549949645996,-1.5769615173339844,0.000335400749463588,-1.0426361560821533,1.5739221572875977,-0.45516782999038696,-0.838445782661438,0.29071083664894104
-0.2154053896665573,-0.420600026845932,-0.00018269919382873923,-0.3888390064239502,-0.005046927835792303,-0.19265568256378174,0.062349461019039154,-1.664886236190796,0.0002309792471351102,-1.0435377359390259,1.5732518434524536,-0.4484398663043976,-0.7652873396873474,0.24446040391921997
-0.1671256422996521,-0.43499287962913513,-0.00014786759857088327,-0.5189518332481384,-0.007601946592330933,0.03085809201002121,0.023311598226428032,-1.6166396141052246,0.0006467772764153779,-1.0446525812149048,1.5704376697540283,-0.44291743636131287,-0.6498044729232788,0.24009454250335693
-0.09210085868835449,-0.43816420435905457,-0.00011977274698438123,-0.46031510829925537,-0.005940720438957214,-0.16058163344860077,0.01979098841547966,-1.581392765045166,0.0004962881212122738,-1.0435580015182495,1.5705746412277222,-0.4429677128791809,-0.5435916781425476,0.2487276941537857
0.06383276730775833,-0.24401508271694183,-4.922928928863257e-05,-0.98486328125,0.0005810062284581363,0.4637444019317627,0.03035631962120533,-1.6604294776916504,0.003567422740161419,-1.0493791103363037,1.5676052570343018,-0.2719787359237671,-0.2326517254114151,0.08088856935501099
0.012069003656506538,-0.22651006281375885,0.00038276449777185917,-1.0936578512191772,0.000968481763266027,0.7490525245666504,0.035395704209804535,-1.6781578063964844,0.008136752061545849,-1.092700481414795,1.5677425861358643,-0.24503572285175323,-0.2038019299507141,0.11396752297878265
-0.03080141544342041,-0.22770951688289642,0.0003100392350461334,-1.1086150407791138,0.0010275791864842176,0.8820180296897888,0.02789713628590107,-1.7075616121292114,0.00641360878944397,-1.0840460062026978,1.5682209730148315,-0.24066409468650818,-0.27043721079826355,0.12399466335773468
-0.0496489480137825,-0.29448261857032776,0.00016482683713547885,-0.4673781096935272,-0.0001869325787993148,0.21717189252376556,0.0205670353025198,-1.7154669761657715,0.003566463477909565,-1.0657355785369873,1.5698491334915161,-0.2938627004623413,-0.44938284158706665,0.32059866189956665
-0.05641068145632744,-0.29958096146583557,0.0001335097331320867,-0.40645453333854675,-0.0021700793877243996,0.2740930914878845,0.0430779755115509,-1.7439017295837402,0.0030354128684848547,-1.0622289180755615,1.5722123384475708,-0.31184250116348267,-0.5247629880905151,0.3630219101905823
-0.16038769483566284,0.08494343608617783,0.0001502538361819461,0.5314860939979553,0.0015112456167116761,-0.7900252342224121,-0.020587215200066566,-1.6690454483032227,0.0008226578938774765,-1.046846628189087,1.5679956674575806,0.09933362901210785,-1.0196961164474487,0.324552983045578
-0.2769690752029419,-0.04495673626661301,0.00010491898865438998,-0.041131164878606796,-0.02629426307976246,-0.3419254422187805,-0.03430970758199692,-1.664194941520691,0.0003667588753160089,-1.0456465482711792,1.5672962665557861,-0.0023971209302544594,-0.9373925924301147,0.3420009911060333
-0.30038344860076904,-0.07237992435693741,8.516618254361674e-05,-0.30300816893577576,-0.019491514191031456,0.00835293810814619,-0.023387297987937927,-1.6115543842315674,0.00018040029681287706,-1.0488048791885376,1.5685335397720337,-0.036974430084228516,-0.8469668030738831,0.3611307442188263
-0.24637113511562347,-0.07905679196119308,5.58815045224037e-05,-0.33386409282684326,0.019795892760157585,-0.20040380954742432,0.02830079197883606,-1.4938366413116455,0.0008072666241787374,-1.0482940673828125,1.5755029916763306,-0.09631749987602234,-0.7134872674942017,0.3041921854019165
-0.19958433508872986,-0.060665275901556015,4.526401971816085e-05,-0.3394777774810791,0.028350237756967545,-0.16926012933254242,0.06451801210641861,-1.421423316001892,0.00012919667642563581,-1.0486823320388794,1.5791127681732178,-0.10614413022994995,-0.6459223031997681,0.3127501308917999
-0.15652155876159668,-0.05570676177740097,3.666385600809008e-05,-0.3349824845790863,0.02481668069958687,-0.2098684161901474,0.06072736904025078,-1.4274816513061523,-4.6439661673502997e-05,-1.0479661226272583,1.5784207582473755,-0.10268750041723251,-0.5829654335975647,0.33465924859046936
-0.12625673413276672,-0.0413765124976635,2.969772322103381e-05,-0.391167014837265,0.026703860610723495,-0.2448386400938034,0.06904522329568863,-1.433426022529602,-0.00014545192243531346,-1.0476229190826416,1.5791893005371094,-0.09353246539831161,-0.5514089465141296,0.29304155707359314
-0.094846710562706,-0.011442608200013638,2.0401201254571788e-05,-0.5195689797401428,0.031271252781152725,-0.07906211912631989,0.09044110774993896,-1.435728907585144,-0.00032420436036773026,-1.0490795373916626,1.581197738647461,-0.0807410255074501,-0.49508005380630493,0.2508935034275055
-0.02353782393038273,0.07440652698278427,9.167666576104239e-06,-0.7541322112083435,0.01469804160296917,0.13060860335826874,0.08065921068191528,-1.4519433975219727,-4.8938625695882365e-05,-1.0487064123153687,1.5798263549804688,0.0076811909675598145,-0.28592103719711304,0.2295743077993393
0.00213834410533309,0.10544124990701675,7.4258100539736915e-06,-0.847854733467102,0.012278126552700996,0.2073943018913269,0.05524781346321106,-1.5510730743408203,5.386798147810623e-05,-1.0485045909881592,1.5772613286972046,0.05220358818769455,-0.2994336187839508,0.13954930007457733
0.018049271777272224,0.12007041275501251,6.014905920892488e-06,-0.8787863254547119,0.011677603237330914,0.16686327755451202,0.007282436825335026,-1.4796606302261353,0.0002557047992013395,-1.0482360124588013,1.572868824005127,0.09443984925746918,-0.26925554871559143,0.09800050407648087
0.036527108401060104,0.14270994067192078,-2.7527392376214266e-05,-0.9404410123825073,0.009860387071967125,0.31129100918769836,-0.001882952987216413,-1.5752183198928833,0.00023886203416623175,-1.0480663776397705,1.5718356370925903,0.12582919001579285,-0.24419164657592773,0.08140677213668823
0.05265257507562637,0.17987336218357086,-2.229718847956974e-05,-0.9081155061721802,0.006558549590408802,0.3088233768939972,0.013528795912861824,-1.6322416067123413,0.00043557205935940146,-1.0479090213775635,1.5730457305908203,0.15415358543395996,-0.2490483820438385,0.08457827568054199
0.04513447359204292,0.24921534955501556,-0.00017723391647450626,-0.4631463587284088,-0.0006191959837451577,0.14460696280002594,-0.049765367060899734,-1.6798597574234009,0.0009702985407784581,-1.0484412908554077,1.5673414468765259,0.261459618806839,-0.3944288492202759,0.2909626066684723
0.042119842022657394,0.08651936054229736,-6.185801612446085e-05,0.15597859025001526,-0.029129773378372192,-0.5992704033851624,-0.1295553296804428,-1.5941845178604126,0.0040500876493752,-1.0474085807800293,1.5547704696655273,0.18770168721675873,-0.6314150094985962,0.34330907464027405
0.031018201261758804,0.040802545845508575,-5.029019666835666e-05,0.17181502282619476,-0.021566135808825493,-0.4658248722553253,-0.09958329796791077,-1.686665654182434,0.0026756718289107084,-1.0506000518798828,1.5593633651733398,0.12005326896905899,-0.6767868399620056,0.3444746434688568
-0.0010974142933264375,0.049266327172517776,4.833624552702531e-05,-0.16751354932785034,0.016042742878198624,-0.3487640619277954,-0.03711910918354988,-1.5799281597137451,-0.00018091121455654502,-1.0460413694381714,1.5698350667953491,0.07469997555017471,-0.5580683946609497,0.33975791931152344
0.07341546565294266,0.05733509734272957,3.915235720342025e-05,-0.07078835368156433,0.04765532910823822,-0.7070196270942688,-0.022961122915148735,-1.4955542087554932,0.0017381226643919945,-1.0437041521072388,1.5723252296447754,0.049540601670742035,-0.5363302826881409,0.26165086030960083
0.11602787673473358,-0.09362193942070007,0.00011290175461908802,-0.36561810970306396,0.017506534233689308,-0.10471472144126892,0.06713757663965225,-1.5294334888458252,0.0007610126049257815,-1.0479927062988281,1.5774681568145752,-0.1482626348733902,-0.2976585924625397,0.2855932116508484
0.11921272426843643,-0.039386071264743805,0.00048466460430063307,-0.26289355754852295,0.022944428026676178,-0.1830866038799286,0.09948698431253433,-1.5622683763504028,-0.00039608223596587777,-1.047620415687561,1.580764651298523,-0.1156570240855217,-0.3445843756198883,0.33182549476623535
0.08656647056341171,-0.00415883120149374,0.00039257833850570023,-0.29815250635147095,0.02011331170797348,0.019337797537446022,0.08025716245174408,-1.6366373300552368,-0.00022805045591667295,-1.047922968864441,1.5789457559585571,-0.07184552401304245,-0.3872149884700775,0.35326120257377625
-0.16988037526607513,0.03424346446990967,-0.00018797630036715418,-0.7184179425239563,-0.00020264573686290532,0.29384565353393555,-0.014657721854746342,-1.5971662998199463,0.000281268497928977,-1.0474863052368164,1.5689173936843872,0.04310758784413338,-0.5096035003662109,0.2619614005088806
-0.16303564608097076,0.036892615258693695,-0.00015226079267449677,-0.8175033330917358,-0.0011417618952691555,0.2410053163766861,-0.00048092202632687986,-1.5143156051635742,0.0003254659823141992,-1.0474008321762085,1.570328712463379,0.03854379802942276,-0.46516990661621094,0.2019178569316864
-0.14722564816474915,0.029703114181756973,-0.00012333125050645322,-1.029483437538147,0.00013081282668281347,0.49361366033554077,-0.011007669381797314,-1.4266705513000488,7.329306390602142e-05,-1.0473777055740356,1.5692673921585083,0.037353601306676865,-0.38247790932655334,0.13698208332061768
-0.10188641399145126,0.008154917508363724,-9.989830869017169e-05,-1.1792365312576294,0.0026628091000020504,0.7656412720680237,-0.018933827057480812,-1.4942777156829834,-0.0010565555421635509,-1.0473653078079224,1.568171739578247,0.028086235746741295,-0.2867494523525238,0.11379475891590118
-0.07515375316143036,-0.004220058210194111,-8.092012285487726e-05,-1.111447811126709,0.0013737998669967055,0.45675602555274963,-0.01227591186761856,-1.4205677509307861,-0.0003875444526784122,-1.0472757816314697,1.5692976713180542,0.007503124885261059,-0.24482043087482452,0.0788702592253685
-0.0490788072347641,-0.0013088795822113752,-6.554530409630388e-05,-1.1270838975906372,-0.0006555816507898271,0.3915669620037079,0.0021124721970409155,-1.424993634223938,0.000292791984975338,-1.0472646951675415,1.5713495016098022,-0.0019760329741984606,-0.2378300130367279,0.013348580338060856
-0.006020146422088146,0.2060306817293167,-7.43416057957802e-06,-0.7470752596855164,0.009503340348601341,0.3546270430088043,0.059760868549346924,-1.6148042678833008,0.0001606932346476242,-1.0509202480316162,1.5759912729263306,0.15501166880130768,-0.36475375294685364,0.17869117856025696
0.028657671064138412,0.2506982684135437,-6.021670287736924e-06,-0.5079508423805237,0.007057654205709696,0.03858403116464615,0.05911333113908768,-1.5463275909423828,9.244343527825549e-05,-1.0502073764801025,1.5759578943252563,0.19745677709579468,-0.32573264837265015,0.27296242117881775
0.057932768017053604,0.2845824062824249,-4.632791842595907e-06,-0.31124043464660645,0.004097916651517153,-0.2549072504043579,0.03445393964648247,-1.6323504447937012,0.00037178752245381474,-1.0492067337036133,1.5737448930740356,0.24475163221359253,-0.4086976647377014,0.2765273451805115
0.03758377581834793,0.3253770172595978,8.30029821372591e-05,-0.2675379514694214,0.0051488690078258514,-0.26995038986206055,0.029321422800421715,-1.622664451599121,0.0004029543197248131,-1.0488303899765015,1.573357343673706,0.288992315530777,-0.48736777901649475,0.25891822576522827
0.026950856670737267,0.352837473154068,6.723241676809266e-05,-0.2264835685491562,-0.005824089515954256,-0.3133733868598938,0.01291678473353386,-1.6751025915145874,-2.37094300246099e-05,-1.04781174659729,1.5713815689086914,0.33125197887420654,-0.5207423567771912,0.27683404088020325
-0.07967745512723923,0.3174966275691986,2.059944199572783e-05,-0.4057023227214813,-0.0460762120783329,0.09742866456508636,-0.06597331911325455,-1.7517539262771606,-0.002474726177752018,-1.046342372894287,1.5639235973358154,0.3788306415081024,-0.5977261066436768,0.2887577414512634
-0.04888442903757095,0.28641477227211,1.722065826470498e-05,-0.39270249009132385,-0.03770402446389198,0.3189716339111328,-0.055081989616155624,-1.7712929248809814,-0.0018421383574604988,-1.0466082096099854,1.5650800466537476,0.34235134720802307,-0.5578855276107788,0.35534653067588806
-0.19109220802783966,0.16265049576759338,-8.222322503570467e-05,-0.15010792016983032,-0.006840527057647705,-0.23415721952915192,-0.02778744511306286,-1.6886632442474365,0.00020435612532310188,-1.0474436283111572,1.567274808883667,0.1830012947320938,-0.8186714053153992,0.3516784906387329
-0.16847696900367737,0.1581726372241974,-6.660081271547824e-05,-0.23876728117465973,0.0017851049778982997,-0.3713534474372864,-0.017570091411471367,-1.6332212686538696,0.0004096601333003491,-1.0466161966323853,1.5687851905822754,0.17023813724517822,-0.7542198896408081,0.29524627327919006
-0.014355925843119621,-0.1889452338218689,9.56008952925913e-05,-0.6376919746398926,-0.009525948204100132,-0.12772881984710693,-0.033178579062223434,-1.314502477645874,-0.0006467968341894448,-1.051589846611023,1.5688562393188477,-0.15600372850894928,-0.31243327260017395,0.1003110334277153
-0.006809177342802286,-0.21011030673980713,7.743672904325649e-05,-0.4454648792743683,-0.007876917719841003,-0.23166701197624207,-0.036321546882390976,-1.2565617561340332,-0.0004742567543871701,-1.041873812675476,1.568679690361023,-0.17702752351760864,-0.29940709471702576,0.23368915915489197
-0.1452566683292389,0.007762966677546501,8.305688970722258e-05,-0.17830884456634521,-0.03453471139073372,-0.3275943994522095,-0.068021260201931,-1.599582314491272,0.001869383966550231,-1.0485481023788452,1.561856985092163,0.07352130860090256,-0.7200570702552795,0.32583895325660706
-0.18919189274311066,-0.009173012338578701,6.727607978973538e-05,-0.38164854049682617,-0.014781557954847813,-0.1681557446718216,-0.03952784836292267,-1.545737862586975,0.0018861808348447084,-1.049290657043457,1.5657175779342651,0.032938431948423386,-0.6686406135559082,0.29011672735214233
-0.18452943861484528,-0.03921099007129669,5.4491312766913325e-05,-0.40719184279441833,-0.012604859657585621,-0.37658825516700745,-0.03358253464102745,-1.4718732833862305,0.0014910122845321894,-1.0488967895507812,1.5665159225463867,-0.0011591194197535515,-0.6223098039627075,0.23803018033504486
0.01369826216250658,-0.29207608103752136,2.148133353330195e-05,-0.18755359947681427,0.03907444328069687,-0.305381715297699,0.0035497492644935846,-1.5178030729293823,0.00449752202257514,-1.045789122581482,1.5709110498428345,-0.3224264085292816,-0.5515993237495422,0.232253298163414
0.02672032080590725,0.18855105340480804,0.0002672112314030528,0.25766628980636597,0.011410005390644073,-0.6738117337226868,-0.08874478936195374,-1.567742943763733,-0.001265565399080515,-1.0464624166488647,1.5704410076141357,0.2265699803829193,-0.721612274646759,0.3595151901245117
-0.0025963832158595324,0.18073686957359314,0.0002163049066439271,0.016465893015265465,0.006646257359534502,-0.5171779990196228,-0.07797626405954361,-1.562040090560913,-0.00023713217524345964,-1.047094464302063,1.568570613861084,0.21998929977416992,-0.658530592918396,0.3370840549468994
0.012673364020884037,0.15632890164852142,0.0001752069656504318,-0.170135036110878,-0.012685970403254032,-0.24803772568702698,-0.06792384386062622,-1.6565515995025635,-0.0005089716869406402,-1.049619436264038,1.567277193069458,0.2029573768377304,-0.592503547668457,0.32270148396492004
0.05350533500313759,0.14491067826747894,0.0001419176405761391,-0.2354086935520172,-0.005448522977530956,-0.08397781848907471,-0.04491042345762253,-1.7030465602874756,-0.0005759408231824636,-1.0491043329238892,1.5691932439804077,0.1777895838022232,-0.5258321762084961,0.3352527618408203
0.13546866178512573,0.0712767019867897,0.0002652169205248356,-0.30238673090934753,0.0003330973850097507,-0.07613318413496017,-0.057216353714466095,-1.7099952697753906,0.00018267775885760784,-1.0480494499206543,1.5667195320129395,0.10952191054821014,-0.37227174639701843,0.34366166591644287
0.14060382544994354,0.041530791670084,0.00021482568990904838,-0.34943315386772156,-3.144919901387766e-05,0.019159164279699326,-0.04660407453775406,-1.776285171508789,0.00015339830133598298,-1.0479217767715454,1.5674413442611694,0.07686614990234375,-0.39764347672462463,0.3081994652748108
0.11916681379079819,0.002277148887515068,0.00017404092068318278,-0.4407811760902405,-0.0006205516983754933,0.08371573686599731,-0.057976316660642624,-1.8205463886260986,0.0005957270041108131,-1.0475831031799316,1.5663608312606812,0.041961539536714554,-0.4003128111362457,0.2964213788509369
0.10708438605070114,-0.053522445261478424,0.00014097314851824194,-0.5283129811286926,0.0003188587143085897,0.2070511132478714,-0.08813699334859848,-1.74665367603302,0.0010455675655975938,-1.047545075416565,1.564003825187683,0.0038911122828722,-0.374764084815979,0.2745881974697113
0.10067600011825562,-0.09667646884918213,0.00011418824578868225,-0.5124632716178894,-0.0002857553481590003,0.06535427272319794,-0.06482505053281784,-1.660260796546936,0.0007305892067961395,-1.0450140237808228,1.56597900390625,-0.04424792528152466,-0.3327404260635376,0.2767973840236664
0.0963081568479538,-0.1494966298341751,9.249247523257509e-05,-0.5991290211677551,2.750116618699394e-05,0.24715597927570343,-0.06862623989582062,-1.6112364530563354,0.0008636182174086571,-1.045474648475647,1.565569281578064,-0.09396462142467499,-0.30479246377944946,0.2707875072956085
0.12571722269058228,-0.2329164296388626,4.913194788969122e-05,-0.4085147976875305,-0.0034966401290148497,-0.08545584231615067,0.001054671942256391,-1.6654011011123657,0.0015001558931544423,-1.0461121797561646,1.5719655752182007,-0.22080405056476593,-0.2942604720592499,0.3122565448284149
0.13119418919086456,-0.2565690875053406,3.9796843338990584e-05,-0.37681880593299866,-0.004441612865775824,-0.183258518576622,-0.005407556425780058,-1.7196872234344482,0.0012597901513800025,-1.0463193655014038,1.571152925491333,-0.24242272973060608,-0.39086270332336426,0.239932581782341
0.12951906025409698,-0.2699867784976959,3.2235748221864924e-05,-0.4542211890220642,-0.001479794387705624,0.06957341730594635,0.010005640797317028,-1.7558890581130981,0.0007763472385704517,-1.0464837551116943,1.572339653968811,-0.26380595564842224,-0.39261993765830994,0.24643009901046753
0.1268579661846161,-0.26669663190841675,2.6110954422620125e-05,-0.43167564272880554,-0.0011509020114317536,0.005180844105780125,0.05052630975842476,-1.7110185623168945,-0.00019808229990303516,-1.0465545654296875,1.5755008459091187,-0.28157034516334534,-0.34603989124298096,0.28753799200057983
0.09360198676586151,-0.2483239769935608,2.1149873646209016e-05,-0.5415165424346924,-0.0003011849184986204,0.23015426099300385,0.0955556333065033,-1.7182049751281738,-0.0012685887049883604,-1.046709656715393,1.5791077613830566,-0.2888147830963135,-0.34667712450027466,0.2818984389305115
0.06538037210702896,-0.21855823695659637,1.7131396816694178e-05,-0.6046885251998901,-0.0037182390224188566,0.44975435733795166,0.11350969225168228,-1.7305997610092163,-0.00047675546375103295,-1.0469553470611572,1.5805176496505737,-0.2778646945953369,-0.33228057622909546,0.31370875239372253
-0.03351058065891266,-0.04512598738074303,-0.0001550007873447612,-0.23073622584342957,-0.017095360904932022,-0.3413585126399994,0.01465256605297327,-1.7429124116897583,0.0012006297474727035,-1.0462173223495483,1.5709657669067383,-0.06819207221269608,-0.5784614682197571,0.29822102189064026
-0.03095131181180477,0.04737239331007004,-0.0004142260586377233,0.17414070665836334,-0.04071787744760513,-0.47088176012039185,0.00532733416184783,-1.7093286514282227,-0.0019421131582930684,-1.044947862625122,1.5704052448272705,0.05439131706953049,-0.7529938220977783,0.3283657133579254
-0.02714221179485321,0.07884921878576279,-0.0003355231019668281,0.2928570508956909,-0.032662127166986465,-0.578730583190918,0.01547511387616396,-1.6604548692703247,-0.002427595667541027,-1.045454740524292,1.5728079080581665,0.07138768583536148,-0.7706883549690247,0.3750505745410919
-0.026534302160143852,0.10123497992753983,-0.0002717737224884331,0.386274516582489,-0.025987859815359116,-0.7863956689834595,0.007470363285392523,-1.7385728359222412,-0.0015164146898314357,-1.044858455657959,1.5711628198623657,0.0976780354976654,-0.8282364010810852,0.3366876542568207
-0.057249028235673904,0.10899071395397186,-0.00022013670240994543,0.3750351071357727,-0.020759040489792824,-1.0097476243972778,0.0031224892009049654,-1.662156105041504,-0.0008570574573241174,-1.0463757514953613,1.5699948072433472,0.11158618330955505,-0.8927292227745056,0.2540898323059082
-0.18100705742835999,0.17359477281570435,-0.00036612313124351203,-0.21686658263206482,-0.00936384592205286,-0.2623269855976105,0.0049808090552687645,-1.4533989429473877,-0.0020200777798891068,-1.0484631061553955,1.5721057653427124,0.1645805686712265,-0.7017091512680054,0.299172967672348
-0.022913582623004913,-0.12864579260349274,9.424109157407656e-05,0.004117824137210846,-0.0014844236429780722,-0.49898460507392883,0.04793976619839668,-1.5413198471069336,-0.0023008238058537245,-1.0480270385742188,1.5783812999725342,-0.17269454896450043,-0.6825645565986633,0.32387882471084595
-0.04180104285478592,-0.09608595818281174,7.633562199771404e-05,-0.26458415389060974,-0.013980761170387268,-0.2836875915527344,0.03486078232526779,-1.574881672859192,-0.0022617769427597523,-1.0478401184082031,1.5757511854171753,-0.12623314559459686,-0.5840480327606201,0.3182825744152069
-0.008165213279426098,-0.07997803390026093,6.183185178088024e-05,-0.2625769078731537,-0.029835106804966927,-0.5402892827987671,0.013727586716413498,-1.561168909072876,-0.002990919630974531,-1.0467027425765991,1.572580099105835,-0.0862010195851326,-0.5506444573402405,0.23317694664001465
0.07145716995000839,0.26308318972587585,-0.00011028424341930076,-0.23759812116622925,-0.026157356798648834,-0.5348628759384155,0.002929208567366004,-1.3644435405731201,-0.002103066071867943,-1.045361876487732,1.570667028427124,0.2594435214996338,-0.41090211272239685,0.19901752471923828
0.0538940355181694,0.2713017165660858,-8.933023491408676e-05,-0.1608612984418869,-0.045617930591106415,-0.5967264771461487,-0.0006861126166768372,-1.3690431118011475,-0.004027184098958969,-1.0457327365875244,1.5693902969360352,0.28839191794395447,-0.4038607180118561,0.250480592250824
0.05569557473063469,0.29381632804870605,-7.235749217215925e-05,-0.04069710150361061,-0.030180012807250023,-0.6499917507171631,-0.000797539425548166,-1.3486374616622925,-0.002847617259249091,-1.045992374420166,1.5698604583740234,0.3026648461818695,-0.4622372090816498,0.26053470373153687
-0.007034915965050459,0.3048984408378601,-5.946402598056011e-05,-0.1592431217432022,-0.03910795971751213,-0.410314679145813,-0.0020093191415071487,-1.3046667575836182,-0.002978717675432563,-1.0459480285644531,1.5690033435821533,0.32008665800094604,-0.45767679810523987,0.331959068775177
-0.0694831982254982,0.43525466322898865,-3.371933871676447e-06,-0.2132103592157364,-0.019715549424290657,-0.07493440061807632,-0.012609775178134441,-1.6216529607772827,0.00010467691026860848,-1.048770546913147,1.5686209201812744,0.4407503306865692,-0.6047455668449402,0.3698597550392151
-0.06895440816879272,-0.29457956552505493,9.297369251726195e-05,-0.7010822892189026,0.0007402285118587315,0.19936993718147278,0.02882257103919983,-1.6542160511016846,0.00034527387470006943,-1.0477855205535889,1.574678659439087,-0.3071556091308594,-0.41305047273635864,0.22323504090309143
-0.060386937111616135,-0.274175226688385,7.53186977817677e-05,-0.8069352507591248,-0.001906811841763556,0.4067601263523102,0.05861615762114525,-1.7067970037460327,0.0003812200448010117,-1.047764539718628,1.5767794847488403,-0.3046456575393677,-0.4277089536190033,0.18525199592113495
-0.028734378516674042,-0.24147547781467438,6.100814789533615e-05,-0.8393617272377014,-0.004182336386293173,0.5553989410400391,0.0643676295876503,-1.669304370880127,0.0012469118228182197,-1.0477468967437744,1.5772719383239746,-0.2851279675960541,-0.3672565221786499,0.20661549270153046
-0.08210848271846771,0.010056434199213982,1.5769595847814344e-05,0.18970461189746857,0.0020964061841368675,-0.8805516958236694,0.003545569023117423,-1.350525975227356,0.00068994692992419,-1.048898458480835,1.5686533451080322,0.010403022170066833,-0.7372433543205261,0.28774556517601013
-0.06830019503831863,0.01923525333404541,1.277337196370354e-05,0.06619472801685333,0.009934338741004467,-0.8411637544631958,0.010967418551445007,-1.3940842151641846,-0.0010475610615685582,-1.043981671333313,1.5724128484725952,0.006814177613705397,-0.6979610919952393,0.2608371376991272
0.14618946611881256,-0.030546976253390312,-0.00045077339746057987,-0.23781833052635193,-0.012830262072384357,-0.4353969395160675,0.02295231632888317,-1.5615514516830444,-0.0017060573445633054,-1.0401575565338135,1.5726540088653564,-0.03289783000946045,-0.3819027543067932,0.2379363477230072
0.14711466431617737,-0.052418459206819534,-0.00036431464832276106,-0.15046194195747375,-0.028624746948480606,-0.5161837935447693,0.014074379578232765,-1.4744025468826294,-0.002834680723026395,-1.043354868888855,1.5711840391159058,-0.038061439990997314,-0.3857865333557129,0.24854472279548645
0.15860937535762787,-0.06089580059051514,-0.00029509488376788795,0.0022909194231033325,-0.013384735211730003,-0.6129783987998962,0.011822079308331013,-1.4141193628311157,-0.0018030682113021612,-1.0447187423706055,1.5716184377670288,-0.05263303965330124,-0.3921663165092468,0.286393404006958
0.16750182211399078,-0.05260073393583298,-0.00023906107526272535,0.17778487503528595,0.00703425332903862,-0.7840110063552856,0.017746280878782272,-1.4447097778320312,-0.002338444348424673,-1.044542670249939,1.57479727268219,-0.06369075179100037,-0.44077882170677185,0.3159606158733368
0.15266115963459015,-0.03289857879281044,-0.00019364012405276299,0.28759604692459106,0.010846056044101715,-0.7939410209655762,0.02490358240902424,-1.4997837543487549,-0.0037857743445783854,-1.045003056526184,1.5781852006912231,-0.05813850089907646,-0.5271044373512268,0.30079635977745056
0.14522457122802734,-0.0005554217495955527,-0.00015684850222896785,0.42399072647094727,0.008866509422659874,-0.7120408415794373,0.026650158688426018,-1.6010149717330933,-0.0039247777312994,-1.0459346771240234,1.5790256261825562,-0.033129483461380005,-0.6020604968070984,0.3421096205711365
0.1551564633846283,-0.19973064959049225,-0.0002967970503959805,0.11792256683111191,0.006168469786643982,-0.780596137046814,0.010374240577220917,-1.3960856199264526,-0.0006004203460179269,-1.0444200038909912,1.572888970375061,-0.2254304587841034,-0.4104754626750946,0.33235129714012146
0.17149432003498077,-0.16235138475894928,-0.0002403986145509407,0.14298459887504578,0.00948860589414835,-0.7785452008247375,0.01228190865367651,-1.510286808013916,-0.0012116723228245974,-1.045436978340149,1.5740519762039185,-0.19053275883197784,-0.48656895756721497,0.27210748195648193
0.17331469058990479,-0.1095941886305809,-0.00019472287385724485,0.1857864409685135,0.014806990511715412,-0.738474428653717,0.018374860286712646,-1.4594451189041138,-0.0025437872391194105,-1.0463464260101318,1.5767576694488525,-0.14967136085033417,-0.49415722489356995,0.28934159874916077
0.0219819787889719,0.183824360370636,0.0002854354097507894,0.13818414509296417,0.004915091209113598,-0.7507967948913574,0.001609515631571412,-1.6360026597976685,-0.0004086022381670773,-1.047165870666504,1.5716502666473389,0.1554824411869049,-0.6732310056686401,0.30048856139183044
-0.02351134829223156,0.27376702427864075,0.00015169208927545696,-0.11980593204498291,-0.0071775116957724094,-0.40970420837402344,-0.0066018556244671345,-1.5647950172424316,0.0015884626191109419,-1.0467591285705566,1.5681250095367432,0.26485416293144226,-0.6328314542770386,0.2799026370048523
0.01003303099423647,0.2955363988876343,0.00012287059507798404,-0.05555041506886482,-0.01594589091837406,-0.4512996971607208,-0.0070897252298891544,-1.5354979038238525,0.0008603084716014564,-1.04694664478302,1.5679137706756592,0.2933712303638458,-0.5751131772994995,0.3171650469303131
0.031700070947408676,0.3004723787307739,9.937160211848095e-05,-0.016541898250579834,-0.036250609904527664,-0.5464345812797546,-0.009895354509353638,-1.5788592100143433,0.00011470908793853596,-1.0461770296096802,1.5665496587753296,0.3149181306362152,-0.5775092840194702,0.315562903881073
0.030562935397028923,0.29095229506492615,8.049014286370948e-05,-0.023525500670075417,-0.05513028800487518,-0.5487223267555237,-0.012597285211086273,-1.5258413553237915,-0.00016445523942820728,-1.046359896659851,1.5650558471679688,0.3223460614681244,-0.5849692225456238,0.287614107131958
0.02372739277780056,0.2971295416355133,6.519701855722815e-05,-0.08169171214103699,-0.03675839677453041,-0.334494948387146,-0.008787021972239017,-1.5901367664337158,0.00012137316662119702,-1.046661615371704,1.5667520761489868,0.3189927041530609,-0.55859375,0.32384192943573
-0.23634088039398193,0.12395356595516205,-2.106113788613584e-05,0.26640585064888,0.005383426323533058,-0.797377347946167,-0.05672454461455345,-1.4350930452346802,-0.0008690721588209271,-1.0467205047607422,1.570090651512146,0.15842241048812866,-0.920370876789093,0.3402923345565796
-0.22495131194591522,0.10269226878881454,0.00037032857653684914,0.2951408624649048,0.0028230624739080667,-0.9979850053787231,-0.05142869055271149,-1.4018335342407227,0.0002121974976034835,-1.0448237657546997,1.5681989192962646,0.1392497718334198,-0.9179819822311401,0.30015766620635986
-0.21243514120578766,0.06731767952442169,0.00029996532248333097,0.30372241139411926,0.0007031508139334619,-1.0943955183029175,-0.04704465717077255,-1.4026377201080322,0.001327904756180942,-1.0452622175216675,1.5661203861236572,0.11009002476930618,-0.9368814826011658,0.22304928302764893
-0.21707527339458466,0.017270727083086967,0.00024297191703226417,0.18790623545646667,-0.0021092339884489775,-0.9303948283195496,-0.04388413950800896,-1.4426119327545166,0.0024228612892329693,-1.0456632375717163,1.5642107725143433,0.06575613468885422,-0.9273402094841003,0.2151462733745575
-0.2102336585521698,-0.022406943142414093,0.00019680731929838657,0.09413041174411774,0.004198377951979637,-0.8571168184280396,-0.03002823516726494,-1.4784594774246216,0.0007716154796071351,-1.0459669828414917,1.5678387880325317,0.012760434299707413,-0.8841155171394348,0.23989024758338928
-0.07524538040161133,-0.055968187749385834,0.0001942948147188872,-0.6963269114494324,0.03533831238746643,-0.15834259986877441,0.014965271577239037,-1.355493426322937,0.001505478285253048,-1.0495468378067017,1.5724854469299316,-0.08377926796674728,-0.39409637451171875,0.08956675231456757
0.18603020906448364,-0.1029951348900795,-0.0007466566166840494,-0.23174525797367096,-0.012411333620548248,-0.2906404733657837,-0.0015184879302978516,-1.4341416358947754,-0.0028629887383431196,-1.0482592582702637,1.5700658559799194,-0.08580604940652847,-0.3251856863498688,0.25554975867271423
0.10896418988704681,0.22538894414901733,8.15005405456759e-05,-0.4848880171775818,0.006889325566589832,-0.11901919543743134,0.001565182232297957,-1.5383813381195068,0.00022148048446979374,-1.042420744895935,1.5706405639648438,0.215906023979187,-0.3229994773864746,0.273499995470047
0.13777154684066772,0.22991542518138885,6.601544009754434e-05,-0.5718821883201599,0.004221238661557436,-0.1480228304862976,-0.012234595604240894,-1.4724640846252441,0.0003924383199773729,-1.0473860502243042,1.569549322128296,0.22758476436138153,-0.26284581422805786,0.20222686231136322
0.060361698269844055,0.03918851166963577,-7.812225521774963e-05,-0.27020201086997986,-0.008068202063441277,-0.34057870507240295,-0.03598182648420334,-1.5708287954330444,-0.0012752220500260592,-1.0487829446792603,1.5678709745407104,0.0770643949508667,-0.44498172402381897,0.21566233038902283
0.08394680172204971,0.031129920855164528,-6.32790251984261e-05,-0.05389147996902466,0.014313243329524994,-0.5397411584854126,-0.019951168447732925,-1.5608376264572144,0.0002086085733026266,-1.0484200716018677,1.5702258348464966,0.044522449374198914,-0.48215481638908386,0.28087934851646423
0.0954003855586052,0.009493542835116386,-5.125601092004217e-05,0.11777735501527786,0.006538469344377518,-0.7696788907051086,-0.018016120418906212,-1.5099620819091797,0.0003874999238178134,-1.0479702949523926,1.569554328918457,0.02541731484234333,-0.5479835867881775,0.27838677167892456
0.10404955595731735,-0.002370750531554222,-4.15173708461225e-05,0.2891760766506195,0.009253882803022861,-0.9226773381233215,-0.009711955673992634,-1.4665658473968506,-0.0006460475851781666,-1.048641562461853,1.5718050003051758,0.005470443982630968,-0.5931887030601501,0.26504379510879517
0.11761610209941864,-0.02347739227116108,-3.36290686391294e-05,0.435466468334198,0.007169884629547596,-0.9127021431922913,-0.011533666402101517,-1.392829179763794,0.00010218280658591539,-1.048416256904602,1.5700364112854004,-0.009270529262721539,-0.6162493824958801,0.295474648475647
0.02282550372183323,0.04050537571310997,-8.0989857451641e-06,0.060352373868227005,0.01401845458894968,-0.4146058261394501,0.02101309783756733,-1.8060572147369385,0.0009911779779940844,-1.0444585084915161,1.5701103210449219,0.03022550605237484,-0.725909948348999,0.3276178240776062
0.022108668461441994,0.01722966507077217,-6.582047262781998e-06,0.013926719315350056,0.0009859052952378988,-0.43833649158477783,0.0102351363748312,-1.7395439147949219,0.0011672155233100057,-1.0449775457382202,1.5685192346572876,0.021708400920033455,-0.6881377696990967,0.31357842683792114
0.046007897704839706,0.005168886389583349,-5.331458396540256e-06,0.08274676650762558,0.007562761195003986,-0.6274428963661194,0.011392203159630299,-1.7722876071929932,0.0006930308300070465,-1.0442324876785278,1.5699762105941772,0.003806685097515583,-0.6835074424743652,0.28800147771835327
-0.006220411043614149,0.03189144656062126,-5.140711436979473e-06,-0.2832828760147095,0.028324086219072342,-0.02147396095097065,0.00040075535071082413,-1.7302122116088867,0.001078986213542521,-1.0472980737686157,1.5711050033569336,0.013773879036307335,-0.5868987441062927,0.29919371008872986
-0.12454647570848465,-0.42856553196907043,0.00013889749243389815,-0.33438560366630554,-0.003320736112073064,-0.11565329134464264,0.021441109478473663,-1.6649856567382812,0.0008024544222280383,-1.0475850105285645,1.5732303857803345,-0.43408793210983276,-0.588445782661438,0.3673369884490967
-0.11766355484724045,-0.41240954399108887,0.00011250697571085766,-0.31261762976646423,0.007844851352274418,-0.3960763216018677,0.042817406356334686,-1.5549565553665161,0.0007164062117226422,-1.0475342273712158,1.5755318403244019,-0.43799570202827454,-0.6401854753494263,0.24479326605796814
0.03799773007631302,-0.46378204226493835,3.920627204934135e-05,-0.35629209876060486,-0.004293415695428848,-0.2471437156200409,0.02546236477792263,-1.445891261100769,-0.000641675025690347,-1.0486271381378174,1.573952317237854,-0.46940478682518005,-0.4377362132072449,0.24082821607589722
0.11575573682785034,-0.4607246518135071,0.000385657069273293,-0.11720379441976547,0.0031278221867978573,-0.5173951387405396,0.02877785637974739,-1.3866204023361206,-0.00015902327140793204,-1.0483529567718506,1.5744062662124634,-0.4767675995826721,-0.3609166145324707,0.29976046085357666
0.12397286295890808,-0.47294044494628906,0.0003123822098132223,-0.23357559740543365,-0.0080064432695508,-0.18778863549232483,0.01940862089395523,-1.5292117595672607,-0.0006340690306387842,-1.0480743646621704,1.572748064994812,-0.47664380073547363,-0.38052353262901306,0.3328527510166168
0.1257804036140442,-0.5122130513191223,-0.00013196193322073668,-0.08834756910800934,0.012100259773433208,-0.36600667238235474,0.01122656837105751,-1.626313328742981,0.00018971120880451053,-1.0435638427734375,1.572954535484314,-0.5197343826293945,-0.42382118105888367,0.35455819964408875
0.08836252987384796,-0.489238440990448,-0.00010871818085433915,-0.12108805030584335,0.040310896933078766,-0.281656950712204,0.017943473532795906,-1.713602066040039,0.0011917714728042483,-1.045975685119629,1.5750339031219482,-0.5195835828781128,-0.5033139586448669,0.3156961500644684
0.03621362894773483,-0.45227953791618347,-8.806172263575718e-05,-0.17963261902332306,0.05894738808274269,-0.24307651817798615,0.03175468370318413,-1.6478317975997925,0.0015316734788939357,-1.0463902950286865,1.5773391723632812,-0.5038076639175415,-0.5275055170059204,0.32833585143089294
-0.00202312134206295,-0.4030017554759979,-7.13299959897995e-05,-0.3067992925643921,0.06626319140195847,0.0496203675866127,0.061384234577417374,-1.6356557607650757,0.0007782154134474695,-1.046749472618103,1.5806057453155518,-0.4757727086544037,-0.5148760080337524,0.34556740522384644
-0.1530216485261917,0.2773195207118988,0.00016076824977062643,0.22564572095870972,0.00361612462438643,-0.4210193157196045,-0.022204361855983734,-1.8592575788497925,-0.0007603244739584625,-1.0461724996566772,1.5714726448059082,0.26643800735473633,-0.9899787306785583,0.3440605700016022
-0.16168272495269775,0.30501168966293335,0.00013022228085901588,0.08131285011768341,0.0026019534561783075,-0.22454985976219177,-0.0266868956387043,-1.7377021312713623,-0.0002706875093281269,-1.0471152067184448,1.5702564716339111,0.30075347423553467,-0.9085317254066467,0.3800874948501587
-0.016877563670277596,0.37910500168800354,-0.00013637870142702013,0.31589630246162415,0.003113984828814864,-0.7477617859840393,-0.0171539094299078,-1.5476963520050049,0.0007903341902419925,-1.044908046722412,1.568115472793579,0.3812113404273987,-0.7854734063148499,0.31965765357017517
0.09501262754201889,0.0007352900574915111,0.00038544312701560557,0.5474005937576294,0.003071279963478446,-1.0106549263000488,-0.019588535651564598,-1.4977513551712036,-0.00033506000181660056,-1.0453695058822632,1.5705256462097168,0.03173374384641647,-0.7150525450706482,0.31689634919166565
0.08247649669647217,-0.03386291489005089,0.0003122089256066829,0.44900164008140564,0.0020442823879420757,-0.9087963104248047,-0.01257585734128952,-1.4859366416931152,-0.0006385566084645689,-1.0457383394241333,1.571840763092041,-0.011615441180765629,-0.7084566354751587,0.2959604859352112
0.11633124947547913,-0.05553588643670082,-0.00011460886162240058,-0.10695836693048477,0.007136640604585409,-0.4159182906150818,-0.0013061804929748178,-1.574639916419983,-0.0001936564513016492,-1.0461817979812622,1.5718722343444824,-0.04891494661569595,-0.43628329038619995,0.3759232461452484
0.08583397418260574,-0.07842490822076797,-9.283317922381684e-05,-0.13216598331928253,-0.004527373239398003,-0.7274118065834045,-0.001248572370968759,-1.5142077207565308,-0.0008146403706632555,-1.0457881689071655,1.5713109970092773,-0.06584564596414566,-0.4869188964366913,0.23915353417396545
0.007238324731588364,0.22502639889717102,0.00035415831371210515,-0.436836838722229,0.05143275111913681,-0.0445282943546772,0.05871565639972687,-1.6017906665802002,0.0053328522481024265,-1.0488249063491821,1.5760772228240967,0.1296781748533249,-0.4488275945186615,0.23116633296012878
0.0615849606692791,0.30771780014038086,0.00028686822042800486,-0.25822722911834717,0.04070890694856644,-0.042509328573942184,0.037435173988342285,-1.6250821352005005,0.00461897486820817,-1.0485111474990845,1.574108600616455,0.2232455313205719,-0.43660908937454224,0.3263815641403198
-0.021905720233917236,0.5580954551696777,0.00043879167060367763,0.01038675382733345,-0.03408319503068924,-0.409186452627182,-0.11256693303585052,-1.593637228012085,0.0023722045589238405,-1.0471073389053345,1.5594158172607422,0.6342408657073975,-0.6489924192428589,0.35396289825439453
-0.02783123403787613,0.5259667634963989,0.00035542124533094466,-0.03758911415934563,-0.044848158955574036,-0.3168948292732239,-0.0988674908876419,-1.6488326787948608,0.0018963887123391032,-1.046438217163086,1.5594743490219116,0.6053907871246338,-0.6483418941497803,0.36159032583236694
0.007548090070486069,0.47888755798339844,0.00028789122006855905,0.029177725315093994,-0.054130133241415024,-0.29901158809661865,-0.08943770080804825,-1.6845637559890747,0.0013801781460642815,-1.0473887920379639,1.5596176385879517,0.5636610388755798,-0.6485763788223267,0.37126868963241577
0.018381532281637192,0.20416896045207977,-0.00011457251093816012,-0.31476420164108276,-0.002237859880551696,-0.12918314337730408,-0.10272876173257828,-1.5047862529754639,0.003278972813859582,-1.047570824623108,1.5586068630218506,0.24413852393627167,-0.45277926325798035,0.34311825037002563
0.14987486600875854,-0.026447037234902382,0.0003194189630448818,-0.42621588706970215,-0.007102292962372303,-0.0008376184850931168,0.06513485312461853,-1.5619338750839233,0.000648575893137604,-1.0475975275039673,1.576613426208496,-0.05429134890437126,-0.26099276542663574,0.33208760619163513
0.17057570815086365,-0.007091566454619169,0.000642878410872072,-0.29833003878593445,-0.0024592105764895678,-0.32030993700027466,0.08174942433834076,-1.5817933082580566,9.509925803286023e-06,-1.0445351600646973,1.577985405921936,-0.049448926001787186,-0.3015575706958771,0.28283387422561646
0.15437230467796326,0.022957267239689827,0.0005207314970903099,-0.3430224657058716,0.013216957449913025,-0.2574906349182129,0.0838499516248703,-1.674465537071228,0.0007814749842509627,-1.0459015369415283,1.5788850784301758,-0.03233245015144348,-0.3646065890789032,0.23677930235862732
0.11037062108516693,0.04001709073781967,0.0004217925015836954,-0.4445957541465759,0.010160041972994804,-0.024531427770853043,0.05966522917151451,-1.703066349029541,0.000810053781606257,-1.0465494394302368,1.576656460762024,-0.0036904599983245134,-0.37446701526641846,0.24415963888168335
0.08410751074552536,0.039760418236255646,0.0003416519321035594,-0.5387095808982849,0.00826229713857174,0.32646629214286804,0.006791893392801285,-1.6821519136428833,0.0013175486819818616,-1.0466690063476562,1.5721169710159302,0.02352067455649376,-0.34460029006004333,0.29596924781799316
-0.052479177713394165,0.017046509310603142,0.00032460401416756213,-0.7188266515731812,0.004181927535682917,0.3311702311038971,-0.0053494819439947605,-1.6279940605163574,0.00031537716859020293,-1.0463180541992188,1.5704222917556763,0.019488325342535973,-0.37543785572052,0.2876850366592407
-0.05158490687608719,0.030380694195628166,0.0002629292430356145,-0.6529121994972229,0.00177011638879776,0.0198382455855608,0.019862543791532516,-1.5403740406036377,0.000318810431053862,-1.046505093574524,1.5725820064544678,0.017980320379137993,-0.39584431052207947,0.20465904474258423
-0.049425531178712845,0.032182060182094574,0.00021292765450198203,-0.708071231842041,0.0014232397079467773,0.09500036388635635,0.007541450206190348,-1.5811564922332764,0.0004186092410236597,-1.047117829322815,1.571593165397644,0.024042624980211258,-0.40031498670578003,0.1679472029209137
-0.02767275460064411,0.03262081369757652,-0.00013500642671715468,-0.7230669856071472,0.001226171269081533,0.17991715669631958,-0.06872907280921936,-1.5527642965316772,0.001563693629577756,-1.0457829236984253,1.5657979249954224,0.06405933946371078,-0.3629389703273773,0.1590522825717926
-0.014920723624527454,-0.0010690315393730998,-0.00010935520549537614,-0.7426856160163879,0.00440228171646595,0.4506393074989319,-0.1024395227432251,-1.572928786277771,0.0010651746997609735,-1.0462063550949097,1.5624932050704956,0.05707672983407974,-0.32292962074279785,0.24192261695861816
0.06982766836881638,-0.07913357764482498,-7.17505972716026e-05,-0.1993151307106018,0.006939263083040714,-0.277887225151062,-0.07948088645935059,-1.6756759881973267,0.0003339469258207828,-1.046093225479126,1.5642391443252563,-0.025401068851351738,-0.45481833815574646,0.31177231669425964
0.016634395346045494,-0.09659533202648163,-5.8117984735872597e-05,-0.2372312694787979,0.020291360095143318,-0.24756217002868652,-0.048426494002342224,-1.6302545070648193,0.0006557973683811724,-1.0475780963897705,1.567664384841919,-0.06796544045209885,-0.5145841836929321,0.296248197555542
-0.03354310989379883,-0.12668591737747192,-4.707556945504621e-05,-0.3255309760570526,0.015009025111794472,-0.1576070338487625,-0.04363410174846649,-1.6976898908615112,0.0005816196207888424,-1.0470787286758423,1.5678000450134277,-0.09969333559274673,-0.5437320470809937,0.2911619246006012
-0.08267249912023544,-0.1698514223098755,-0.000171541643794626,-0.46497857570648193,0.008318432606756687,0.10671570897102356,-0.05762853845953941,-1.7014256715774536,0.0008592507801949978,-1.047903299331665,1.5662535429000854,-0.13162870705127716,-0.5601035356521606,0.27767032384872437
-0.11682219058275223,-0.196986585855484,-0.00013896693417336792,-0.5341033339500427,0.005852419883012772,0.3312093913555145,-0.03200199082493782,-1.674154281616211,0.0006636468460783362,-1.0477858781814575,1.568350076675415,-0.16854873299598694,-0.5263018012046814,0.32306739687919617
-0.14425592124462128,-0.24428601562976837,-7.385272328974679e-05,-0.3695859909057617,0.0023010915610939264,-0.07669960707426071,0.005662664771080017,-1.6639668941497803,0.0002870977041311562,-1.0457998514175415,1.5715407133102417,-0.2377631664276123,-0.5816539525985718,0.3239178955554962
-0.13353489339351654,-0.2673197090625763,-5.982070797472261e-05,-0.25091397762298584,-0.0009609025437384844,-0.28754302859306335,-0.0018083036411553621,-1.5864001512527466,0.00023369186965283006,-1.0460634231567383,1.570676326751709,-0.2566676735877991,-0.6530274152755737,0.27828678488731384
-0.10836870223283768,-0.3046424984931946,-0.00039509404450654984,-0.22886230051517487,-0.01321652252227068,-0.12338850647211075,-0.016163144260644913,-1.6023304462432861,-0.00014944902795832604,-1.046290397644043,1.56868577003479,-0.27778005599975586,-0.6425949931144714,0.3150847554206848
0.05546707659959793,-0.4261486828327179,9.425770258530974e-05,0.03089286759495735,0.0060195960104465485,-0.710711658000946,0.01596413366496563,-1.524418592453003,-0.000578274775762111,-1.0462502241134644,1.572682499885559,-0.42980292439460754,-0.5602747797966003,0.31918108463287354
0.03130008280277252,-0.4177326261997223,0.0003710416203830391,-0.49146315455436707,0.03197597339749336,-0.052044469863176346,0.0036694949958473444,-1.5571671724319458,0.002238655462861061,-1.0502347946166992,1.5720938444137573,-0.4389026165008545,-0.42265015840530396,0.22123673558235168
0.11203113943338394,-0.4058479368686676,0.00030054370290599763,-0.30296245217323303,0.027289697900414467,-0.2613043189048767,0.009029691107571125,-1.511236310005188,0.0017232391983270645,-1.050403118133545,1.5724499225616455,-0.4293736517429352,-0.3620055019855499,0.2699207663536072
0.1474170684814453,-0.37715819478034973,0.00024344040139112622,-0.2712918221950531,0.03472674638032913,-0.15768639743328094,0.02987988293170929,-1.4147807359695435,0.0014947900781407952,-1.050934910774231,1.5749810934066772,-0.41794461011886597,-0.3154374659061432,0.32980892062187195
-0.16397826373577118,-0.17440052330493927,3.8888189010322094e-05,-0.09016289561986923,0.0006653433083556592,-0.21556612849235535,0.011257958598434925,-1.809104561805725,2.3618171326234005e-05,-1.0468182563781738,1.572412371635437,-0.18360280990600586,-0.8545752763748169,0.3484921157360077
-0.12027349323034286,-0.1806306689977646,-0.0005568126798607409,-0.0775090828537941,-0.014881964772939682,-0.34821802377700806,0.001414038590155542,-1.862197756767273,-0.0003814203664660454,-1.0469211339950562,1.5707396268844604,-0.17611993849277496,-0.827923059463501,0.30704548954963684
0.0005756441969424486,0.009706981480121613,-5.32305239175912e-05,-0.7041182518005371,0.002352862386032939,0.09055224806070328,-0.01720256917178631,-1.4770268201828003,0.05591268464922905,-1.0611598491668701,1.5981520414352417,-0.004814284387975931,-0.3020132780075073,0.1607801914215088
-0.030575919896364212,-0.007553343195468187,-4.3163090595044196e-05,-0.7191215753555298,0.0033018465619534254,0.31152668595314026,-0.05509912222623825,-1.4917923212051392,0.04575676843523979,-1.0589200258255005,1.5894078016281128,0.004471367225050926,-0.30298206210136414,0.22831128537654877
-0.035705991089344025,-0.055475521832704544,-2.8319278499111533e-05,-0.384912371635437,0.004763632547110319,-0.005742179695516825,-0.062660351395607,-1.532173991203308,0.02976963296532631,-1.054989218711853,1.5803418159484863,-0.024001063778996468,-0.4229751229286194,0.3172934651374817
-0.3021931052207947,-0.2924351096153259,0.00012572047126013786,-0.1852874457836151,0.00968253519386053,-0.3077554702758789,-0.016048794612288475,-1.4591999053955078,0.0034221739042550325,-1.0462981462478638,1.5715973377227783,-0.2780397832393646,-0.8157777190208435,0.3731849491596222
-0.2971005141735077,-0.2944011092185974,0.00010183514677919447,-0.3795577883720398,0.022708933800458908,-0.008083784021437168,0.009627316147089005,-1.4959769248962402,0.002812344115227461,-1.0464850664138794,1.5745646953582764,-0.3014366924762726,-0.7509521245956421,0.34583035111427307
-0.21137014031410217,-0.3066785931587219,6.673999450867996e-05,-0.47204840183258057,0.019650105386972427,0.04647631570696831,0.035980019718408585,-1.4900295734405518,0.0011156481923535466,-1.0470653772354126,1.5762568712234497,-0.32869458198547363,-0.615323543548584,0.32495445013046265
-0.06476974487304688,-0.37827518582344055,2.8350483262329362e-05,-0.48172426223754883,0.012232426553964615,0.06426790356636047,0.03492759168148041,-1.5318540334701538,-0.001114045036956668,-1.0494786500930786,1.5746948719024658,-0.38975754380226135,-0.44873204827308655,0.3226202130317688
-0.027584893628954887,-0.3702467679977417,2.2963891751714982e-05,-0.40808871388435364,0.01213783398270607,-0.13682012259960175,0.08166312426328659,-1.5893547534942627,-0.0022827733773738146,-1.0490679740905762,1.5786683559417725,-0.406744122505188,-0.46656396985054016,0.29218119382858276
-0.006434956565499306,-0.3752361536026001,1.8600752810016274e-05,-0.468041330575943,0.011869820766150951,-0.06066451966762543,0.079289011657238,-1.5627089738845825,-0.002085523447021842,-1.0487120151519775,1.578370451927185,-0.41388973593711853,-0.4671306312084198,0.2525714635848999
0.039862822741270065,-0.3726471960544586,1.5066609194036573e-05,-0.4603572189807892,0.01072357501834631,0.020885935053229332,0.0843929722905159,-1.6579350233078003,-0.0021851295605301857,-1.0485612154006958,1.578644871711731,-0.4148930013179779,-0.4160745143890381,0.2680472433567047
0.08471109718084335,-0.3807527720928192,1.220395370182814e-05,-0.3451990783214569,0.007723651826381683,-0.07410299777984619,0.05250879004597664,-1.6138811111450195,-0.0013560703955590725,-1.0484198331832886,1.5757702589035034,-0.4096321165561676,-0.39897334575653076,0.2954142093658447
0.11212950199842453,-0.3788548707962036,9.885202416626271e-06,-0.328731507062912,0.006641468033194542,0.11281684041023254,0.04931938275694847,-1.6381266117095947,-0.0013278909027576447,-1.0500736236572266,1.5755704641342163,-0.4049226641654968,-0.3726028501987457,0.3570510149002075
-0.06167056784033775,-0.07188013941049576,-5.1150741455785464e-06,-0.2560447156429291,0.03966275230050087,-0.06676705181598663,0.013731812126934528,-1.667585849761963,-0.0017400486394762993,-1.045163869857788,1.5773277282714844,-0.08388315886259079,-0.6230350136756897,0.3531131148338318
0.07352053374052048,-0.07361622154712677,-3.78352547159011e-06,-0.25285500288009644,0.0346745029091835,-0.08706646412611008,0.06875751167535782,-1.65739905834198,-0.00258082989603281,-1.0464820861816406,1.5810185670852661,-0.1181144192814827,-0.4734199047088623,0.34207016229629517
0.08674373477697372,-0.07174962013959885,-3.0646556297142524e-06,-0.2817932665348053,0.029152482748031616,-0.15479348599910736,0.062278930097818375,-1.5820040702819824,-0.0022884029895067215,-1.0462427139282227,1.5797526836395264,-0.11485578119754791,-0.42497122287750244,0.34771597385406494
0.10162945091724396,-0.08910687267780304,-2.482370973666548e-06,-0.25978052616119385,0.013995659537613392,-0.28864720463752747,0.026425819844007492,-1.532204270362854,-0.0016249680193141103,-1.0466959476470947,1.5752462148666382,-0.10880965739488602,-0.394571453332901,0.30885398387908936
0.08981788158416748,-0.09401164948940277,-2.010720663747634e-06,-0.36696192622184753,0.012926308438181877,-0.23724696040153503,0.024638785049319267,-1.435416579246521,-0.0013021028134971857,-1.0470147132873535,1.5747660398483276,-0.10973317176103592,-0.3550439178943634,0.28831249475479126
0.08103691786527634,-0.08134099096059799,-1.6286836626022705e-06,-0.486465722322464,0.01657223328948021,-0.08164630085229874,0.046439994126558304,-1.413759469985962,-0.001367643242701888,-1.0471941232681274,1.5766870975494385,-0.11299135535955429,-0.2897968292236328,0.2786909341812134
0.06967005878686905,-0.07988213747739792,-1.3192337746659177e-06,-0.5145460963249207,0.013214104808866978,-0.1838969588279724,0.037311457097530365,-1.3616746664047241,-0.0011028868611901999,-1.0464372634887695,1.5755122900009155,-0.1089344173669815,-0.25640666484832764,0.2633591294288635
0.10153207927942276,-0.09671717882156372,5.282915367388341e-07,-0.36891040205955505,0.0020796589087694883,-0.5361710786819458,0.005236009135842323,-1.3965526819229126,-0.0012783949496224523,-1.0451507568359375,1.5718765258789062,-0.10071757435798645,-0.30747175216674805,0.18290914595127106
-0.021071499213576317,-0.09247953444719315,-1.2187535958219087e-07,-0.7919087409973145,0.007810008712112904,0.3114374577999115,-0.006385373417288065,-1.4208191633224487,0.0010609467281028628,-1.0450972318649292,1.5701801776885986,-0.09699998050928116,-0.29494941234588623,0.18538175523281097
0.05844126641750336,0.08798041194677353,-1.8366331460129004e-06,0.22812961041927338,-0.0014541544951498508,-0.5302888751029968,0.04408617317676544,-1.6681803464889526,-0.0006879458669573069,-1.0462909936904907,1.5741080045700073,0.049253880977630615,-0.6828188896179199,0.37471142411231995
0.08852064609527588,0.11728005856275558,-1.4828499388386263e-06,0.26900309324264526,-0.001327100908383727,-0.741112470626831,0.030200473964214325,-1.6836563348770142,1.1175429790455382e-05,-1.044777274131775,1.5720192193984985,0.08942605555057526,-0.6839208006858826,0.3360414505004883
0.10616626590490341,0.13243991136550903,-1.201108489112812e-06,0.305074542760849,-0.0016022889176383615,-0.9139359593391418,0.02033279463648796,-1.585447072982788,0.0007004524813964963,-1.0452452898025513,1.5701264142990112,0.11627132445573807,-0.6878657341003418,0.2615703344345093
0.11365842819213867,0.13311761617660522,-9.728978511702735e-07,0.2684946060180664,-0.0019745193421840668,-0.8001465797424316,0.012664628215134144,-1.6096251010894775,0.0012929921504110098,-1.0456197261810303,1.5685408115386963,0.1276288628578186,-0.6620973348617554,0.25856539607048035
0.10479310154914856,0.11926987022161484,-7.880472594479215e-07,0.21677705645561218,-0.002390305045992136,-0.5619526505470276,0.004809793084859848,-1.5335757732391357,0.0018845894373953342,-1.0459195375442505,1.5669602155685425,0.1243920549750328,-0.6111221313476562,0.3259958028793335
-0.11120575666427612,0.005937032401561737,0.00014856187044642866,-0.36131155490875244,0.0016954486491158605,-0.1277390867471695,0.0030183885246515274,-1.5717591047286987,0.0008784764795564115,-1.0471653938293457,1.5716112852096558,-0.012163452804088593,-0.572338879108429,0.3032764792442322
-0.10401654243469238,0.030858321115374565,0.00012033511302433908,-0.38391026854515076,-0.00021648954134434462,-0.011049212887883186,-0.011960078962147236,-1.6698073148727417,0.0010731775546446443,-1.047330379486084,1.5701324939727783,0.019912047311663628,-0.5783897042274475,0.295598566532135
-0.05456558242440224,0.06636439263820648,9.747144213179126e-05,-0.12632021307945251,0.0034361137077212334,-0.39346760511398315,-0.002498165238648653,-1.6449624300003052,0.0008352214936167002,-1.0459043979644775,1.5711312294006348,0.05030757933855057,-0.6178500652313232,0.3021353483200073
-0.051185641437768936,0.09098494052886963,7.895186718087643e-05,-0.0116377929225564,-0.008163976483047009,-0.47771745920181274,-0.003724531503394246,-1.5395926237106323,0.0003139181644655764,-1.046169638633728,1.5703058242797852,0.08189348131418228,-0.6560219526290894,0.3025117516517639
-0.03096732869744301,0.09929251670837402,6.395101081579924e-05,0.1147674173116684,-0.025047142058610916,-0.6019372940063477,-0.010049732401967049,-1.539688229560852,0.0004611213516909629,-1.046345829963684,1.567908525466919,0.10751846432685852,-0.6596129536628723,0.3445649743080139
-0.035165123641490936,0.09518131613731384,5.180031803320162e-05,0.03157014399766922,-0.03275187686085701,-0.34123727679252625,-0.02017807401716709,-1.6452040672302246,0.0016804859042167664,-1.046601414680481,1.5647069215774536,0.1177167072892189,-0.6869400143623352,0.34701937437057495
-0.14590975642204285,-0.04975225031375885,-8.192240056814626e-05,-1.0009825229644775,-0.003882788820192218,0.5410352945327759,0.06942617893218994,-1.6393792629241943,-0.0007584939012303948,-1.0466415882110596,1.5755940675735474,-0.09198904037475586,-0.4052828252315521,0.06012791022658348
-0.14741449058055878,-0.03757456690073013,-6.635714817093685e-05,-0.8373737335205078,-0.0017920772079378366,0.4360719919204712,0.04883648827672005,-1.7061913013458252,-0.001176144229248166,-1.046681523323059,1.5738472938537598,-0.06545440107584,-0.44708043336868286,0.15020151436328888
-0.1408054232597351,-0.01566903293132782,-5.3749288781546056e-05,-0.7038029432296753,-0.002896010410040617,0.4086705148220062,0.04884381592273712,-1.6527076959609985,-0.0004671492497436702,-1.0470205545425415,1.5741589069366455,-0.047308847308158875,-0.4799802303314209,0.22731934487819672
0.017881110310554504,0.025593960657715797,3.447711787885055e-05,0.29679813981056213,0.003452891483902931,-0.7344229817390442,-0.012168203480541706,-1.5275235176086426,0.00022558060300070792,-1.0468639135360718,1.5697096586227417,0.036774616688489914,-0.7496766448020935,0.32609620690345764
0.04441933333873749,0.02393750101327896,2.7926465918426402e-05,0.2913811504840851,0.0032194089144468307,-0.8255330324172974,-0.0038751275278627872,-1.5106509923934937,-0.0006637040060013533,-1.046924352645874,1.5720362663269043,0.025487316772341728,-0.6716936230659485,0.3304682970046997
0.02747776173055172,0.01339720468968153,2.2636491848970763e-05,0.13238313794136047,0.0013416142901405692,-0.7918872833251953,-0.0075559429824352264,-1.600012183189392,0.0002498964313417673,-1.0467020273208618,1.5700170993804932,0.022057583555579185,-0.6847892999649048,0.27790167927742004
0.06712105125188828,-0.07959471642971039,-0.00038939289515838027,-0.3841038942337036,0.0001141531829489395,-0.16696010529994965,-0.028545862063765526,-1.557026743888855,0.0016751122893765569,-1.0460792779922485,1.5671439170837402,-0.06653813272714615,-0.42502298951148987,0.22984717786312103
0.09644678980112076,-0.10835319757461548,-0.0003154082514811307,-0.26864251494407654,-0.009058772586286068,-0.19156263768672943,-0.05984184890985489,-1.460658073425293,0.0018940166337415576,-1.0462976694107056,1.564070463180542,-0.06964601576328278,-0.36171531677246094,0.3098783493041992
0.04733158275485039,-0.14430402219295502,-0.00016559594951104373,0.11031979322433472,-0.0069977291859686375,-0.4513256847858429,0.0034336834214627743,-1.6762858629226685,-7.544929394498467e-05,-1.0455982685089111,1.5714091062545776,-0.1473165601491928,-0.6017837524414062,0.3953426778316498
0.06118250638246536,-0.13011755049228668,-0.0001341327151749283,0.24143430590629578,-0.0045074173249304295,-0.5990385413169861,0.007162194233387709,-1.622657299041748,-0.0005267250817269087,-1.0459376573562622,1.5724800825119019,-0.13858544826507568,-0.662250280380249,0.3454020023345947
0.08587216585874557,-0.10145610570907593,-0.00010864750220207497,0.4664995074272156,-0.0038378688041120768,-0.8913612365722656,0.012993237935006618,-1.6385024785995483,-0.0011912062764167786,-1.0418272018432617,1.5742520093917847,-0.12052740156650543,-0.6961708664894104,0.33248960971832275
0.05845780670642853,-0.08117998391389847,-8.800447540124878e-05,0.45773810148239136,-0.0027758816722780466,-0.9147309064865112,0.008168400265276432,-1.7220357656478882,-0.0007015757728368044,-1.0431036949157715,1.572719931602478,-0.09269456565380096,-0.789982795715332,0.2719857394695282
0.02424139343202114,-0.053265996277332306,-7.128362631192431e-05,0.49059489369392395,-0.0024905153550207615,-0.9530585408210754,0.008502481505274773,-1.6463021039962769,-0.0008042350527830422,-1.0440256595611572,1.5731254816055298,-0.07155050337314606,-0.8265253305435181,0.25771212577819824
-0.05105581507086754,-0.03311684727668762,-5.773973680334166e-05,0.30233386158943176,-0.0016435590805485845,-0.6756147146224976,0.003978129476308823,-1.577322006225586,-0.0003201132349204272,-1.0462793111801147,1.571610689163208,-0.04333680495619774,-0.8216419816017151,0.2999926507472992
-0.11409226804971695,-0.028194822371006012,-4.676918615587056e-05,0.06870768964290619,-0.0018251355504617095,-0.33851826190948486,-0.004892964847385883,-1.671665906906128,0.00047617038944736123,-1.0464205741882324,1.5694557428359985,-0.028224648907780647,-0.7830326557159424,0.38243240118026733
-0.16551974415779114,-0.013200626708567142,-3.78830409317743e-05,-0.04756876453757286,0.0056251524947583675,-0.34570997953414917,0.0024444451555609703,-1.5719213485717773,0.0002538554836064577,-1.0456914901733398,1.5709491968154907,-0.022163154557347298,-0.7645873427391052,0.38304755091667175
-0.17000387609004974,-0.009527704678475857,-3.068526348215528e-05,-0.00916075799614191,-0.006058660801500082,-0.6515507698059082,-0.0006005263421684504,-1.4681018590927124,1.855022128438577e-05,-1.0427325963974,1.5699149370193481,-0.010712509043514729,-0.7525976896286011,0.3251807391643524
-0.19435659050941467,-0.022719115018844604,-2.485506411176175e-05,-0.21206283569335938,-0.031170658767223358,-0.46968191862106323,-0.0023139857221394777,-1.553054928779602,-0.0010530601721256971,-1.043702483177185,1.568513035774231,-0.0053590694442391396,-0.7582912445068359,0.24824567139148712
-0.1753891110420227,-0.021449942141771317,-2.0132602003286593e-05,-0.3214893341064453,-0.022016404196619987,-0.2660420536994934,0.001441562082618475,-1.60361909866333,-0.0006466652266681194,-1.0457276105880737,1.5694111585617065,-0.01014447771012783,-0.7127780914306641,0.24084609746932983
-0.11757449805736542,-0.003041727701202035,-1.630740734981373e-05,-0.37003764510154724,-0.010087474249303341,-0.0018995790742337704,0.028634803369641304,-1.6543102264404297,-0.0007770903175696731,-1.0464611053466797,1.5724650621414185,-0.012295836582779884,-0.637144923210144,0.2824937701225281
0.0037426138296723366,0.02987655997276306,-1.3208999916969333e-05,-0.06115242838859558,0.0029615433886647224,-0.36223164200782776,0.06556586921215057,-1.607726812362671,-0.0014987963950261474,-1.044455885887146,1.5766392946243286,-0.0076145753264427185,-0.5878793001174927,0.3395868241786957
0.038197606801986694,0.061102911829948425,0.0004544422554317862,-0.09300878643989563,0.02139993943274021,-0.23220695555210114,0.05771612375974655,-1.6627414226531982,-0.0005630378727801144,-1.0443241596221924,1.5768736600875854,0.013033987954258919,-0.5736340284347534,0.3628561496734619
-0.04147475212812424,-0.029421739280223846,4.2782708078448195e-06,-0.3141307234764099,-0.014811446890234947,-0.2624605894088745,-0.058404725044965744,-1.5369795560836792,0.00034447043435648084,-1.0456093549728394,1.5636852979660034,0.03153201937675476,-0.49328458309173584,0.31039518117904663
-0.06430231779813766,-0.07839210331439972,3.4653994589461945e-06,-0.27862581610679626,-0.01396154798567295,-0.5198501944541931,-0.05070316046476364,-1.6122044324874878,2.0202498490107246e-05,-1.0409120321273804,1.5648021697998047,-0.02241034246981144,-0.5740551948547363,0.22377149760723114
-0.15706855058670044,-0.33281564712524414,-0.00027466582832857966,-0.02603965997695923,-0.006149177439510822,-0.4883778691291809,-0.00873528327792883,-1.700603723526001,-0.0007988087018020451,-1.042155385017395,1.5694361925125122,-0.3103911578655243,-0.8212575316429138,0.2750776410102844
-0.17333398759365082,-0.35161247849464417,-0.00022246158914640546,-0.09046909958124161,0.009239126928150654,-0.39812979102134705,-0.004698439035564661,-1.6666463613510132,-0.0002990807988680899,-1.043646216392517,1.5707108974456787,-0.3410564661026001,-0.8094991445541382,0.2972221076488495
-0.17341947555541992,-0.38249340653419495,-0.00018019427079707384,-0.16773684322834015,-0.0016702980501577258,-0.17491018772125244,-0.007227146066725254,-1.6136566400527954,-0.0005521018174476922,-1.044317603111267,1.5699058771133423,-0.3651689291000366,-0.7590974569320679,0.3248386085033417
-0.08914779871702194,-0.4545256793498993,0.0002805221301969141,-0.16024138033390045,0.04225151613354683,-0.44162800908088684,0.0010913623264059424,-1.3157896995544434,0.001590185216628015,-1.0486198663711548,1.5733697414398193,-0.47334355115890503,-0.5651798844337463,0.345718652009964
-0.09967651963233948,-0.44370192289352417,0.00022684200666844845,-0.3236192762851715,0.05642577260732651,-0.1615419089794159,0.015249760821461678,-1.4385243654251099,0.0023609448689967394,-1.0488394498825073,1.575652837753296,-0.4808286428451538,-0.5236023664474487,0.34071439504623413
-0.10029691457748413,-0.44361037015914917,0.00019057570898439735,-0.33171916007995605,0.044840212911367416,-0.2683528959751129,0.011976275593042374,-1.4061402082443237,0.0018994132988154888,-1.0471161603927612,1.5746461153030396,-0.47702673077583313,-0.5092170834541321,0.32769468426704407
-0.09398452937602997,-0.46204525232315063,0.0001543663238408044,-0.36799296736717224,0.026477720588445663,-0.2662768065929413,-0.008986586704850197,-1.3351285457611084,0.0012324681738391519,-1.047037959098816,1.5715500116348267,-0.47139841318130493,-0.49418163299560547,0.2851570248603821
-0.05246201902627945,-0.46841296553611755,0.00012503672041930258,-0.30461758375167847,0.022089993581175804,-0.2982359230518341,-0.006721125915646553,-1.4237027168273926,0.0010315789841115475,-1.0465874671936035,1.57149338722229,-0.47427821159362793,-0.4717157781124115,0.2903164029121399
-0.011570778675377369,-0.4566611647605896,9.696542838355526e-05,-0.2545756995677948,0.03066742792725563,-0.22700554132461548,0.01101522147655487,-1.4281318187713623,0.0012771376641467214,-1.0491892099380493,1.5736805200576782,-0.47836315631866455,-0.4719563126564026,0.3161172568798065
-0.03325752541422844,-0.05945326015353203,-0.0003334082430228591,-0.10238724201917648,0.009869120083749294,-0.32741236686706543,0.04207465052604675,-1.6894396543502808,0.0006765120779164135,-1.04288911819458,1.5721420049667358,-0.08588261902332306,-0.647218644618988,0.3649078607559204
-0.03498208150267601,0.025773312896490097,-1.6229778339038603e-05,-0.8064494132995605,0.006708451081067324,0.34507137537002563,-0.0883849635720253,-1.6706957817077637,0.00115896575152874,-1.044707179069519,1.5641767978668213,0.06319593638181686,-0.3957071602344513,0.14008726179599762
-0.01222823467105627,-0.0028707811143249273,-1.314612109126756e-05,-0.8399062752723694,0.008441305719316006,0.6540080308914185,-0.09342125803232193,-1.5988622903823853,-1.053139476425713e-05,-1.0453338623046875,1.5632699728012085,0.05144965276122093,-0.32117778062820435,0.23078720271587372
-0.02485904097557068,0.1695142239332199,-9.365657206217293e-06,-0.08855976909399033,-0.02200455404818058,-0.3942018747329712,-0.026775086298584938,-1.6042039394378662,0.00025855182320810854,-1.0475242137908936,1.5664947032928467,0.19627675414085388,-0.5709165334701538,0.36056721210479736
0.006342962849885225,0.1462296098470688,-7.586182164232014e-06,0.06573695689439774,-0.037395179271698,-0.6649054288864136,-0.02548319287598133,-1.6586132049560547,-0.0002221970644313842,-1.0480295419692993,1.565746784210205,0.18268166482448578,-0.6589489579200745,0.2855760455131531
0.10708615183830261,0.041051141917705536,-1.696032882136933e-06,0.140764519572258,-0.0033504790626466274,-0.5371280312538147,0.0003677091153804213,-1.7115471363067627,-0.0008309634285978973,-1.0475882291793823,1.5715699195861816,0.04946311563253403,-0.6313904523849487,0.29026395082473755
0.12854507565498352,0.0201568640768528,-1.3737793551626964e-06,0.27033907175064087,-0.003818147350102663,-0.6982340216636658,-0.004207977093756199,-1.5784069299697876,-0.00013821777247358114,-1.0475094318389893,1.5701103210449219,0.03444772586226463,-0.6076419949531555,0.33954495191574097
0.13261303305625916,0.007963847368955612,-1.1127611969641293e-06,0.31282466650009155,-0.0029807332903146744,-0.7285177111625671,0.0014027933357283473,-1.6153913736343384,-0.0007263309671543539,-1.0474309921264648,1.5718202590942383,0.014364339411258698,-0.6159008145332336,0.3288155794143677
0.1448383331298828,0.007105741649866104,-0.00011833422468043864,0.3586956560611725,-0.002514359774067998,-0.6180009245872498,0.006211376283317804,-1.6652123928070068,-0.0011784478556364775,-1.0473896265029907,1.573161244392395,0.006488349754363298,-0.6418483257293701,0.33604148030281067
-0.16030649840831757,0.10512413084506989,-0.0001052308434736915,0.23516421020030975,-0.0005466278526000679,-0.8892108798027039,-0.011327704414725304,-1.5559378862380981,-0.0011809330899268389,-1.0496939420700073,1.5728970766067505,0.10528751462697983,-0.9083585739135742,0.28095319867134094
-0.1324003040790558,0.09719382226467133,0.00010946077236440033,-0.5588638186454773,-0.012302801012992859,-0.004440126940608025,-0.039261344820261,-1.6057546138763428,-0.0003253845206927508,-1.0451993942260742,1.5677683353424072,0.12269647419452667,-0.5744184255599976,0.22632776200771332
-0.11754471063613892,0.06742683053016663,-0.00016736592806410044,-0.753491222858429,-0.009431791491806507,0.36574459075927734,-0.07809458673000336,-1.5809812545776367,0.00035871926229447126,-1.0456188917160034,1.5647263526916504,0.11537716537714005,-0.47458019852638245,0.22923429310321808
-0.0820494145154953,0.028435982763767242,-0.00013557003694586456,-0.7086153030395508,-0.004936074372380972,0.2689732015132904,-0.08629944175481796,-1.478244662284851,-0.0003019216819666326,-1.0460973978042603,1.5634907484054565,0.09079751372337341,-0.3864330053329468,0.25846001505851746
0.04092799127101898,-0.0903637707233429,-7.205120346043259e-05,-0.4467763304710388,-0.0031558112241327763,0.11768578737974167,-0.011382418684661388,-1.60599684715271,-0.0008686911314725876,-1.0466395616531372,1.569859504699707,-0.06193848326802254,-0.37835392355918884,0.33450260758399963
0.09076333045959473,-0.09981673210859299,-5.8361474657431245e-05,-0.2682460844516754,-0.0008923908462747931,-0.13166652619838715,0.04465765133500099,-1.6974495649337769,-0.0020506286527961493,-1.044543743133545,1.574999213218689,-0.10218869149684906,-0.4126175045967102,0.32877522706985474
0.1180621013045311,-0.12243179231882095,-4.7285986511269584e-05,-0.08636707067489624,0.0002694841241464019,-0.5509693622589111,0.04574768990278244,-1.6558279991149902,-0.0019265939481556416,-1.0427809953689575,1.5751310586929321,-0.13000145554542542,-0.4901171326637268,0.283675879240036
0.03895797207951546,-0.176292285323143,-2.5129713321803138e-05,-0.2040872573852539,0.014485967345535755,-0.30361872911453247,0.027315083891153336,-1.65164053440094,-0.00026477777282707393,-1.0450928211212158,1.573926329612732,-0.18518424034118652,-0.5568608045578003,0.27645552158355713
0.0027117261197417974,-0.2022990584373474,-2.066940396616701e-05,-0.3822125196456909,0.008722619153559208,0.12771698832511902,0.009866485372185707,-1.6814507246017456,4.537025961326435e-05,-1.0456663370132446,1.572058081626892,-0.20186682045459747,-0.49588826298713684,0.3205755650997162
-0.0006100588943809271,-0.2149658501148224,-1.3489589946402702e-05,-0.3017027676105499,0.0048385015688836575,0.058246269822120667,0.04460496827960014,-1.7125993967056274,-0.000505333358887583,-1.0460554361343384,1.5751001834869385,-0.23189927637577057,-0.49676674604415894,0.3649868667125702
-0.03583048656582832,-0.14403027296066284,-7.1689210017211735e-06,-0.2240172177553177,0.012492320500314236,-0.10369553416967392,0.1102641224861145,-1.6880947351455688,-0.002780256560072303,-1.046312689781189,1.5820814371109009,-0.20653103291988373,-0.576888918876648,0.3659107983112335
-0.04983554035425186,-0.14316050708293915,-5.806826266052667e-06,-0.3072870075702667,0.006418981589376926,0.0922800824046135,0.0664515569806099,-1.6759514808654785,-0.0015300310915336013,-1.0474272966384888,1.5775800943374634,-0.18303333222866058,-0.5746034383773804,0.3597985506057739
-0.034366462379693985,-0.10047801584005356,-3.809784857367049e-06,-0.15428335964679718,0.0075209857895970345,-0.2376699596643448,0.07021370530128479,-1.633904218673706,-0.0017214943654835224,-1.0475404262542725,1.5779953002929688,-0.144931361079216,-0.5837855935096741,0.35425901412963867
-0.015454168431460857,-0.05445653945207596,-3.385714990145061e-06,-0.08354825526475906,0.02918563038110733,-0.2384718358516693,0.0750347152352333,-1.6534388065338135,-0.0012209604028612375,-1.0514307022094727,1.579773187637329,-0.11779123544692993,-0.6058336496353149,0.3574924170970917
0.0218809824436903,-0.021723158657550812,-2.7424291602073936e-06,0.048494499176740646,0.02166389301419258,-0.4004807472229004,0.059984736144542694,-1.7069246768951416,-0.0009943031473085284,-1.050586462020874,1.57785964012146,-0.07536029815673828,-0.6401923894882202,0.36229947209358215
0.003577569266781211,-0.005038117058575153,-2.3211914594867267e-06,0.039920613169670105,0.007694054860621691,-0.531284511089325,0.040879130363464355,-1.712810754776001,-0.0003038958820980042,-1.0490859746932983,1.5745315551757812,-0.037127237766981125,-0.6792752146720886,0.32354453206062317
0.0013280493440106511,0.02334883250296116,-1.8801652004185598e-06,0.024064818397164345,0.014455417171120644,-0.5323021411895752,0.03596053645014763,-1.7149512767791748,-0.0004535467887762934,-1.0487253665924072,1.5748724937438965,-0.011443846859037876,-0.7054785490036011,0.2800857722759247
0.014539035968482494,0.06752347201108932,-1.5235153796311351e-06,0.030009374022483826,0.0266709104180336,-0.39841318130493164,0.03503653407096863,-1.6488761901855469,-0.0007400303729809821,-1.0484143495559692,1.5761301517486572,0.02130124345421791,-0.6714375019073486,0.3098134398460388
-0.0034964957740157843,0.09909020364284515,-1.2774527249348466e-06,-0.046591147780418396,0.014423764310777187,-0.2505813539028168,0.023519212380051613,-1.622603416442871,-0.0005583784077316523,-1.0460082292556763,1.5741150379180908,0.06302881985902786,-0.6156665682792664,0.3815029561519623
-0.039384353905916214,0.1744094341993332,-5.769628387497505e-06,-0.14048168063163757,0.007938016206026077,-0.3731852173805237,0.014690278097987175,-1.5558876991271973,-0.00044318739674054086,-1.0417819023132324,1.5727413892745972,0.14364469051361084,-0.5775757431983948,0.35101544857025146
-0.042138367891311646,0.1895013302564621,-4.673398962040665e-06,-0.24816064536571503,-0.014630066230893135,-0.20802228152751923,0.001493748975917697,-1.6577019691467285,-0.0012695580953732133,-1.0428025722503662,1.5702344179153442,0.18137434124946594,-0.5921967625617981,0.29988059401512146
-0.010077332146465778,0.190399631857872,-0.0006388797773979604,-0.16596101224422455,-0.03038465604186058,-0.2968457341194153,-0.02300754375755787,-1.6709504127502441,-0.0013357943389564753,-1.0436314344406128,1.5671833753585815,0.2064272165298462,-0.5866662263870239,0.30194470286369324
-0.027977248653769493,0.19107693433761597,-0.0012493816902861,-0.21405309438705444,-0.03990223631262779,-0.2664475739002228,-0.02696988172829151,-1.6105375289916992,-0.001734358724206686,-1.043977975845337,1.5664252042770386,0.21840117871761322,-0.579988420009613,0.30936509370803833
-0.01750461384654045,0.20725403726100922,-0.0010119990911334753,-0.2081463634967804,-0.02675776742398739,-0.2283501923084259,-0.01402454636991024,-1.5018075704574585,-0.00133797200396657,-1.0452698469161987,1.5683629512786865,0.2245785892009735,-0.5340613722801208,0.328259140253067
-0.0024311556480824947,0.06497840583324432,-0.0005885696155019104,-0.37409666180610657,-0.00750161986798048,-0.19251061975955963,-0.07971858978271484,-1.5524488687515259,0.0018596028676256537,-1.0485246181488037,1.5629714727401733,0.11650724709033966,-0.43206384778022766,0.3099418878555298
-0.026799287647008896,0.049009665846824646,-0.000475908542284742,-0.48891234397888184,-0.005393385421484709,-0.0677323117852211,-0.057834442704916,-1.612944483757019,0.00142484693787992,-1.0495407581329346,1.5649842023849487,0.09042803943157196,-0.4686674475669861,0.24374818801879883
-0.04356449097394943,0.027903052046895027,-0.0003801909333560616,-0.5690079927444458,-0.004407954402267933,0.09130418300628662,-0.047004539519548416,-1.699353814125061,0.0011602465528994799,-1.049067735671997,1.566074013710022,0.06289393454790115,-0.4689692556858063,0.22980085015296936
-0.052808038890361786,0.019908258691430092,-0.0003079546440858394,-0.4206434190273285,-0.0016813443507999182,-0.3211022615432739,-0.009061522781848907,-1.6027276515960693,0.0004412128764670342,-1.0468449592590332,1.569352388381958,0.036079078912734985,-0.5096501708030701,0.20812352001667023
0.04854040592908859,0.15714015066623688,1.1723217539838515e-05,-0.3994140326976776,-0.030384261161088943,-0.1995193362236023,-0.010561793111264706,-1.4684396982192993,-0.003111325204372406,-1.0454890727996826,1.5693997144699097,0.18937304615974426,-0.3924371302127838,0.24441054463386536
0.004844889510422945,0.10764402151107788,9.409928679815494e-06,-0.4616205394268036,-0.03211609274148941,-0.17855781316757202,-0.04826180636882782,-1.3893095254898071,-0.0019321063300594687,-1.0458760261535645,1.565812587738037,0.16469009220600128,-0.34628045558929443,0.2745324373245239
0.008099867962300777,0.07048079371452332,7.6220426308282185e-06,-0.3941739797592163,-0.02671406976878643,-0.4195048213005066,-0.04497164115309715,-1.4762921333312988,-0.0014557797694578767,-1.046134352684021,1.5662037134170532,0.12786246836185455,-0.3903282582759857,0.2232581377029419
-0.06211012974381447,0.03574211150407791,1.4116068314251606e-06,-0.11769848316907883,0.010586611926555634,-0.7667911052703857,-0.010082083754241467,-1.385480284690857,0.0016875832807272673,-1.0424575805664062,1.5696089267730713,0.032194074243307114,-0.5878732800483704,0.20388641953468323
-0.23000210523605347,-0.025234676897525787,-0.0007037686300463974,-0.39402350783348083,-0.03848627954721451,-0.21879877150058746,0.0015350569738075137,-1.520245909690857,-0.002344524720683694,-1.0510222911834717,1.5698373317718506,0.001703151036053896,-0.6900116801261902,0.21804772317409515
-0.24020220339298248,-0.019049998372793198,-0.0005700525944121182,-0.4005070924758911,-0.024431137368083,-0.16595293581485748,0.03198549151420593,-1.5361311435699463,-0.0022566316183656454,-1.0497729778289795,1.5729866027832031,-0.014755448326468468,-0.6682721376419067,0.26501062512397766
-0.23757006227970123,0.0028616569470614195,-0.00046174260205589235,-0.4454382359981537,-0.012600778602063656,0.04521305486559868,0.0747140571475029,-1.5595674514770508,-0.0027992790564894676,-1.0498108863830566,1.5771064758300781,-0.02435348927974701,-0.667864203453064,0.28554633259773254
-0.1420895755290985,0.01843859627842903,-0.00015955462004058063,-0.09427564591169357,-0.005327199120074511,-0.42859888076782227,0.06611233949661255,-1.4425466060638428,-0.002176353009417653,-1.0486046075820923,1.576615810394287,-0.015441559255123138,-0.6449503302574158,0.34805893898010254
-0.1007908284664154,0.0375666469335556,-6.034551347511297e-07,0.01452186331152916,0.013181380927562714,-0.5482614040374756,0.05595426633954048,-1.4304285049438477,-0.001079570152796805,-1.048801064491272,1.5767349004745483,-0.00395623967051506,-0.667563259601593,0.3461712598800659
-0.06326064467430115,0.041833698749542236,-4.88798661990586e-07,0.03251408785581589,0.0034722655545920134,-0.5592307448387146,0.04247382655739784,-1.5259997844696045,-0.000698896124958992,-1.0481528043746948,1.5745283365249634,0.013676667585968971,-0.675117015838623,0.33630576729774475
-0.041624076664447784,0.05756429210305214,-3.959269179176772e-07,0.024314651265740395,0.011405843310058117,-0.508122980594635,0.037497784942388535,-1.553987979888916,-0.0007323618046939373,-1.0490241050720215,1.5749926567077637,0.027279742062091827,-0.6685187220573425,0.3240772783756256
-0.012013458646833897,0.08937136083841324,-3.2070079214463476e-07,0.11369495093822479,0.023579111322760582,-0.5518829226493835,0.0380210354924202,-1.4898922443389893,-0.0011545595480129123,-1.0491933822631836,1.5767507553100586,0.0464632622897625,-0.6469913125038147,0.34847885370254517
0.011578231118619442,0.2574920952320099,0.0001940261572599411,-0.22261939942836761,0.009204023517668247,-0.14391495287418365,-0.008287002332508564,-1.5519745349884033,0.0004808058147318661,-1.0428959131240845,1.5713286399841309,0.2446313351392746,-0.5143518447875977,0.3793223798274994
0.11516176909208298,0.06394416838884354,1.9126711777062155e-05,0.0354568213224411,-8.19305787445046e-05,-0.356292724609375,-0.017683137208223343,-1.610671877861023,0.00016083504306152463,-1.051262378692627,1.5677080154418945,0.0953286811709404,-0.5270952582359314,0.37066739797592163
0.16765844821929932,0.025186987593770027,1.2549751772894524e-05,0.19788755476474762,0.02363223396241665,-0.5867462754249573,0.009334112517535686,-1.6076172590255737,-0.000711571890860796,-1.047343373298645,1.5735433101654053,0.019604865461587906,-0.5026317238807678,0.3769788444042206
0.13333506882190704,-8.371980948140845e-05,1.016529949993128e-05,-0.007381466217339039,0.017534714192152023,-0.20692379772663116,0.0046432605013251305,-1.801356315612793,-0.000414436828577891,-1.0473181009292603,1.5724884271621704,0.003542326856404543,-0.5660596489906311,0.35313940048217773
0.07469342648983002,-0.041068267077207565,8.232123036577832e-06,-0.14181987941265106,0.0014641936868429184,-0.16810502111911774,-0.013416711241006851,-1.766592025756836,-0.00013034770381636918,-1.0472921133041382,1.5701061487197876,-0.021317653357982635,-0.538898229598999,0.3696439862251282
0.029498597607016563,-0.09733244776725769,6.668019523203839e-06,-0.22362583875656128,-0.01873539201915264,-0.3479161560535431,-0.03311699256300926,-1.735365390777588,-0.0002123385202139616,-1.0468788146972656,1.5670692920684814,-0.054466307163238525,-0.5629169940948486,0.29825231432914734
-0.0028591419104486704,-0.20238281786441803,3.543658976923325e-06,-0.4627908170223236,-0.0009347112500108778,-0.21013039350509644,-0.008700322359800339,-1.4935411214828491,0.0006213579908944666,-1.0438851118087769,1.569952368736267,-0.1806465983390808,-0.42922309041023254,0.2180008739233017
-0.0016808060463517904,-0.22969384491443634,2.870363914553309e-06,-0.43285641074180603,0.0032005596440285444,-0.40798619389533997,0.003494543256238103,-1.421797752380371,0.0006754304049536586,-1.0433911085128784,1.5712450742721558,-0.21615995466709137,-0.4157775938510895,0.19584743678569794
-0.039531074464321136,-0.2434413582086563,0.0007335437694564462,-0.5693044066429138,0.013904609717428684,-0.27100127935409546,0.016637861728668213,-1.3825174570083618,0.0018068391364067793,-1.0441371202468872,1.5725789070129395,-0.24775394797325134,-0.417675644159317,0.14413222670555115
-0.06519928574562073,-0.24455054104328156,0.0005941747804172337,-0.666914701461792,0.016709331423044205,-0.2341284602880478,0.047616567462682724,-1.4047578573226929,0.0014413567259907722,-1.0447595119476318,1.5753339529037476,-0.2700258195400238,-0.3892707824707031,0.12072786688804626
-0.09292039275169373,-0.26589784026145935,0.00011077732779085636,-0.27621883153915405,0.04187912493944168,-0.02308730222284794,0.022886937484145164,-1.6674926280975342,0.00218039914034307,-1.049251675605774,1.5742536783218384,-0.2964315116405487,-0.6590292453765869,0.2933449447154999
0.08202380686998367,-0.06304730474948883,0.00016484505613334477,0.5885668992996216,0.016497338190674782,-1.1092596054077148,0.018437111750245094,-1.505500316619873,-0.00027320385561324656,-1.0489271879196167,1.5746451616287231,-0.09788479655981064,-0.7321444749832153,0.2940272390842438
0.050867870450019836,-0.013166849501430988,-3.750751420739107e-05,0.5382383465766907,0.013030009344220161,-1.1276742219924927,0.018341949209570885,-1.4576362371444702,-0.0006417080294340849,-1.0485948324203491,1.575313687324524,-0.0526406355202198,-0.7661619782447815,0.24134305119514465
-0.018981153145432472,0.05075311288237572,-3.038108661712613e-05,0.24429073929786682,0.010308382101356983,-0.7629473805427551,0.018317898735404015,-1.5029590129852295,-0.001018604962155223,-1.0483489036560059,1.5760126113891602,0.0044618393294513226,-0.7487821578979492,0.27316224575042725
-0.031388066709041595,0.10578981786966324,-2.4612720153527334e-05,0.1466764211654663,0.0062462687492370605,-0.5214004516601562,0.008056813850998878,-1.4518274068832397,0.0001420356275048107,-1.0478177070617676,1.5727297067642212,0.06986664980649948,-0.680220365524292,0.3620210289955139
-0.07205710560083389,0.12060964107513428,-0.0004818135348614305,-0.405646413564682,-0.01466136984527111,-0.32047519087791443,-0.0954258069396019,-1.6363353729248047,0.0015026293694972992,-1.0465120077133179,1.5604373216629028,0.18761566281318665,-0.5387108325958252,0.268428772687912
0.03795153275132179,-0.05596249923110008,1.1189604265382513e-05,-0.5451127886772156,0.002754383021965623,-0.11161614954471588,0.01894734799861908,-1.456540584564209,3.66334970749449e-05,-1.0482605695724487,1.572160005569458,-0.07821439206600189,-0.3128545582294464,0.1632944643497467
0.04040401428937912,-0.05662272498011589,9.063579454959836e-06,-0.5142680406570435,0.00016021211922634393,0.15725402534008026,-0.0217352956533432,-1.4295406341552734,0.0009328497690148652,-1.0481274127960205,1.5687106847763062,-0.05565562844276428,-0.2995670735836029,0.28746581077575684
0.008468926884233952,0.07158640772104263,-0.00041836939635686576,0.5478238463401794,-0.0034203659743070602,-0.9719095826148987,0.035574108362197876,-1.6134918928146362,0.00041507111745886505,-1.046757698059082,1.5710896253585815,0.050026677548885345,-0.8595796823501587,0.2834271490573883
-0.009808371774852276,0.09283007681369781,-0.00033887921017594635,0.46489599347114563,-0.0031694811768829823,-0.8242118954658508,0.0313735194504261,-1.6470657587051392,6.997162563493475e-05,-1.046836495399475,1.5719716548919678,0.0669875293970108,-0.8514527678489685,0.285943865776062
-0.0690598413348198,0.10620972514152527,-0.00027449236949905753,0.168071448802948,-0.0018689711578190327,-0.35158973932266235,0.01998368464410305,-1.6817034482955933,0.0004878902982454747,-1.0469492673873901,1.5704455375671387,0.09136134386062622,-0.8230089545249939,0.364276260137558
-0.08025476336479187,0.19470585882663727,0.00020190510258544236,0.32821300625801086,0.0037104194052517414,-0.732443630695343,-0.02564285323023796,-1.5600194931030273,0.0023323618806898594,-1.045767903327942,1.5638322830200195,0.2202378362417221,-0.8265489339828491,0.3373258113861084
-0.10566559433937073,0.1741223782300949,0.00016353296814486384,0.28616437315940857,0.0027582498732954264,-0.6734927296638489,-0.015146230347454548,-1.504314661026001,0.001258784206584096,-1.0481067895889282,1.566875696182251,0.19024601578712463,-0.8164144158363342,0.35845422744750977
-0.05696021765470505,-0.15966907143592834,1.3839595339959487e-05,-0.02129584364593029,0.02198510244488716,-0.5695961117744446,0.009560242295265198,-1.5595285892486572,-0.0004094525647815317,-1.048709511756897,1.5734338760375977,-0.1675281971693039,-0.6780807375907898,0.3176608681678772
-0.07786243408918381,-0.15154029428958893,1.1210072443645913e-05,-0.10952791571617126,0.04272105544805527,-0.524244487285614,0.010109823197126389,-1.51031494140625,0.0004392106202431023,-1.048457384109497,1.574562668800354,-0.17600688338279724,-0.6639147996902466,0.27114567160606384
-0.08645358681678772,-0.1475428342819214,0.0002651202667038888,-0.21002614498138428,0.04151929169893265,-0.47089684009552,0.008222762495279312,-1.4896422624588013,0.0008785556419752538,-1.0473542213439941,1.5740699768066406,-0.17396077513694763,-0.6227461695671082,0.26761186122894287
-0.03240929916501045,-0.1586143970489502,0.0002147782943211496,-0.06613513082265854,0.013004404492676258,-0.7624233365058899,0.0057354639284312725,-1.5232971906661987,-0.0009363936842419207,-1.0466382503509521,1.57275390625,-0.1671409010887146,-0.6218022108078003,0.22085393965244293
0.017761653289198875,-0.136975958943367,0.0007657031528651714,0.12570349872112274,0.011156602762639523,-0.5940107107162476,-0.00503265205770731,-1.5211292505264282,0.0014295635046437383,-1.047321081161499,1.569507122039795,-0.14073975384235382,-0.6354284882545471,0.3093162775039673
0.02454022504389286,-0.13967269659042358,0.0007395751308649778,0.12272250652313232,0.007806863635778427,-0.4851353168487549,-0.0055001722648739815,-1.55088472366333,0.0013037261087447405,-1.0462695360183716,1.5693591833114624,-0.14060094952583313,-0.6266728043556213,0.36948227882385254
0.006818691268563271,0.26032596826553345,0.00042356547783128917,0.17807888984680176,-0.030396420508623123,-0.6176938414573669,-0.07265371084213257,-1.6491135358810425,0.0018843363504856825,-1.0457221269607544,1.5628981590270996,0.32763466238975525,-0.7276076078414917,0.3239165246486664
-0.01733335107564926,0.22504489123821259,0.0003431832592468709,0.07496655732393265,-0.021935412660241127,-0.6002233624458313,-0.0542246475815773,-1.6982041597366333,0.0008689527749083936,-1.044118046760559,1.5659127235412598,0.2766348421573639,-0.7269774079322815,0.3038712441921234
-0.059959255158901215,0.1785631626844406,0.00027797860093414783,-0.06173732504248619,-0.027840424329042435,-0.4858759641647339,-0.04716304689645767,-1.6248303651809692,0.0009507181239314377,-1.0446927547454834,1.5655386447906494,0.23345570266246796,-0.7149856090545654,0.275926798582077
-0.049592386931180954,0.12887541949748993,6.134370778454468e-05,-0.11196546256542206,-0.029742924496531487,-0.2964541018009186,-0.038618303835392,-1.6412726640701294,0.00041773327393457294,-1.0476573705673218,1.5662626028060913,0.18432050943374634,-0.6603724956512451,0.30874165892601013
-0.013396590948104858,0.09558615833520889,4.970947702531703e-05,-0.07893486320972443,-0.008475982584059238,-0.29954907298088074,-0.022125262767076492,-1.7197247743606567,0.0006281129317358136,-1.0475112199783325,1.568907380104065,0.13163352012634277,-0.6346721053123474,0.3461989760398865
-0.019285932183265686,0.07699290663003922,4.026467649964616e-05,-0.12898476421833038,0.016028225421905518,-0.19780269265174866,-0.005045524798333645,-1.673437237739563,0.0009220661013387144,-1.0502101182937622,1.5717394351959229,0.08840521425008774,-0.6293624043464661,0.34046879410743713
-0.059716928750276566,0.15155404806137085,1.378547381136741e-06,0.2749916613101959,-0.0033551722299307585,-0.7125191688537598,0.007316194474697113,-1.7094850540161133,-0.0006562100606970489,-1.0497673749923706,1.5733615159988403,0.14466677606105804,-0.8633880019187927,0.2973864674568176
-0.02967091090977192,0.14887914061546326,1.116623366215208e-06,0.3816733956336975,-0.0029319978784769773,-0.9014718532562256,0.0020282126497477293,-1.5946694612503052,5.299361509969458e-05,-1.0494353771209717,1.5714168548583984,0.15122683346271515,-0.8452749252319336,0.2800997197628021
-0.019241074100136757,0.13189217448234558,9.044649686984485e-07,0.23971951007843018,-0.002292865654453635,-0.595860481262207,-0.0020068236626684666,-1.6890747547149658,0.0005664079217240214,-1.0490961074829102,1.569875955581665,0.1429421752691269,-0.8138927221298218,0.2952154874801636
0.0016272931825369596,0.09995561093091965,7.3261662691948e-07,0.1256403774023056,-0.0025744056329131126,-0.4114774465560913,-0.009162564761936665,-1.7407464981079102,0.0011510729091241956,-1.048729658126831,1.5682491064071655,0.12045217305421829,-0.746563732624054,0.35872095823287964
0.010637662373483181,0.05286123603582382,5.934512046223972e-07,0.009861327707767487,-0.006362075451761484,-0.19074960052967072,-0.018012408167123795,-1.661827564239502,0.0014673731056973338,-1.0484284162521362,1.5668872594833374,0.08490902185440063,-0.6760551333427429,0.3830927312374115
0.043625544756650925,-0.27184584736824036,8.668076043250039e-05,0.073323093354702,-0.030732380226254463,-0.47701868414878845,-0.06292706727981567,-1.6105245351791382,0.0027545092161744833,-1.0476133823394775,1.5606080293655396,-0.1805996149778366,-0.6047820448875427,0.36617088317871094
0.02541925013065338,-0.359189510345459,7.02114193700254e-05,0.010073400102555752,-0.01940496265888214,-0.36508607864379883,-0.046595241874456406,-1.5774210691452026,0.001925441436469555,-1.0475633144378662,1.563755989074707,-0.28247126936912537,-0.6030185222625732,0.3569631278514862
-0.004293663892894983,-0.48629334568977356,4.552407335722819e-05,-0.16921259462833405,0.024004928767681122,-0.05657670646905899,-0.00937605556100607,-1.668020486831665,0.0013932983856648207,-1.046630859375,1.5708740949630737,-0.4572400450706482,-0.5718408226966858,0.3814811408519745
0.02086138352751732,-0.22973844408988953,5.7026581998798065e-06,-0.7568430304527283,0.0011211842065677047,0.1642882376909256,0.0346185676753521,-1.4917621612548828,0.0005575210088863969,-1.0473994016647339,1.5751677751541138,-0.2789785861968994,-0.2894211709499359,0.1861780434846878
0.06440896540880203,-0.16503527760505676,4.61915306004812e-06,-0.7521321177482605,0.0005468466551974416,0.1794627606868744,0.03712989389896393,-1.5138503313064575,0.00036117489798925817,-1.0474005937576294,1.5751171112060547,-0.21504534780979156,-0.24659544229507446,0.17736269533634186
0.07649271190166473,-0.11021725088357925,3.7415138649521396e-06,-0.8454680442810059,0.0014949527103453875,0.41456809639930725,0.01719476468861103,-1.4419280290603638,0.00019561989756766707,-1.047349452972412,1.57300865650177,-0.15014828741550446,-0.18179258704185486,0.20796367526054382
0.11590012907981873,-0.018971679732203484,2.4548073724872665e-06,-0.6175544857978821,0.0023641902953386307,-0.050433531403541565,0.01158457063138485,-1.4423452615737915,-0.0006594005972146988,-1.0485202074050903,1.5716625452041626,-0.04815291985869408,-0.17758433520793915,0.20847202837467194
0.1083933413028717,0.021216336637735367,1.9883250388375018e-06,-0.6723150014877319,0.0015654731541872025,0.14806397259235382,-0.0026960032992064953,-1.534936547279358,-0.00025894559803418815,-1.0482679605484009,1.5705360174179077,-0.001689620898105204,-0.22400106489658356,0.20005157589912415
0.09554397314786911,0.0443292111158371,1.6105432223412208e-06,-0.6082221865653992,0.0022971678990870714,-0.004718393087387085,-0.04158218577504158,-1.5122911930084229,0.0003693336038850248,-1.0480682849884033,1.5672837495803833,0.04346732795238495,-0.22247374057769775,0.22517700493335724
0.049478594213724136,0.051329877227544785,1.3041983493167209e-06,-0.6651421189308167,0.00014415488112717867,0.07583911716938019,-0.0896131619811058,-1.4272693395614624,0.0015846460592001677,-1.0479336977005005,1.5634760856628418,0.07979665696620941,-0.2581096291542053,0.20544350147247314
-0.11080965399742126,-0.3986094892024994,-4.479528797673993e-05,-0.07106835395097733,0.05386800691485405,-0.47812312841415405,0.059468913823366165,-1.4333782196044922,0.0004117991775274277,-1.0434890985488892,1.5768733024597168,-0.450205534696579,-0.673466682434082,0.3337821364402771
-0.06977525353431702,-0.3892662823200226,-3.628418198786676e-05,-0.030139904469251633,0.06830573081970215,-0.635389506816864,0.050357330590486526,-1.4054341316223145,0.0011999324196949601,-1.0365394353866577,1.5777169466018677,-0.4531192183494568,-0.6287036538124084,0.3152199983596802
-0.06534627825021744,-0.3652164340019226,-2.9390188501565717e-05,-0.19837789237499237,0.09443587064743042,-0.41728121042251587,0.044253312051296234,-1.4354140758514404,0.0026780192274600267,-1.03909170627594,1.5790648460388184,-0.44285503029823303,-0.5935471057891846,0.2840783894062042
-0.0017998374532908201,0.28321602940559387,0.0004302790039218962,-0.4543958604335785,-0.01611575484275818,-0.008238106034696102,-0.05968222767114639,-1.4247437715530396,0.0005041359108872712,-1.045295000076294,1.5634382963180542,0.295591801404953,-0.37794244289398193,0.3239855170249939
-0.020893583074212074,0.32772496342658997,0.0001843148929765448,-0.4529827833175659,-0.012220854870975018,-0.20610232651233673,-0.10696844011545181,-1.6522787809371948,0.002598078455775976,-1.0446832180023193,1.5602225065231323,0.37682560086250305,-0.44448384642601013,0.2544859051704407
-0.03306877985596657,0.46551236510276794,3.8437639886979014e-05,0.005162310320883989,-0.003023139899596572,-0.6233591437339783,-0.01969263143837452,-1.5038038492202759,0.0005530357011593878,-1.0478984117507935,1.5687816143035889,0.46966972947120667,-0.667140007019043,0.268819659948349
-0.05388082563877106,0.46586883068084717,-9.689299622550607e-05,-0.11762407422065735,-0.018931720405817032,-0.477412611246109,-0.017359063029289246,-1.4700676202774048,-5.7618850405560806e-05,-1.0456277132034302,1.568155288696289,0.4803362190723419,-0.6140683889389038,0.29756641387939453
-0.04504171386361122,0.45436474680900574,-7.745182665530592e-05,-0.2195049524307251,-0.03766414523124695,-0.2398701310157776,-0.02081935666501522,-1.49192214012146,-0.0011901448015123606,-1.0473958253860474,1.5668174028396606,0.4843055009841919,-0.5546393990516663,0.3222140967845917
-0.1472257673740387,0.2224339097738266,0.00017314082651864737,0.2886250913143158,-0.003114969003945589,-0.6854017376899719,-0.08508480340242386,-1.6943576335906982,-0.0005529028712771833,-1.0464645624160767,1.567509651184082,0.2853926122188568,-0.9341150522232056,0.35827895998954773
-0.1514526754617691,0.1648484319448471,0.0004479851631913334,0.12593194842338562,-0.003834317671135068,-0.5827807784080505,-0.07376838475465775,-1.769431471824646,0.00018864666344597936,-1.04656183719635,1.5666301250457764,0.22754643857479095,-0.932907223701477,0.2928551435470581
0.15714716911315918,-0.13442060351371765,6.123359071352752e-06,-0.010383649729192257,0.006801344454288483,-0.4362230598926544,-0.0031586638651788235,-1.5948406457901,-0.0007396859582513571,-1.0490328073501587,1.5715361833572388,-0.1254774034023285,-0.4758553206920624,0.2951371967792511
0.16714908182621002,-0.13490034639835358,4.959920715918997e-06,-0.03174286708235741,0.024144502356648445,-0.06678789854049683,0.00791205931454897,-1.6856634616851807,-0.0005075139924883842,-1.0493268966674805,1.5735889673233032,-0.14320604503154755,-0.4509214162826538,0.39617472887039185
0.012271696701645851,-0.17805516719818115,0.00017724682402331382,0.09668280184268951,0.00944683887064457,-0.38598230481147766,-0.0043920488096773624,-1.6412640810012817,-7.064373903631349e-07,-1.0482698678970337,1.5711292028427124,-0.173315167427063,-0.6435343027114868,0.3890632092952728
-0.028252454474568367,-0.18134309351444244,7.629932224517688e-05,0.22724808752536774,0.007350384723395109,-0.6186224818229675,0.014689072966575623,-1.5775566101074219,-0.0014201224548742175,-1.0476269721984863,1.5748341083526611,-0.19680875539779663,-0.7230842113494873,0.36518701910972595
-0.07438476383686066,-0.15460404753684998,6.180244963616133e-05,0.06539150327444077,0.00813287403434515,-0.43244436383247375,0.0215753260999918,-1.5762025117874146,-0.0021957666613161564,-1.0475062131881714,1.5767486095428467,-0.18054135143756866,-0.7262773513793945,0.36917245388031006
-0.13349397480487823,0.04361548647284508,7.058869232423604e-05,0.4835904538631439,0.00119059719145298,-0.7593714594841003,-0.013559856452047825,-1.7517094612121582,-0.00021983636543154716,-1.0445189476013184,1.5703614950180054,0.06636685878038406,-1.0085681676864624,0.3483324646949768
-0.12633463740348816,-0.00026224914472550154,5.717683961847797e-05,0.4610240161418915,0.001527724671177566,-0.8430747985839844,-0.014318251982331276,-1.7227516174316406,0.00010780380398500711,-1.0461596250534058,1.5694818496704102,0.02862606756389141,-1.006706953048706,0.2994346618652344
-0.11786305904388428,-0.05841871723532677,4.6394794480875134e-05,0.4407537281513214,0.0015599646139889956,-1.055586338043213,-0.013810104690492153,-1.7575031518936157,0.00033555671689100564,-1.0439066886901855,1.568910002708435,-0.022316642105579376,-1.0126558542251587,0.24660958349704742
-0.07437853515148163,-0.2694462835788727,1.6173287804122083e-05,0.05542999133467674,0.01445850171148777,-0.5395444631576538,0.006108556874096394,-1.3991963863372803,-0.0022916628513485193,-1.0461701154708862,1.5751234292984009,-0.26671966910362244,-0.7213795781135559,0.28419238328933716
0.056718308478593826,-0.05884283781051636,-0.0002657231525518,-0.0584164522588253,0.0553947314620018,-0.5785127878189087,0.059742603451013565,-1.4540653228759766,-0.0011935122311115265,-1.0455325841903687,1.5805710554122925,-0.14146092534065247,-0.500184178352356,0.31767183542251587
0.018884830176830292,0.011942565441131592,-0.00021515891421586275,-0.19836796820163727,0.0753953605890274,-0.43307769298553467,0.050480082631111145,-1.4428118467330933,0.0006126439548097551,-1.0461370944976807,1.5804754495620728,-0.08278380334377289,-0.49560147523880005,0.27962276339530945
-0.007761829998344183,0.08154700696468353,0.0005750699201598763,-0.38691526651382446,0.07741819322109222,-0.04062466323375702,0.046791065484285355,-1.4616961479187012,0.001559681142680347,-1.0482826232910156,1.5797315835952759,-0.015004164539277554,-0.4432631731033325,0.3126453161239624
-0.062497083097696304,-0.05627046525478363,0.0001668019685894251,-0.1940411925315857,-0.005136135034263134,-0.15680798888206482,0.013388432562351227,-1.7442816495895386,0.0006463240133598447,-1.0466558933258057,1.5701079368591309,-0.07075430452823639,-0.6603702902793884,0.39586693048477173
-0.04611620679497719,-0.05917131155729294,0.00013510958524420857,-0.3383837342262268,-0.01741160824894905,-0.18151870369911194,-0.016094209626317024,-1.6692471504211426,0.0007566578569822013,-1.0471272468566895,1.5670264959335327,-0.051095109432935715,-0.6185537576675415,0.2869664430618286
-0.06760267168283463,-0.29559358954429626,4.1242234146920964e-05,-0.27640199661254883,0.01095923874527216,-0.1334606409072876,0.01629050262272358,-1.4732248783111572,0.001410775468684733,-1.0492393970489502,1.5738086700439453,-0.30968034267425537,-0.5505004525184631,0.28191083669662476
-0.03945634514093399,-0.043555185198783875,-0.0002059652906609699,0.18321920931339264,0.005151477176696062,-0.7713996767997742,0.024518493562936783,-1.5393002033233643,0.00021578198357019573,-1.0475248098373413,1.5721079111099243,-0.06980475783348083,-0.7487347722053528,0.306216835975647
-0.035388458520174026,-0.004333664663136005,-0.0001668318873271346,0.04500926658511162,0.01094982773065567,-0.7420017123222351,0.027211423963308334,-1.5688066482543945,-0.0011851859744638205,-1.0479215383529663,1.5747675895690918,-0.0402805432677269,-0.7246096730232239,0.26495373249053955
0.12339012324810028,0.11296679079532623,-5.254243660601787e-05,-0.18014545738697052,-0.01635010540485382,-0.2541799247264862,0.006570575293153524,-1.6035873889923096,0.0002728079562075436,-1.046687126159668,1.5703928470611572,0.10757485032081604,-0.4850952923297882,0.26896053552627563
0.19640564918518066,0.0996873527765274,-1.8184553482569754e-05,0.21576228737831116,-0.02808365784585476,-0.7053984999656677,-0.02403828501701355,-1.7053196430206299,0.0009654320892877877,-1.0437798500061035,1.56561279296875,0.13010700047016144,-0.5263727903366089,0.32540738582611084
0.13751842081546783,0.06825342029333115,-1.4729488611919805e-05,0.118440642952919,-0.02539161406457424,-0.6462385654449463,-0.02540738508105278,-1.7298225164413452,0.0017981494311243296,-1.044387936592102,1.564391851425171,0.10375704616308212,-0.606393575668335,0.27012553811073303
0.007814489305019379,-0.3759530186653137,2.8712556741083972e-05,-0.2837004065513611,-0.0011835984187200665,-0.09786909818649292,0.010049862787127495,-1.7461652755737305,-0.0011922951089218259,-1.0464251041412354,1.5718286037445068,-0.35994699597358704,-0.5335931181907654,0.2622425854206085
0.04519063979387283,-0.3838448226451874,2.3257171051227488e-05,0.03273994103074074,0.01766935922205448,-0.42911747097969055,0.03790530934929848,-1.735911250114441,-0.0011582504957914352,-1.0433329343795776,1.5753318071365356,-0.3953859508037567,-0.592551052570343,0.32438141107559204
0.024311183020472527,-0.37981468439102173,1.8905180695583113e-05,0.20971566438674927,0.028589004650712013,-0.6656696796417236,0.04265733063220978,-1.6163026094436646,-0.0019789054058492184,-1.0438896417617798,1.5779305696487427,-0.4098367691040039,-0.6758958101272583,0.32202082872390747
0.007258095312863588,-0.38793811202049255,1.531319685454946e-05,0.4195413589477539,0.022848082706332207,-0.9743373394012451,0.030473869293928146,-1.592179536819458,-0.0010392081458121538,-1.0391390323638916,1.5751373767852783,-0.406661719083786,-0.7534410357475281,0.28830328583717346
-0.0640563815832138,-0.4103647768497467,1.2403688742779195e-05,0.3581707179546356,0.018627602607011795,-0.929869532585144,0.022511370480060577,-1.6395082473754883,-0.0005102626164443791,-1.0412988662719727,1.5733113288879395,-0.4148077070713043,-0.8513824343681335,0.2473413348197937
-0.18570157885551453,-0.4471273422241211,1.0046987881651148e-05,0.06827476620674133,0.014109094627201557,-0.6467674374580383,0.015003721229732037,-1.653692603111267,0.00018513026589062065,-1.0420172214508057,1.5714616775512695,-0.44055166840553284,-0.8867728114128113,0.2654277980327606
-0.3054209053516388,-0.4729595482349396,8.13806036603637e-06,-0.21163083612918854,0.025319835171103477,-0.41207459568977356,0.014483864419162273,-1.5388357639312744,0.0003704433038365096,-1.0423413515090942,1.5725376605987549,-0.4761350452899933,-0.859336256980896,0.27089065313339233
-0.30058595538139343,-0.4832471013069153,6.606514943996444e-06,-0.2812120020389557,0.04045309126377106,-0.39591872692108154,0.020990537479519844,-1.6383730173110962,0.001697265892289579,-1.043065071105957,1.5739810466766357,-0.5023931860923767,-0.8437826633453369,0.24629664421081543
-0.1754714846611023,-0.3197273313999176,4.843892043027154e-07,-0.11085261404514313,0.11127694696187973,-0.47903740406036377,0.012404416687786579,-1.4430354833602905,0.008215270936489105,-1.0525519847869873,1.5749294757843018,-0.41039061546325684,-0.7273352146148682,0.26734423637390137
-0.11771247535943985,-0.2739260494709015,3.923552469586866e-07,-0.02085021324455738,0.08268672227859497,-0.48055070638656616,0.009008852764964104,-1.4291414022445679,0.006405229214578867,-1.0497499704360962,1.573679804801941,-0.3511706292629242,-0.6852473616600037,0.3408166170120239
-0.12174860388040543,-0.14569783210754395,0.0002976416435558349,-0.19109489023685455,0.08319373428821564,-0.36430200934410095,0.01373001653701067,-1.4507834911346436,0.004327361471951008,-1.0508086681365967,1.576069712638855,-0.22881579399108887,-0.6284719705581665,0.338017076253891
-0.12452318519353867,-0.0895792543888092,0.00024108972866088152,-0.29006198048591614,0.05884021893143654,-0.4324728846549988,0.00818085391074419,-1.3994823694229126,0.002974082948639989,-1.048695683479309,1.5744816064834595,-0.15910755097866058,-0.5917117595672607,0.2868015766143799
-0.11808855086565018,-0.024696283042430878,0.0001952826714841649,-0.5112877488136292,0.05465439707040787,-0.14369934797286987,0.01519247330725193,-1.5167139768600464,0.0028713601641356945,-1.0484849214553833,1.5748170614242554,-0.09191051870584488,-0.5547273755073547,0.2192533165216446
-0.07198423892259598,0.029710987582802773,0.00015802663983777165,-0.6132096648216248,0.04342725872993469,0.05471137911081314,-0.0037759721744805574,-1.5751980543136597,0.002665190491825342,-1.0482836961746216,1.5727657079696655,-0.02372293919324875,-0.47912222146987915,0.20866644382476807
-0.007445475086569786,0.06791884452104568,0.00012800158583559096,-0.5748859643936157,0.03483351320028305,0.05500537529587746,-0.055308934301137924,-1.627234697341919,0.003229331923648715,-1.0480015277862549,1.5682704448699951,0.04518705606460571,-0.4251199960708618,0.21724838018417358
0.01248010154813528,0.09081010520458221,0.00010397342703072354,-0.6406666040420532,0.02829042263329029,0.12803424894809723,-0.11142157763242722,-1.5579053163528442,0.003898297669366002,-1.0476690530776978,1.5634496212005615,0.1037457063794136,-0.3700115382671356,0.23367466032505035
0.0453607439994812,0.12750698626041412,8.421552047366276e-05,-0.7453159093856812,0.023187490180134773,0.35543182492256165,-0.1030067652463913,-1.5211570262908936,0.0033657040912657976,-1.0476529598236084,1.5638020038604736,0.14734233915805817,-0.28242701292037964,0.24358060956001282
0.12060040235519409,0.2278532087802887,2.3784949007676914e-05,-0.5833630561828613,0.005799373611807823,0.150788813829422,-0.020780354738235474,-1.6473703384399414,0.0008600113214924932,-1.0478324890136719,1.5692682266235352,0.23221449553966522,-0.22638221085071564,0.292875736951828
0.08436916023492813,0.24679353833198547,0.00031146398396231234,-0.6884958744049072,0.0033549824729561806,0.31624141335487366,0.005481441039592028,-1.6817601919174194,0.0006320137763395905,-1.0478296279907227,1.5712202787399292,0.2374439835548401,-0.285452663898468,0.24128682911396027
0.07742195576429367,0.2506106197834015,0.0002522858267184347,-0.6578023433685303,0.0038101847749203444,0.16322901844978333,-0.008301672525703907,-1.6971913576126099,0.0003988049866165966,-1.0477005243301392,1.570099115371704,0.2483794242143631,-0.30212706327438354,0.22505302727222443
0.06450705975294113,0.2559041678905487,0.00018274049216415733,-0.72682785987854,0.0031790563371032476,0.25871261954307556,-0.008624672889709473,-1.613013744354248,0.000331492890836671,-1.047605037689209,1.570095419883728,0.2552676498889923,-0.31013476848602295,0.19535839557647705
0.08206186443567276,0.2735101878643036,0.00014801979705225676,-0.8451119065284729,0.0008783584926277399,0.6242092251777649,0.007022299338132143,-1.6263759136199951,0.0007456872262991965,-1.0475348234176636,1.5716191530227661,0.2619066834449768,-0.2308070808649063,0.2364860475063324
0.1090029776096344,0.31205397844314575,0.00025732594076544046,-0.7247896790504456,0.0024342357646673918,0.4571689963340759,-0.010111366398632526,-1.7283769845962524,-0.00043974450090900064,-1.0473846197128296,1.5696043968200684,0.3160693645477295,-0.22750644385814667,0.28294679522514343
0.0865141823887825,0.29652589559555054,0.00020843402307946235,-0.8399165272712708,0.003659372217953205,0.5748412609100342,-0.01799892447888851,-1.7955220937728882,-0.001104055205360055,-1.046757698059082,1.5689241886138916,0.31079381704330444,-0.2622726261615753,0.2365681529045105
0.0742272213101387,0.2859802544116974,0.0003726090944837779,-1.0203754901885986,0.001965917879715562,0.9082377552986145,-0.011278131976723671,-1.8213196992874146,-0.0003857661213260144,-1.0468322038650513,1.5693475008010864,0.29518911242485046,-0.24721693992614746,0.1939590722322464
0.06991711258888245,0.26484742760658264,0.00030181335750967264,-0.8407251834869385,0.002054795855656266,0.4524209499359131,-0.010989749804139137,-1.8219523429870605,-0.000629996124189347,-1.0471729040145874,1.5694468021392822,0.2804751992225647,-0.2695786654949188,0.16799968481063843
0.0618935227394104,0.2784351408481598,0.00027017053798772395,-0.5563666820526123,0.009847043082118034,0.10529370605945587,0.05568370595574379,-1.6309584379196167,-0.00014973370707593858,-1.0469887256622314,1.5750246047973633,0.24496515095233917,-0.3814237415790558,0.2265685647726059
0.06206006929278374,0.26476484537124634,0.00021883811859879643,-0.5552321672439575,0.009289979934692383,0.2574172914028168,0.007626804523169994,-1.5376462936401367,0.00033013493521139026,-1.0469894409179688,1.5710349082946777,0.2548465132713318,-0.3096477687358856,0.3003981411457062
-0.07235796004533768,0.3050786554813385,0.00010655018559191376,-0.3846423923969269,-0.001783408340997994,-0.32889825105667114,0.017154566943645477,-1.4243744611740112,0.00023678781872149557,-1.046796202659607,1.5726332664489746,0.2909751534461975,-0.442469984292984,0.29647618532180786
-0.09435143321752548,0.2907852828502655,8.630564843770117e-05,-0.48683056235313416,-0.013484065420925617,-0.3266960680484772,-0.008058834820985794,-1.4615576267242432,-0.0006696853670291603,-1.0469083786010742,1.569612741470337,0.30126437544822693,-0.509311318397522,0.18418961763381958
0.019210612401366234,-0.04813443496823311,-0.00015137629816308618,-0.50516277551651,-0.0059197815135121346,0.10952791571617126,-0.015836959704756737,-1.5697749853134155,-0.00030378648079931736,-1.0475274324417114,1.5695006847381592,-0.021909231320023537,-0.4084170460700989,0.23874546587467194
0.03270084783434868,-0.2144322395324707,-4.2527735786279663e-05,-0.21929006278514862,0.02543409913778305,-0.5564734935760498,0.02700604684650898,-1.514418601989746,0.00014129350893199444,-1.0466773509979248,1.5754430294036865,-0.23216193914413452,-0.45896467566490173,0.2471243143081665
-0.031662724912166595,-0.19257257878780365,-2.5542398361722007e-05,-0.4444747865200043,0.043761786073446274,-0.12172286957502365,0.017427971586585045,-1.519270658493042,0.003309553489089012,-1.0485042333602905,1.5742956399917603,-0.23003825545310974,-0.46852752566337585,0.22698260843753815
-0.04969640076160431,-0.1804044395685196,-2.1633057258441113e-05,-0.5566843748092651,0.03591442108154297,0.25938716530799866,0.02662484534084797,-1.429020881652832,0.0023382597137242556,-1.0485280752182007,1.574761152267456,-0.21633842587471008,-0.3977632224559784,0.3204267621040344
0.03288666158914566,-0.0025865351781249046,2.267173840664327e-05,-0.25309866666793823,-0.021607568487524986,-0.3838789165019989,-0.10634412616491318,-1.4857797622680664,0.002701627556234598,-1.0499486923217773,1.5583457946777344,0.07040552794933319,-0.4534081220626831,0.29457733035087585
0.00028056418523192406,-0.02772936038672924,1.832187808759045e-05,-0.39087873697280884,-0.027458762750029564,-0.1875830441713333,-0.09539464116096497,-1.5010374784469604,0.0016330396756529808,-1.0495685338974,1.5594072341918945,0.04393699765205383,-0.45169204473495483,0.2618698179721832
0.06276537477970123,-0.06983131915330887,1.4840721632936038e-05,-0.13384847342967987,-0.03192024677991867,-0.5759252309799194,-0.09050386399030685,-1.4422223567962646,0.0008670807001180947,-1.0493220090866089,1.5598781108856201,0.01135848369449377,-0.44658222794532776,0.26356831192970276
0.1368144452571869,-0.09793010354042053,1.2020984286209568e-05,0.16162405908107758,-0.014897224493324757,-0.8706598877906799,-0.07169564813375473,-1.4420981407165527,0.0008033032645471394,-1.0503499507904053,1.5629465579986572,-0.03552572429180145,-0.5035646557807922,0.25378406047821045
0.13586372137069702,-0.12762440741062164,1.836757655837573e-05,0.12650708854198456,-0.012242126278579235,-0.666425883769989,-0.058128394186496735,-1.4859851598739624,0.0006689791916869581,-1.0497509241104126,1.5644105672836304,-0.07762786000967026,-0.5372906923294067,0.28119367361068726
-0.0772116631269455,-0.11666277050971985,0.00037502028862945735,-0.19903896749019623,-0.003586686449125409,-0.3019227385520935,0.01592995598912239,-1.5985459089279175,-0.0007910812855698168,-1.0443135499954224,1.5721626281738281,-0.11942102015018463,-0.581326961517334,0.3682766854763031
-0.08072969317436218,-0.12112583965063095,0.0005521042621694505,-0.19068095088005066,0.003316838527098298,-0.5115922093391418,0.014159715734422207,-1.5488289594650269,-0.00019844068447127938,-1.045262098312378,1.572170376777649,-0.12618856132030487,-0.627751886844635,0.2648474872112274
-0.13189725577831268,-0.13075639307498932,0.00029444662504829466,-0.5337701439857483,0.003932102583348751,-0.20362083613872528,-0.018092073500156403,-1.4257415533065796,0.00036867233575321734,-1.0471198558807373,1.5691622495651245,-0.12288803607225418,-0.5125361680984497,0.17724496126174927
-0.12366843223571777,-0.1649424433708191,0.00023850177240092307,-0.5681074261665344,-0.002164143370464444,-0.037355538457632065,-0.06060561165213585,-1.5069535970687866,0.0009338683448731899,-1.047149658203125,1.5655200481414795,-0.12858910858631134,-0.48877382278442383,0.20139695703983307
-0.11796963214874268,-0.1860542744398117,0.0001931864389916882,-0.512676477432251,-0.0020551986526697874,-0.08109883219003677,-0.06059304252266884,-1.5238858461380005,0.0009684883407317102,-1.044420838356018,1.5658016204833984,-0.1459752321243286,-0.49455779790878296,0.2296873927116394
-0.09219157695770264,-0.21610943973064423,0.00015648100816179067,-0.38274917006492615,-0.005528868176043034,-0.3294419050216675,-0.0713047981262207,-1.5533256530761719,0.0010274715023115277,-1.0447816848754883,1.5647298097610474,-0.1687508225440979,-0.5422832369804382,0.22201956808567047
-0.08822581171989441,-0.26360058784484863,0.00010266873141517863,-0.3828139007091522,-0.006182637065649033,-0.3116888105869293,-0.05447937548160553,-1.5017725229263306,0.0006393499788828194,-1.0455095767974854,1.5660089254379272,-0.22223328053951263,-0.5575349926948547,0.22313588857650757
-0.06970208138227463,-0.2817712128162384,8.316167077282444e-05,-0.38546210527420044,-0.0018593557178974152,-0.2554287016391754,-0.035553596913814545,-1.4157437086105347,0.0006367483292706311,-1.0467925071716309,1.5678706169128418,-0.24957340955734253,-0.5049828886985779,0.2366359680891037
-0.034106988459825516,-0.28243815898895264,6.733127520419657e-05,-0.44702446460723877,0.004804602358490229,0.06148090958595276,0.00581660820171237,-1.4634636640548706,-4.821022230316885e-05,-1.047525405883789,1.5718580484390259,-0.27634671330451965,-0.42908042669296265,0.31129443645477295
0.0933198556303978,-0.255649596452713,3.685148840304464e-05,-0.0771152526140213,0.021015489473938942,-0.6616462469100952,0.061639633029699326,-1.4651172161102295,-0.0005582562880590558,-1.0451014041900635,1.5779615640640259,-0.2994750142097473,-0.4531415104866028,0.292205810546875
0.058963824063539505,-0.22250232100486755,-0.0004705924657173455,-0.4201245903968811,0.019964123144745827,-0.3480313718318939,0.022652482613921165,-1.4719173908233643,-0.0006786003359593451,-1.040830373764038,1.574245572090149,-0.24929575622081757,-0.39626625180244446,0.19451023638248444
0.05915703997015953,-0.24216273427009583,-0.0003817917313426733,-0.5855053663253784,0.007063012104481459,-0.0011521684937179089,-0.013998577371239662,-1.5570604801177979,-0.0007824169588275254,-1.0425641536712646,1.5703847408294678,-0.23942182958126068,-0.34815043210983276,0.19619646668434143
0.04964534193277359,-0.24853308498859406,-0.00030925130704417825,-0.7146616578102112,0.005378111265599728,0.3028090298175812,-0.01830379106104374,-1.465370774269104,-0.00045288490946404636,-1.0435304641723633,1.5699255466461182,-0.23950344324111938,-0.25946494936943054,0.2446523904800415
0.04095664620399475,-0.12048976868391037,-2.6259453079546802e-05,-0.5610588192939758,-0.0015842635184526443,0.28326693177223206,0.0845867395401001,-1.5428564548492432,-0.0007542495732195675,-1.0457724332809448,1.5794415473937988,-0.1795712113380432,-0.3071885108947754,0.3205772638320923
-0.20180928707122803,0.3089126944541931,-5.3502699302043766e-05,0.19538161158561707,-0.008465828374028206,-0.7120286226272583,0.014033669605851173,-1.5815365314483643,-0.002476228168234229,-1.0463263988494873,1.5756030082702637,0.2806660532951355,-0.8988760113716125,0.35143017768859863
-0.21678316593170166,0.3642345070838928,-0.0001059875066857785,0.17513135075569153,-0.006793344393372536,-0.8599621653556824,0.012026199139654636,-1.5145189762115479,-0.0020796163007616997,-1.0484035015106201,1.5748628377914429,0.3344854414463043,-0.9153732657432556,0.2719627916812897
-0.10540714859962463,0.4763962924480438,-5.316696842783131e-05,0.043155767023563385,-0.053368039429187775,-0.5664522647857666,-0.006665882188826799,-1.5220160484313965,-0.00014647482021246105,-1.0497971773147583,1.5667951107025146,0.5000977516174316,-0.7469587922096252,0.30738139152526855
-0.01808638870716095,0.4643210768699646,-4.306524351704866e-05,0.2496170997619629,-0.05457044765353203,-0.7534679770469666,-0.01427996251732111,-1.5376858711242676,0.001020472263917327,-1.0476157665252686,1.564349889755249,0.49999889731407166,-0.7277456521987915,0.31977027654647827
0.05110250040888786,0.44040802121162415,-3.488284710329026e-05,0.4263830780982971,-0.044807069003582,-0.7908747792243958,-0.0185641348361969,-1.5079988241195679,0.0018342952243983746,-1.0474268198013306,1.5630403757095337,0.4811834692955017,-0.7237652540206909,0.32788172364234924
-0.1353829950094223,0.14003928005695343,-3.210967406630516e-05,0.01760166510939598,-0.013794743455946445,-0.8221926689147949,0.005154256243258715,-1.401183009147644,0.0016180924139916897,-1.0470117330551147,1.5673311948776245,0.16472704708576202,-0.7318112850189209,0.29884251952171326
-0.028395196422934532,-0.16768501698970795,-0.00041627310565672815,-0.5847601890563965,-0.02559894509613514,-0.087525874376297,0.05114414542913437,-1.5400899648666382,-0.002627831418067217,-1.047997236251831,1.572871208190918,-0.1449102908372879,-0.4221450090408325,0.15732088685035706
0.012355916202068329,-0.22407029569149017,-0.00033718120539560914,-0.6135130524635315,-0.02007228694856167,0.1836201250553131,0.05065859109163284,-1.5985205173492432,-0.002297820756211877,-1.0483229160308838,1.5732131004333496,-0.2082950621843338,-0.37831205129623413,0.21828371286392212
0.03033049963414669,-0.272611528635025,-0.00027311677695252,-0.6121246218681335,-0.017497560009360313,0.2708069682121277,0.06194697692990303,-1.5135225057601929,-0.001921626040711999,-1.0470354557037354,1.5745930671691895,-0.2663840353488922,-0.3143731355667114,0.298308789730072
0.05665716901421547,-0.3243219554424286,-0.00017873459728434682,-0.46619510650634766,-0.012862619943916798,0.002017025602981448,0.1100858747959137,-1.475466251373291,-0.0022795137483626604,-1.0475102663040161,1.5796687602996826,-0.3543117344379425,-0.3184043765068054,0.30583256483078003
-0.031741563230752945,-0.10354707390069962,-2.7487429179018363e-05,-0.5529162883758545,0.0023033609613776207,0.0013385608326643705,0.07379058003425598,-1.4267758131027222,-0.0016377726569771767,-1.04744553565979,1.5787922143936157,-0.16267460584640503,-0.35947760939598083,0.2865859270095825
-0.012839632108807564,-0.06817599385976791,-2.226481774414424e-05,-0.4583607316017151,0.002379208104684949,-0.32763582468032837,0.06312813609838486,-1.390615701675415,-0.0013475025771185756,-1.0465526580810547,1.577545166015625,-0.11980848014354706,-0.37285852432250977,0.2356024980545044
-0.011888629756867886,-0.042582154273986816,-1.8034503227681853e-05,-0.598508358001709,0.0004595855134539306,-0.16515418887138367,0.03704230487346649,-1.4834407567977905,-0.0011659656884148717,-1.0541713237762451,1.575047254562378,-0.07965073734521866,-0.39842313528060913,0.16270363330841064
0.13041917979717255,0.04458390548825264,-4.125349732930772e-06,-0.42185160517692566,-0.00020611699437722564,0.07902807742357254,-0.012095259502530098,-1.6641267538070679,0.0002912625786848366,-1.0473196506500244,1.5700362920761108,0.041024595499038696,-0.3646959066390991,0.26233115792274475
-0.19619527459144592,-0.48299098014831543,-2.528582854210981e-07,0.30690059065818787,0.00459273112937808,-0.891841471195221,-0.01499425619840622,-1.471842885017395,-0.0007141981623135507,-1.0496563911437988,1.5723668336868286,-0.4811069071292877,-0.928462564945221,0.3125879764556885
-0.16002775728702545,-0.48425987362861633,-2.3148794525695848e-07,0.34577450156211853,0.0032073985785245895,-0.9826816320419312,-0.015841733664274216,-1.5575696229934692,9.59990793489851e-05,-1.0488247871398926,1.5704340934753418,-0.4759869873523712,-0.9331176280975342,0.25869640707969666
-0.12943105399608612,-0.4774166941642761,-1.8750523622657056e-07,0.4492945373058319,0.0027332711033523083,-1.0732290744781494,-0.010361638851463795,-1.4674423933029175,-0.0003777806705329567,-1.0485169887542725,1.571716547012329,-0.4774700999259949,-0.9332849383354187,0.23511819541454315
-0.06469288468360901,-0.45608970522880554,-0.000222013724851422,0.5638332962989807,0.0019985593389719725,-0.9126314520835876,-0.004245823714882135,-1.5684311389923096,-0.0008651240495964885,-1.0483994483947754,1.5731898546218872,-0.4655963182449341,-0.911492109298706,0.2744257152080536
0.020786846056580544,-0.21904779970645905,0.0007149165030568838,-0.32453614473342896,0.011750790290534496,-0.3260873258113861,0.13017456233501434,-1.483329176902771,-0.00356415961869061,-1.046891450881958,1.5853996276855469,-0.309730589389801,-0.4429265856742859,0.2868589758872986
0.049149733036756516,-0.15316766500473022,0.0005790823488496244,-0.2827241122722626,0.02663842961192131,-0.6139581203460693,0.12352272123098373,-1.3953943252563477,-0.0013633753405883908,-1.0431923866271973,1.5851445198059082,-0.25910910964012146,-0.44268080592155457,0.21266832947731018
-0.00740297744050622,0.06351013481616974,0.0003077481233049184,-0.6946640014648438,0.028355848044157028,-0.08962427079677582,0.06787289679050446,-1.3995585441589355,0.0009499597363173962,-1.0457303524017334,1.5786443948745728,-0.026407716795802116,-0.32864490151405334,0.12217740714550018
-0.029348239302635193,0.15421317517757416,0.000249290227657184,-0.8714495301246643,0.023252107203006744,0.34237533807754517,0.08544141054153442,-1.431914210319519,0.00022987140982877463,-1.046076774597168,1.5796607732772827,0.05766507610678673,-0.2750779092311859,0.15592719614505768
-0.028266720473766327,0.339726984500885,1.9165869161952287e-05,0.17535901069641113,-0.0014639374567195773,-0.5385348200798035,-0.03976618871092796,-1.6385289430618286,0.0022189272567629814,-1.049594521522522,1.5620768070220947,0.3824533522129059,-0.723484456539154,0.3714342713356018
-0.08428767323493958,0.3009643852710724,1.552435423946008e-05,-0.019124262034893036,0.0025022877380251884,-0.27507054805755615,-0.0267734806984663,-1.6262950897216797,0.0013853280106559396,-1.049201488494873,1.565056562423706,0.33257046341896057,-0.7278171181678772,0.36211997270584106
-0.10896797478199005,0.19164671003818512,-6.93213564773032e-07,-0.04935702309012413,-0.01699146255850792,-0.3945200741291046,-0.027771370485424995,-1.5737050771713257,0.0009331928449682891,-1.0452346801757812,1.564558506011963,0.23978722095489502,-0.6968424916267395,0.36639168858528137
-0.06946802139282227,0.12092708051204681,-5.615029863292875e-07,0.015273337252438068,-0.03249151259660721,-0.48254847526550293,-0.027124814689159393,-1.648848056793213,0.0003807924222201109,-1.0466277599334717,1.5640684366226196,0.18008241057395935,-0.7143130898475647,0.32286736369132996
-0.03974595293402672,0.0364505760371685,-4.530765522758884e-07,0.049501631408929825,-0.043870195746421814,-0.4065832793712616,-0.03002065420150757,-1.6505378484725952,0.0007300961879082024,-1.0466729402542114,1.5627557039260864,0.10784663259983063,-0.7171127200126648,0.3274287283420563
-0.08669469505548477,-0.2763998806476593,0.0001633239589864388,-0.07195356488227844,0.03593449294567108,-0.4835653007030487,0.04669267684221268,-1.6818832159042358,-0.00039283587830141187,-1.0456385612487793,1.5778348445892334,-0.3008265495300293,-0.7104675769805908,0.3068295121192932
-0.1384390890598297,-0.26567551493644714,0.00010570746962912381,-0.47143805027008057,0.05451453849673271,0.005395510699599981,0.08008690923452377,-1.7021781206130981,5.130713543621823e-05,-1.0484645366668701,1.5808115005493164,-0.3221488893032074,-0.6511290669441223,0.2517513930797577
-0.10811127722263336,-0.236721932888031,8.562304719816893e-05,-0.4353483319282532,0.04661352187395096,-0.0673462301492691,0.1134013757109642,-1.57594895362854,-0.0011508917668834329,-1.0490434169769287,1.5830549001693726,-0.31557372212409973,-0.5786890983581543,0.2675376534461975
-0.03509864956140518,-0.1936328411102295,6.979638419579715e-05,-0.283189594745636,0.04448544234037399,-0.2397042214870453,0.1367110162973404,-1.5236918926239014,-0.0018793053459376097,-1.0489287376403809,1.5849297046661377,-0.29481789469718933,-0.5282567739486694,0.291439950466156
-0.07059642672538757,0.3234096169471741,-0.0013647546293213964,-0.2081119418144226,-0.01731613092124462,-0.10268199443817139,-0.08958516269922256,-1.620034098625183,0.0024622848723083735,-1.0481584072113037,1.5594823360443115,0.3691859245300293,-0.6125766038894653,0.3673553168773651
0.00827021524310112,0.12379475682973862,-0.0006082899053581059,-0.04199475049972534,-0.05502552539110184,-0.5257800221443176,-0.11476431787014008,-1.4997094869613647,0.002158111659809947,-1.0504138469696045,1.5557096004486084,0.23355726897716522,-0.5449969172477722,0.3402141332626343
0.04162000119686127,0.046871162950992584,-0.000492714811116457,0.057724326848983765,-0.0760248675942421,-0.7642961144447327,-0.0992639809846878,-1.613258957862854,0.0016256822273135185,-1.0497641563415527,1.5554466247558594,0.161810502409935,-0.6236781477928162,0.2703314423561096
-0.023255426436662674,-0.2974592447280884,-5.9902547945966944e-05,-0.15967273712158203,0.028277112171053886,-0.568046510219574,-0.01462885644286871,-1.4226230382919312,0.003889867104589939,-1.0493836402893066,1.5683472156524658,-0.29801785945892334,-0.5535703301429749,0.21896803379058838
0.06942116469144821,-0.3048941195011139,-4.8521062126383185e-05,0.1307981163263321,0.032172612845897675,-0.8137292265892029,-0.011099923402071,-1.4672361612319946,0.003389675635844469,-1.047822117805481,1.5694559812545776,-0.31067174673080444,-0.5563580989837646,0.25752052664756775
0.0761057659983635,-0.2977294623851776,-3.9302060031332076e-05,0.13744917511940002,0.036005932837724686,-0.7041773796081543,0.0008753880974836648,-1.5639290809631348,0.0008957028039731085,-1.048359990119934,1.5736422538757324,-0.3155001699924469,-0.5980457663536072,0.2830084264278412
0.10294174402952194,-0.27685630321502686,-3.183466833434068e-05,0.2159547358751297,0.035360585898160934,-0.6336070895195007,0.009394556283950806,-1.5299667119979858,-0.0006856628460809588,-1.048024296760559,1.5762580633163452,-0.30630260705947876,-0.600021481513977,0.3149266242980957
-0.02953951619565487,0.2482074499130249,-3.2147450838238e-05,-0.317615807056427,-0.018145402893424034,-0.10853994637727737,-0.08428840339183807,-1.7425451278686523,0.002133882138878107,-1.047544002532959,1.5612972974777222,0.2845238447189331,-0.5747081637382507,0.3066704273223877
0.056057799607515335,0.261800616979599,1.2136359146097675e-05,-0.31606942415237427,0.009150926023721695,-0.019765056669712067,-0.0029786648228764534,-1.5950325727462769,0.0013655641814693809,-1.0488985776901245,1.5707342624664307,0.25487375259399414,-0.4709509015083313,0.2909241318702698
0.052489738911390305,0.6222622990608215,0.00018000643467530608,-0.32111167907714844,-0.0034926130902022123,0.0831919014453888,-0.0403648279607296,-1.6365032196044922,0.0010460392804816365,-1.0459107160568237,1.5656744241714478,0.6397743821144104,-0.45202288031578064,0.3695204555988312
0.05748380720615387,0.5994232296943665,0.00011810221621999517,-0.2487669587135315,-0.009792746976017952,-0.3345368802547455,-0.07577603310346603,-1.7118158340454102,0.0018233602168038487,-1.0462360382080078,1.5624548196792603,0.6389185786247253,-0.490386426448822,0.2981826961040497
0.19344325363636017,0.23073022067546844,5.969386256765574e-05,-0.338360458612442,-0.010104324668645859,-0.13748691976070404,-0.0018385839648544788,-1.724716067314148,-0.0011757329339161515,-1.0465328693389893,1.5699968338012695,0.2633170485496521,-0.3405269682407379,0.23002755641937256
0.21590884029865265,0.1581413298845291,4.835203071706928e-05,-0.3048321008682251,-0.011857216246426105,0.19939059019088745,-0.03472086414694786,-1.782448172569275,-0.00014959390682633966,-1.0466862916946411,1.5670355558395386,0.20703956484794617,-0.3300100564956665,0.3291619122028351
0.06690385937690735,0.16437764465808868,-7.850905240047723e-05,0.555341899394989,0.003494028467684984,-1.0653284788131714,0.06205261871218681,-1.5528632402420044,0.0007448921678587794,-1.0469048023223877,1.5710444450378418,0.10360080003738403,-0.761174738407135,0.2879786789417267
0.06420043110847473,0.206746444106102,-6.359233520925045e-05,0.495941698551178,0.003178352490067482,-1.0313711166381836,0.04769802838563919,-1.603068232536316,0.0009236717596650124,-1.0469741821289062,1.5698565244674683,0.1617768257856369,-0.7906526327133179,0.24106992781162262
0.03625435009598732,0.23490288853645325,-5.150979268364608e-05,0.28274983167648315,0.002780724549666047,-0.776349663734436,0.03640814498066902,-1.6090829372406006,0.001051376573741436,-1.0473567247390747,1.5690817832946777,0.2031479775905609,-0.7640666961669922,0.27166444063186646
-0.009294713847339153,0.25192710757255554,0.00035743400803767145,-0.036637719720602036,0.00012217818584758788,-0.3578985631465912,0.025578828528523445,-1.5761724710464478,0.0013581798411905766,-1.0484164953231812,1.568190097808838,0.22925034165382385,-0.6625192165374756,0.33608436584472656
0.04019654914736748,-0.33253365755081177,-9.500682062935084e-05,0.24164532124996185,-0.009073823690414429,-0.7526043057441711,0.08370158076286316,-1.8352813720703125,-0.00044505984988063574,-1.0468839406967163,1.5750459432601929,-0.37266185879707336,-0.8211432099342346,0.29261285066604614
0.03239980712532997,0.20178434252738953,5.670117025147192e-05,-0.5178514122962952,0.01812833920121193,0.18691788613796234,0.006103463005274534,-1.634211778640747,0.001151891890913248,-1.0445250272750854,1.5718204975128174,0.16491028666496277,-0.387287974357605,0.25915899872779846
0.051746755838394165,0.2573436498641968,4.592794721247628e-05,-0.231932133436203,0.015432897955179214,-0.2096940577030182,0.013577363453805447,-1.5151684284210205,0.0006425712490454316,-1.0450326204299927,1.572460651397705,0.2173256129026413,-0.38681426644325256,0.3479955792427063
-0.035988759249448776,0.3017464876174927,1.2618945220310707e-05,0.16840064525604248,-0.030883271247148514,-0.8241375088691711,-0.046255338937044144,-1.5202511548995972,0.0034808756317943335,-1.0467697381973267,1.559496283531189,0.3509508967399597,-0.6781812310218811,0.30319130420684814
-0.042803388088941574,0.2602192163467407,1.0221346201433334e-05,0.22458389401435852,-0.03208483010530472,-0.9686321020126343,-0.046582892537117004,-1.4537571668624878,0.004747577011585236,-1.0468195676803589,1.5577625036239624,0.3154684603214264,-0.7528074383735657,0.23622286319732666
-0.05951741710305214,0.20542126893997192,0.0004991560708731413,0.2483626902103424,-0.030926022678613663,-0.9457914233207703,-0.045182034373283386,-1.3839552402496338,0.0055039445869624615,-1.0484849214553833,1.557085394859314,0.2677792012691498,-0.7438629269599915,0.2399682104587555
-0.09062620997428894,0.136910080909729,0.00040431643719784915,0.1742100715637207,-0.028933042660355568,-0.8247016668319702,-0.04509805887937546,-1.3759770393371582,0.006167072802782059,-1.047691822052002,1.556073784828186,0.2066928744316101,-0.728480875492096,0.28562667965888977
-0.08858092129230499,0.07885171473026276,0.0003274962946306914,0.2078227996826172,-0.01923774927854538,-0.928344190120697,-0.030170392245054245,-1.3239293098449707,0.0037630372680723667,-1.0455355644226074,1.561401128768921,0.13480322062969208,-0.7212698459625244,0.2881605625152588
-0.07652632147073746,0.03582577407360077,0.0002652720140758902,0.25999006628990173,-0.009999615140259266,-0.9667776226997375,-0.014540870673954487,-1.3648077249526978,0.0009851313661783934,-1.0465863943099976,1.567410945892334,0.07220104336738586,-0.7342520952224731,0.264796644449234
-0.0705358013510704,-0.01734098792076111,0.0005850270390510559,0.2999529540538788,-0.010058478452265263,-1.071446180343628,-0.01621481031179428,-1.3508565425872803,0.0017326510278508067,-1.0457569360733032,1.5662031173706055,0.02157655730843544,-0.7578964233398438,0.2504695653915405
-0.054719019681215286,-0.06049935519695282,0.00047387188533321023,0.279836505651474,-0.006701270584017038,-0.9933583736419678,-0.00878553744405508,-1.4301265478134155,0.0004427301755640656,-1.0460667610168457,1.5691670179367065,-0.031687166541814804,-0.7732372283935547,0.2281504124403
-0.0788702592253685,-0.08885212987661362,0.0003838362463284284,0.14836859703063965,-0.0024929530918598175,-0.739948034286499,-0.000726277765352279,-1.4250603914260864,-0.0009583324426785111,-1.047796607017517,1.5722792148590088,-0.07214424759149551,-0.737441897392273,0.27466580271720886
-0.1241939440369606,-0.12804819643497467,0.00031090734410099685,-0.08160556107759476,-0.010395670309662819,-0.38895928859710693,-0.005526118911802769,-1.388825535774231,-0.0002484982251189649,-1.0436886548995972,1.5701510906219482,-0.1028488278388977,-0.6654430627822876,0.3579254448413849
0.02950414828956127,0.27882564067840576,3.065050259465352e-05,-0.431851863861084,-0.011602670885622501,-0.1068640723824501,-0.04576966539025307,-1.5534539222717285,-0.0004664503503590822,-1.046596646308899,1.5654551982879639,0.3056933581829071,-0.39850205183029175,0.3338170647621155
0.058541327714920044,0.25421401858329773,2.4826907974784262e-05,-0.5242974162101746,-0.014507376588881016,-0.1629934310913086,-0.07906707376241684,-1.606410264968872,0.00040274611092172563,-1.0470889806747437,1.5627950429916382,0.30202165246009827,-0.39132797718048096,0.2187746912240982
0.20888696610927582,0.2386614978313446,0.00010702274448703974,-0.11197762191295624,-0.0020215504337102175,-0.3656136393547058,-0.010174657218158245,-1.5460772514343262,-0.0006835524109192193,-1.0468720197677612,1.5699098110198975,0.2493271678686142,-0.3722969591617584,0.24538865685462952
0.0916253849864006,0.2503594160079956,4.9544159992365167e-05,0.18212205171585083,-0.0034393772948533297,-0.6081579327583313,0.0006114447605796158,-1.5612752437591553,0.0002014959027292207,-1.0446839332580566,1.5703322887420654,0.24867820739746094,-0.5665705800056458,0.37252673506736755
0.06074900180101395,0.2336474061012268,4.0130769775714725e-05,0.06024089455604553,-0.007783474866300821,-0.37303993105888367,-0.011506149545311928,-1.6104482412338257,0.0014844287652522326,-1.0451589822769165,1.5670193433761597,0.2483416050672531,-0.601874589920044,0.35708263516426086
-0.08455242961645126,-0.3881060779094696,0.0005374784814193845,-0.1716109812259674,0.022064102813601494,-0.3504139482975006,0.013408287428319454,-1.406777262687683,0.0012084156041964889,-1.048251986503601,1.5743465423583984,-0.40617936849594116,-0.5727631449699402,0.3529391884803772
-0.017589712515473366,-0.3709024488925934,0.0004353575932327658,-0.008795037865638733,0.03862253203988075,-0.5783056616783142,0.01653864234685898,-1.3542596101760864,0.0019235429354012012,-1.0484845638275146,1.5755236148834229,-0.4049684405326843,-0.5499339699745178,0.344558984041214
0.12702488899230957,0.3216685652732849,3.792527422774583e-06,0.3288673758506775,-0.04399283230304718,-0.7125815153121948,-0.06179782748222351,-1.7303365468978882,-0.00047742511378601193,-1.0507961511611938,1.5664286613464355,0.37776798009872437,-0.6563717126846313,0.35131558775901794
0.13642407953739166,0.2869777977466583,3.071947048738366e-06,0.40600523352622986,-0.03531034290790558,-0.9752622246742249,-0.05463704466819763,-1.6193139553070068,0.0001815624418668449,-1.0503754615783691,1.5656769275665283,0.3419971168041229,-0.7017132043838501,0.2743941843509674
0.051860883831977844,0.1297813355922699,0.00012335804058238864,0.04805171489715576,-0.008431817404925823,-0.7127099633216858,-0.029494579881429672,-1.5692449808120728,0.0006297496147453785,-1.0487816333770752,1.5678237676620483,0.1741805076599121,-0.6214167475700378,0.26962020993232727
0.06066901981830597,0.0972428172826767,9.99200128717348e-05,0.03948938846588135,0.011295098811388016,-0.6580389738082886,-0.017985807731747627,-1.5669078826904297,-0.0002657214063219726,-1.0484840869903564,1.5710102319717407,0.12164992839097977,-0.6104050278663635,0.25360238552093506
0.09269440174102783,0.07837693393230438,8.093520591501147e-05,0.12856867909431458,0.026308810338377953,-0.6550079584121704,-0.006762920878827572,-1.5901317596435547,-0.0012277131900191307,-1.0479644536972046,1.574082612991333,0.08391504734754562,-0.5926141738891602,0.2859968841075897
0.07136133313179016,0.05104650557041168,5.8419980632606894e-05,0.0044149667955935,0.021235181018710136,-0.264530748128891,-0.005467589944601059,-1.6642554998397827,-0.000959764642175287,-1.0485996007919312,1.5734636783599854,0.05805865675210953,-0.584311306476593,0.3388731777667999
-0.06084747612476349,0.11943650245666504,1.9410144886933267e-05,-0.36920684576034546,-0.005280419252812862,-0.2994970381259918,-0.0007434483850374818,-1.3657970428466797,0.00012708672147709876,-1.04827082157135,1.5707582235336304,0.12471915036439896,-0.49200066924095154,0.29887327551841736
-0.08512013405561447,0.12788993120193481,0.00030205975053831935,-0.676232635974884,6.344880966935307e-05,0.0857980027794838,0.01301757711917162,-1.3222384452819824,0.00014033500337973237,-1.0483225584030151,1.572121500968933,0.12141164392232895,-0.38903576135635376,0.2529890537261963
0.015543654561042786,0.1438647359609604,0.00016053643776103854,-0.7839061617851257,-0.0021222145296633244,0.22953766584396362,0.0325564406812191,-1.411777138710022,0.0002690624678507447,-1.0470489263534546,1.574326753616333,0.12312821298837662,-0.22166813910007477,0.21126465499401093
0.07401131838560104,0.19886666536331177,0.00010535791079746559,-0.6090298891067505,-0.003198901191353798,-0.050489384680986404,0.03473985940217972,-1.432841420173645,0.000535478931851685,-1.0495573282241821,1.57475745677948,0.16676609218120575,-0.18317493796348572,0.22170032560825348
0.0777100995182991,0.20232342183589935,8.533990330761299e-05,-0.6142084002494812,-0.004183068405836821,0.05075853317975998,-0.01648363657295704,-1.4816758632659912,0.001458310871385038,-1.0500856637954712,1.570425033569336,0.19855652749538422,-0.2664015591144562,0.20981650054454803
0.060601722449064255,0.2016284465789795,-0.0003831032372545451,-0.7674177289009094,-0.001815633848309517,0.3958916664123535,-0.05460789427161217,-1.484700083732605,0.0014893444022163749,-1.0488938093185425,1.567091703414917,0.2219085693359375,-0.2207174003124237,0.2587581276893616
0.0833086371421814,-0.1913890391588211,8.80621428223094e-06,0.1704433262348175,0.019756155088543892,-0.6984462738037109,0.0765552669763565,-1.6658493280410767,0.001845741062425077,-1.0468045473098755,1.5719490051269531,-0.241806760430336,-0.6433027386665344,0.3153620660305023
0.2417212724685669,-0.10126181691884995,2.430129597996711e-06,0.1411033570766449,-0.05696196109056473,-0.7143430709838867,0.020144086331129074,-1.5268123149871826,-0.0022350966464728117,-1.0481280088424683,1.568884015083313,-0.08337944000959396,-0.45919254422187805,0.24755701422691345
0.24937081336975098,-0.10149756819009781,1.9684050585055957e-06,0.12723928689956665,-0.04319959506392479,-0.4203808307647705,0.0204804427921772,-1.5013277530670166,-0.002368517452850938,-1.0503190755844116,1.5705697536468506,-0.08881150931119919,-0.3987589180469513,0.36518076062202454
-0.1385851800441742,-0.016737941652536392,-8.981033170130104e-05,-0.10394249111413956,0.01007961854338646,-0.38881736993789673,-0.00598296569660306,-1.61600661277771,0.0004675709060393274,-1.047905683517456,1.5707014799118042,-0.024538099765777588,-0.7209135890007019,0.3721190094947815
-0.11852011829614639,-0.01269890833646059,-7.275448297150433e-05,-0.27553868293762207,-0.001983399037271738,-0.3541921079158783,-0.008002018555998802,-1.6709046363830566,-0.00016715112724341452,-1.0526734590530396,1.5699673891067505,-0.012566493824124336,-0.7110461592674255,0.2682189643383026
0.10651139914989471,-0.11598636955022812,-1.1078489478677511e-05,-0.7509221434593201,-0.005336111877113581,0.06479672342538834,-0.06854194402694702,-1.6091598272323608,-0.00045038340613245964,-1.0480228662490845,1.5651168823242188,-0.0700438842177391,-0.25552690029144287,0.1296025514602661
0.06268998980522156,-0.33902794122695923,-0.0010906048119068146,-0.3869244456291199,0.00749513553455472,-0.4361293911933899,0.047168560326099396,-1.3248268365859985,-0.006045603193342686,-1.00350022315979,1.5875508785247803,-0.3566674590110779,-0.2858067750930786,0.1711648404598236
0.06407978385686874,-0.32239264249801636,-0.0008833899046294391,-0.20350536704063416,0.029238393530249596,-0.6556203961372375,0.05389206483960152,-1.2819626331329346,-0.0022873342968523502,-1.0109988451004028,1.5874762535095215,-0.3681989014148712,-0.34843891859054565,0.2129884660243988
0.0453631654381752,-0.29135143756866455,-0.0007155458442866802,-0.14559108018875122,0.06128524988889694,-0.644824206829071,0.04296977445483208,-1.266302466392517,0.001846092171035707,-1.027243971824646,1.5855457782745361,-0.35829266905784607,-0.40244564414024353,0.23456257581710815
-0.023236902430653572,-0.24810123443603516,-0.0005795921315439045,-0.34921056032180786,0.0912490040063858,-0.267180860042572,0.04318628087639809,-1.282065749168396,0.004953855648636818,-1.0348896980285645,1.5856417417526245,-0.33635830879211426,-0.39407315850257874,0.2973339259624481
-0.01809569075703621,-0.1816086620092392,-0.00038027038681320846,-0.09343311935663223,0.05956611782312393,-0.5440069437026978,0.024676194414496422,-1.436968207359314,0.003426681738346815,-1.0387943983078003,1.5802373886108398,-0.2497616410255432,-0.4809245467185974,0.32934966683387756
-0.010344339534640312,-0.15335850417613983,-0.0003932880063075572,0.029257234185934067,0.03864122927188873,-0.6347350478172302,0.019645152613520622,-1.542785882949829,0.0023872393649071455,-1.0407800674438477,1.5780205726623535,-0.19983266294002533,-0.6059153079986572,0.2779690623283386
-0.023693600669503212,-0.14058510959148407,-0.0003185632813256234,-0.01135932095348835,0.014593437314033508,-0.3692024052143097,0.010967130772769451,-1.6369589567184448,0.002169129205867648,-1.042167067527771,1.5745961666107178,-0.163836270570755,-0.654082715511322,0.30852237343788147
-0.05018821731209755,-0.14105266332626343,-0.0002580363070592284,0.013882175087928772,-0.00852979626506567,-0.3822787404060364,-0.001137469313107431,-1.5392557382583618,0.0016885055229067802,-1.0429896116256714,1.5713753700256348,-0.14278462529182434,-0.6388705372810364,0.3835953176021576
-0.04913242161273956,0.2722317576408386,-3.130205368506722e-05,0.5783084034919739,-9.427341865375638e-05,-1.1110739707946777,-0.024335676804184914,-1.5437861680984497,-0.00015951374371070415,-1.0459195375442505,1.570510745048523,0.2696680426597595,-0.8980705738067627,0.2651347219944
-0.008380175568163395,0.31205353140830994,-2.5354664103360847e-05,0.6357479095458984,-0.00038765225326642394,-1.0439403057098389,-0.017786933109164238,-1.6208852529525757,-0.00034912419505417347,-1.0461939573287964,1.5714210271835327,0.2998790442943573,-0.9105810523033142,0.24023108184337616
0.15293772518634796,0.30611467361450195,-2.0769521142938174e-05,-0.6225771903991699,-0.0011435080086812377,0.03141865134239197,-0.04734651744365692,-1.7474467754364014,-0.0008480354445055127,-1.0470291376113892,1.5666018724441528,0.35484859347343445,-0.25943487882614136,0.21841199696063995
-0.0017103002173826098,-0.09186866879463196,-0.00014316423039417714,-0.8244125247001648,0.005556960124522448,0.09785626828670502,0.01272320095449686,-1.5181742906570435,0.002017099177464843,-1.0575300455093384,1.5952157974243164,-0.09363625943660736,-0.2935880124568939,0.0869055911898613
-0.039577752351760864,-0.08056774735450745,-0.00011595268733799458,-0.8273719549179077,0.004175177775323391,0.06462880969047546,0.05646354332566261,-1.4920074939727783,0.0008738603792153299,-1.0554943084716797,1.594065546989441,-0.1060623750090599,-0.32628941535949707,0.09067889302968979
-0.07779791206121445,-0.07335791736841202,9.659016359364614e-05,-0.9605028033256531,0.0027815839275717735,0.3626401424407959,0.0696716383099556,-1.4947700500488281,0.0004960105870850384,-1.0539871454238892,1.591444730758667,-0.1093422994017601,-0.33301469683647156,0.08677621930837631
-0.0714467391371727,-0.05653168261051178,7.823803025530651e-05,-1.02081298828125,0.0002062971325358376,0.659865140914917,0.07049191743135452,-1.5894116163253784,0.0010966287227347493,-1.0527883768081665,1.5892651081085205,-0.10029615461826324,-0.3053615391254425,0.12917926907539368
0.009381907992064953,0.03300841525197029,-6.380361446645111e-05,-0.6264370083808899,0.0014479228993877769,0.19737350940704346,0.002897441852837801,-1.5557003021240234,-5.4247509979177266e-05,-1.048619270324707,1.5744789838790894,0.026733873412013054,-0.3518970310688019,0.2553814947605133
0.02432185597717762,0.017581123858690262,-5.1680926844710484e-05,-0.4910498857498169,0.00197868631221354,-0.15069785714149475,-0.03571884706616402,-1.4761083126068115,0.0005508611793629825,-1.0483489036560059,1.5705116987228394,0.033155299723148346,-0.33083581924438477,0.26222726702690125
0.03226896747946739,-0.002012610901147127,-0.00048218094161711633,-0.3911009430885315,-0.004406702239066362,-0.44026830792427063,-0.05208883807063103,-1.4690649509429932,0.00038075956399552524,-1.0482486486434937,1.5684332847595215,0.030970463529229164,-0.3951684832572937,0.19679927825927734
-0.008080716244876385,0.04635027050971985,0.00018744937551673502,-0.17186272144317627,0.03787224739789963,-0.13950254023075104,-0.0049217757768929005,-1.6068483591079712,0.001893466105684638,-1.0482568740844727,1.5732113122940063,0.02378869242966175,-0.578925609588623,0.3202570974826813
-0.21440380811691284,0.052586011588573456,-7.248737529153004e-05,-0.022976955398917198,-0.01389425341039896,-0.5449180603027344,0.003366411430761218,-1.4539722204208374,0.0013461920898407698,-1.0489495992660522,1.5667955875396729,0.057764049619436264,-0.8246602416038513,0.33303743600845337
-0.1816302388906479,0.05613410472869873,-5.871477333130315e-05,-0.16770276427268982,-0.0027473450172692537,-0.31673556566238403,0.0042068930342793465,-1.5688203573226929,0.0014580615097656846,-1.0493165254592896,1.5681723356246948,0.055633094161748886,-0.7482602000236511,0.31992584466934204
-0.14279702305793762,0.07624305039644241,-4.755896588903852e-05,-0.2595095932483673,0.016554083675146103,-0.2512076497077942,0.01791326515376568,-1.570200800895691,0.0017854103352874517,-1.048205018043518,1.571138620376587,0.056290071457624435,-0.6844515800476074,0.3160537779331207
-0.08522729575634003,0.1106605976819992,-3.8522761315107346e-05,-0.27896806597709656,0.029660779982805252,-0.25361546874046326,0.04061124846339226,-1.6356343030929565,0.0017126111779361963,-1.0479785203933716,1.5743876695632935,0.06802231818437576,-0.6300454139709473,0.2851681411266327
-0.06077592447400093,0.1310604065656662,-3.57938879460562e-05,-0.4030575156211853,0.02543589100241661,0.003918937873095274,0.032034024596214294,-1.6450235843658447,0.0014798016054555774,-1.0492212772369385,1.5737433433532715,0.09308544546365738,-0.5770001411437988,0.2833918035030365
-0.045587584376335144,0.1338064819574356,-2.899304854508955e-05,-0.5005067586898804,0.019961152225732803,0.13089805841445923,-0.009963251650333405,-1.6463141441345215,0.002068454632535577,-1.0469602346420288,1.569994330406189,0.11866746842861176,-0.48845019936561584,0.3112068772315979
-0.03203612193465233,0.12188710272312164,-2.348437010368798e-05,-0.5109934210777283,0.017147058621048927,0.09178750216960907,-0.06042221188545227,-1.5840282440185547,0.002571763936430216,-1.0469971895217896,1.5657212734222412,0.13664309680461884,-0.44225430488586426,0.2954132854938507
-0.029261648654937744,0.09804593771696091,-0.0004185543511994183,-0.6287769675254822,0.01635894924402237,0.37806063890457153,-0.09803241491317749,-1.622415542602539,0.0024213760625571012,-1.0472846031188965,1.5626566410064697,0.14012987911701202,-0.3993217647075653,0.3096153438091278
-0.058699753135442734,-0.03529222682118416,0.00012103757035220042,0.1280946135520935,-0.0026440289802849293,-0.48035645484924316,-0.021495802327990532,-1.762404203414917,-0.0010135496268048882,-1.0461398363113403,1.5721555948257446,-0.03368239104747772,-0.7998116612434387,0.36380448937416077
-0.07194600254297256,-0.0008460874669253826,9.804042929317802e-05,-0.026934700086712837,0.004539608955383301,-0.5728849172592163,-0.010721909813582897,-1.8244307041168213,-0.0015072652604430914,-1.0449413061141968,1.5737779140472412,-0.013787261210381985,-0.8122612237930298,0.2848671078681946
0.06791092455387115,0.20912444591522217,1.2275670997041743e-05,-0.9895278215408325,-0.0031183594837784767,0.44995182752609253,-0.0027928384952247143,-1.541358470916748,-0.00022638030350208282,-1.047006368637085,1.5712238550186157,0.20648999512195587,-0.22182686626911163,0.06674602627754211
0.08561372756958008,0.2255621701478958,9.943293662217911e-06,-1.014833688735962,-0.0034928307868540287,0.7187248468399048,0.002775084925815463,-1.5554908514022827,0.0002750689454842359,-1.0470370054244995,1.5718766450881958,0.21668003499507904,-0.13934575021266937,0.15313750505447388
-0.05602433532476425,-0.40852150321006775,0.0005535845994018018,-0.005013733170926571,0.05935521051287651,-0.4902845025062561,0.12120514363050461,-1.5719072818756104,-0.004171289503574371,-1.048365831375122,1.5883407592773438,-0.5055684447288513,-0.670403242111206,0.34942707419395447
-0.08044828474521637,-0.39024388790130615,0.00044840353075414896,-0.1609232872724533,0.0494438074529171,-0.27021345496177673,0.0987544134259224,-1.600257396697998,-0.0034716136287897825,-1.0482221841812134,1.5852400064468384,-0.4703900218009949,-0.6631143689155579,0.3218989968299866
-0.09260742366313934,0.2306736558675766,2.1912534066359513e-05,-0.534118115901947,-0.03136589005589485,-0.2194659411907196,-0.08194533735513687,-1.3382606506347656,0.001826794701628387,-1.0463470220565796,1.5598989725112915,0.2840900123119354,-0.4354206323623657,0.2499561607837677
-0.1036711037158966,0.22042348980903625,1.7749152902979404e-05,-0.7934999465942383,-0.02991664595901966,0.09500040113925934,-0.10912713408470154,-1.3596612215042114,0.002110743895173073,-1.0469626188278198,1.5582327842712402,0.2895376682281494,-0.38655808568000793,0.17026609182357788
-0.06440571695566177,0.19403599202632904,1.4376812941918615e-05,-0.7524257898330688,-0.024495314806699753,-0.09111101925373077,-0.1316235214471817,-1.3438092470169067,0.0026324340142309666,-1.0470526218414307,1.5570701360702515,0.28221720457077026,-0.3324120044708252,0.12413925677537918
-0.0376892015337944,0.12512576580047607,-9.78070092969574e-05,-0.9305164813995361,-0.01303341705352068,0.3147857189178467,-0.10073217749595642,-1.3290081024169922,0.0018257144838571548,-1.0473662614822388,1.5609972476959229,0.1989840567111969,-0.2523482143878937,0.11621975898742676
0.0092380465939641,0.041987113654613495,-6.417118129320443e-05,-0.8087254762649536,-0.007582989986985922,0.16797477006912231,-0.06863804906606674,-1.2798521518707275,0.0007853371789678931,-1.0474151372909546,1.5636844635009766,0.1063670888543129,-0.18880371749401093,0.17856402695178986
0.09093606472015381,-0.059713155031204224,-3.4059659810736775e-05,-0.5555022954940796,-0.005113509949296713,-0.08680838346481323,-0.04651942104101181,-1.379835605621338,0.0010272515937685966,-1.0470174551010132,1.5665326118469238,-0.015392934903502464,-0.19661659002304077,0.2674024701118469
0.056940678507089615,-0.09792990237474442,-2.6940380848827772e-05,-0.6086255311965942,-0.0042094034142792225,-0.04473355412483215,-0.037648554891347885,-1.311164379119873,0.0008514653891324997,-1.0480766296386719,1.5673108100891113,-0.05506123974919319,-0.22319789230823517,0.2322891503572464
0.0515553280711174,-0.11714683473110199,-2.182170828746166e-05,-0.5420420169830322,-0.0013766492484137416,-0.10649440437555313,0.00753815658390522,-1.3820888996124268,-0.0002519523841328919,-1.0476804971694946,1.5712285041809082,-0.09930554777383804,-0.23895280063152313,0.23641645908355713
0.05273089557886124,-0.12021094560623169,-1.767558387655299e-05,-0.5221489667892456,0.002635641023516655,0.02345302514731884,0.06553427875041962,-1.465010643005371,-0.0016295771347358823,-1.0477710962295532,1.5762546062469482,-0.13793030381202698,-0.28359711170196533,0.2598901093006134
0.0844665989279747,-0.13710322976112366,-1.4317222849058453e-05,-0.3064764738082886,0.0026517671067267656,-0.16795019805431366,0.06992053985595703,-1.492810845375061,-0.001758181257173419,-1.0470836162567139,1.5766531229019165,-0.16243940591812134,-0.32571807503700256,0.31563320755958557
0.06680583208799362,-0.1732197403907776,-1.1538464605109766e-05,-0.30900755524635315,-0.001522757695056498,-0.0392654724419117,0.03872055187821388,-1.5917909145355225,-0.0009514664998278022,-1.0468833446502686,1.5736346244812012,-0.1794198602437973,-0.3835979998111725,0.3516087234020233
0.05157662183046341,-0.19803699851036072,-9.346155820821878e-06,-0.19180801510810852,-7.425699004670605e-05,-0.2045610547065735,0.034261636435985565,-1.5684409141540527,-0.0008265005890280008,-1.0455834865570068,1.5734022855758667,-0.2013079822063446,-0.4332537055015564,0.3615112900733948
0.04772411286830902,-0.23263166844844818,-7.570386514998972e-06,-0.12240616232156754,-0.007718505337834358,-0.14624707400798798,0.017636902630329132,-1.567214012145996,-0.0005699465982615948,-1.045881748199463,1.5713984966278076,-0.22455503046512604,-0.48370060324668884,0.37949925661087036
-0.12947925925254822,0.151633158326149,-4.6056025894358754e-05,-0.3815437853336334,0.00735084805637598,-0.08223225176334381,0.007857169024646282,-1.6594070196151733,8.791478467173874e-05,-1.0467218160629272,1.571074366569519,0.14615240693092346,-0.6396510601043701,0.3472464084625244
-0.08285100758075714,0.17042474448680878,-3.730538082891144e-05,-0.40886786580085754,0.012479372322559357,-0.3816926181316376,0.03571143373847008,-1.5614664554595947,-0.00020892322936560959,-1.0468552112579346,1.5738184452056885,0.14534634351730347,-0.5934892296791077,0.221196711063385
0.06773422658443451,0.06252892315387726,-0.00011234301928197965,-0.9760165214538574,-0.006902345921844244,0.43778520822525024,-0.013059703633189201,-1.5995358228683472,-0.0006464734906330705,-1.048181414604187,1.5699471235275269,0.08250927180051804,-0.22659197449684143,0.08314807713031769
0.09080610424280167,0.04705896973609924,-8.717340824659914e-05,-0.7434567809104919,-0.0069138105027377605,0.016940658912062645,-0.03287752345204353,-1.5555797815322876,-0.006207678001374006,-1.058761715888977,1.5569692850112915,0.07095613330602646,-0.23164694011211395,0.10307277739048004
0.08656258136034012,-0.013792944140732288,-0.0002668999950401485,-0.715542197227478,-0.005025562364608049,0.15564513206481934,-0.09002316743135452,-1.612213373184204,-0.002961808117106557,-1.0556118488311768,1.556778073310852,0.04195300117135048,-0.2762767970561981,0.15165725350379944
0.08773917704820633,-0.05366930365562439,-0.00021618898608721793,-0.6681419610977173,-0.002612553769722581,0.23999062180519104,-0.10417627543210983,-1.505712866783142,-0.0021684777457267046,-1.0541187524795532,1.5568695068359375,0.014452253468334675,-0.24242043495178223,0.22045238316059113
0.13550369441509247,-0.10785850137472153,-0.0001751130766933784,-0.3501068949699402,-0.0018389081815257668,-0.15675531327724457,-0.11600517481565475,-1.4529857635498047,-0.0013248015893623233,-1.049560546875,1.5570216178894043,-0.026230236515402794,-0.24175751209259033,0.31024622917175293
0.1600417196750641,-0.16666042804718018,-0.0006302456022240222,-0.08760548382997513,-0.010015646927058697,-0.5469964146614075,-0.11216166615486145,-1.3736001253128052,-0.0011495555518195033,-1.0484867095947266,1.5574499368667603,-0.07627294212579727,-0.3142542541027069,0.32688960433006287
0.0888030156493187,-0.20756855607032776,-0.0005104989395476878,-0.307024747133255,-0.00567091628909111,-0.17423392832279205,-0.08931180089712143,-1.44780695438385,-0.0008129682391881943,-1.0482417345046997,1.560288429260254,-0.1357831209897995,-0.36766698956489563,0.3234196603298187
-0.023419678211212158,-0.23916146159172058,-0.0003357609093654901,-0.49509724974632263,0.013157767243683338,0.024128803983330727,0.0139496810734272,-1.4836716651916504,-0.0018042087322100997,-1.0486423969268799,1.5715217590332031,-0.23282097280025482,-0.37145957350730896,0.3058246672153473
-0.039228763431310654,-0.2568632960319519,-0.000184159362106584,-0.3838406503200531,0.011723984964191914,-0.29181256890296936,0.0353495329618454,-1.4326698780059814,-0.002066070679575205,-1.0480793714523315,1.5735032558441162,-0.26625481247901917,-0.4076990783214569,0.28534945845603943
-0.0849403515458107,-0.26498669385910034,-0.00014916907821316272,-0.5596878528594971,0.018305208534002304,-0.03469191491603851,0.058406632393598557,-1.5135910511016846,-0.0016407687216997147,-1.0479470491409302,1.5760235786437988,-0.2908289134502411,-0.4630066454410553,0.22691556811332703
-0.11146053671836853,-0.2583056092262268,-0.00012082696048310027,-0.7223159074783325,0.014987790957093239,0.31784945726394653,0.1003699079155922,-1.5508207082748413,-0.00228500971570611,-1.0480701923370361,1.5794638395309448,-0.30738070607185364,-0.4292060136795044,0.2400454878807068
-0.024131327867507935,-0.10315363109111786,-2.2384640033124015e-05,-0.11493106186389923,0.007985597476363182,-0.3695380687713623,0.07479394972324371,-1.636007308959961,-0.00021885533351451159,-1.0472750663757324,1.578257441520691,-0.16521784663200378,-0.5832359790802002,0.344803124666214
-0.011222193017601967,-0.023939266800880432,-1.8123761037713848e-05,-0.03108528070151806,0.03784515708684921,-0.470356285572052,0.06675653904676437,-1.6552236080169678,0.0010073768207803369,-1.0474263429641724,1.579035997390747,-0.1054515615105629,-0.6454449892044067,0.29556038975715637
-0.013127310201525688,0.06807732582092285,-1.4680246749776416e-05,0.030129093676805496,0.05587328225374222,-0.44977641105651855,0.060190893709659576,-1.6019364595413208,0.0011107452446594834,-1.0504645109176636,1.5797418355941772,-0.02716718427836895,-0.6516437530517578,0.32244834303855896
0.025753553956747055,0.17046107351779938,-0.0004127153952140361,0.26883795857429504,0.05381987988948822,-0.6322125196456909,0.056135889142751694,-1.627915620803833,0.0003240932710468769,-1.048933744430542,1.580064296722412,0.0698440670967102,-0.6825006604194641,0.3504182696342468
0.025394776836037636,0.25910040736198425,-0.00033429948962293565,0.2259446531534195,0.04384634643793106,-0.2685343027114868,0.04302716627717018,-1.7862104177474976,0.00037973414873704314,-1.048606276512146,1.5779575109481812,0.17898507416248322,-0.7490113973617554,0.3745058476924896
-0.10940039902925491,0.24783839285373688,0.00011647627979982644,0.5851576328277588,0.0036359326913952827,-0.9950351119041443,-0.06604856252670288,-1.642096996307373,0.0007708448683843017,-1.0465061664581299,1.5658023357391357,0.3064189553260803,-1.0075359344482422,0.2662654519081116
-0.11450506746768951,0.20438668131828308,9.434578532818705e-05,0.31519582867622375,0.0025201321113854647,-0.6309088468551636,-0.050838686525821686,-1.69972562789917,0.00035476693301461637,-1.0466339588165283,1.5677002668380737,0.24754832684993744,-0.9648403525352478,0.29189759492874146
-0.09692947566509247,0.1525905430316925,7.642909622518346e-05,0.24110308289527893,0.0024241702631115913,-0.5949897766113281,-0.046396058052778244,-1.6056429147720337,0.0007463694200851023,-1.045859694480896,1.5669978857040405,0.19957564771175385,-0.8575503826141357,0.36261191964149475
-0.09288710355758667,0.08601244539022446,6.190757267177105e-05,0.07010059803724289,0.0006745632854290307,-0.3210831880569458,-0.046036235988140106,-1.6588941812515259,0.0013767348136752844,-1.047978162765503,1.5656458139419556,0.13989414274692535,-0.7863696217536926,0.37820905447006226
-0.012639695778489113,-0.01259763166308403,4.061754952999763e-05,0.23438392579555511,0.006210973486304283,-0.8335936665534973,-0.013331608846783638,-1.5014019012451172,-0.000630429363809526,-1.045411229133606,1.5715793371200562,0.013573236763477325,-0.7202920913696289,0.3238336145877838
0.021874351426959038,-0.040816545486450195,3.28999049088452e-05,0.2929849624633789,0.00728091225028038,-0.9786658883094788,-0.004258743952959776,-1.427870512008667,-0.001788928173482418,-1.0457414388656616,1.5742394924163818,-0.026819029822945595,-0.7064570784568787,0.25999417901039124
0.047289926558732986,-0.05506546422839165,2.6648922357708216e-05,0.2650807797908783,0.0072875372134149075,-0.8152161240577698,0.00202170736156404,-1.545261025428772,-0.0025426067877560854,-1.0460045337677002,1.5760666131973267,-0.051482193171978,-0.6899051070213318,0.2642150819301605
0.07978691160678864,-0.06827379018068314,9.469638371228939e-07,0.2767238914966583,0.005951886065304279,-0.7983407378196716,0.0018329140730202198,-1.604752779006958,-0.0020874596666544676,-1.0462301969528198,1.5751272439956665,-0.06449871510267258,-0.677405595779419,0.2979632019996643
0.06496509164571762,-0.09227188676595688,7.670407171644911e-07,0.22493304312229156,0.004004593938589096,-0.9495759010314941,-0.0026174678932875395,-1.5408648252487183,-0.0009464206523261964,-1.0455480813980103,1.5725759267807007,-0.07959453016519547,-0.6754171848297119,0.2603066563606262
0.013443087227642536,-0.010473333299160004,0.00012278386566322297,0.3359951674938202,0.022938692942261696,-0.5983564853668213,0.0019348905188962817,-1.640401840209961,-0.00022493218421004713,-1.0457072257995605,1.5724574327468872,-0.025936905294656754,-0.7842690348625183,0.28729477524757385
-0.13212403655052185,-0.12814828753471375,8.703889761818573e-05,0.47196564078330994,-0.0007979352376423776,-0.8163602948188782,-0.0005304162041284144,-1.6851341724395752,-0.0011534937657415867,-1.0473228693008423,1.5739718675613403,-0.13630682229995728,-0.9718837738037109,0.34440678358078003
-0.1580968052148819,-0.11907009035348892,7.050150452414528e-05,0.40931352972984314,-0.00033042795257642865,-1.0783376693725586,-0.0026923499535769224,-1.7135980129241943,-0.0006851665675640106,-1.0468636751174927,1.5725561380386353,-0.12066052854061127,-1.0172477960586548,0.25159233808517456
-0.10430392622947693,-0.20047912001609802,6.346492591546848e-05,0.19467805325984955,0.004303323104977608,-0.8466163873672485,0.005810811650007963,-1.530375599861145,-0.0015232083387672901,-1.0469828844070435,1.574129581451416,-0.20175756514072418,-0.828715980052948,0.26408305764198303
-0.12674260139465332,-0.19026729464530945,5.136686741025187e-05,0.08443837612867355,0.009779544547200203,-0.7006111741065979,0.012019396759569645,-1.4498523473739624,-0.002681757789105177,-1.0473755598068237,1.5765029191970825,-0.20357008278369904,-0.7837846279144287,0.2689460217952728
-0.07997649163007736,-0.16493865847587585,4.1607159801060334e-05,0.2515435814857483,0.01789538562297821,-0.8607385158538818,0.01836385950446129,-1.4164760112762451,-0.003628576174378395,-1.0448026657104492,1.5787979364395142,-0.19268730282783508,-0.7297682762145996,0.30614200234413147
-0.06771309673786163,-0.12723790109157562,3.370179911144078e-05,0.22874131798744202,0.01704384759068489,-0.7541126608848572,0.024161068722605705,-1.4754791259765625,-0.0045820921659469604,-1.045240879058838,1.5810025930404663,-0.1647641807794571,-0.753608226776123,0.31453514099121094
-0.05853038281202316,-0.09942761063575745,2.723034231166821e-05,0.1832476258277893,0.012158488854765892,-0.5922343134880066,0.013848350383341312,-1.5211108922958374,-0.0028537646867334843,-1.0486750602722168,1.5770535469055176,-0.12608475983142853,-0.7358814477920532,0.3471640348434448
-0.06371024996042252,-0.06169790029525757,2.205654527642764e-05,0.1686505377292633,0.011880747973918915,-0.6429146528244019,0.017695322632789612,-1.479782223701477,-0.003084676107391715,-1.0483678579330444,1.5777829885482788,-0.09394654631614685,-0.7141376733779907,0.37182265520095825
-0.03314043954014778,-0.009213799610733986,1.7865770132630132e-05,0.16235728561878204,0.013922540470957756,-0.5406426191329956,0.02368316799402237,-1.5770262479782104,-0.0037437593564391136,-1.048330545425415,1.5794503688812256,-0.05142614617943764,-0.7166862487792969,0.3505478501319885
0.024955376982688904,0.05737301707267761,1.447101021767594e-05,0.2749667763710022,0.013280446641147137,-0.6877251267433167,0.028889575973153114,-1.596882939338684,-0.004078888799995184,-1.0480413436889648,1.5804741382598877,0.005846906919032335,-0.7089354395866394,0.36177244782447815
-0.0003896966518368572,0.1137206181883812,1.1721879673132207e-05,0.0015622236533090472,0.009845116175711155,-0.28937774896621704,0.01928672380745411,-1.749964714050293,-0.002820407273247838,-1.0478812456130981,1.5774353742599487,0.0736686959862709,-0.7073376178741455,0.33689138293266296
-0.003371703904122114,0.1540384590625763,9.494722689851187e-06,-0.10269731283187866,-0.006562445312738419,-0.28687238693237305,0.005166986957192421,-1.6352134943008423,-0.002344339620321989,-1.0473028421401978,1.5743714570999146,0.13019835948944092,-0.6229985952377319,0.36601075530052185
0.018390359356999397,0.17866870760917664,7.680287126277108e-06,-0.2173890322446823,-0.027179205790162086,-0.1372290998697281,-0.011710040271282196,-1.5574392080307007,-0.002232621656730771,-1.0473301410675049,1.5708091259002686,0.17741622030735016,-0.5404890775680542,0.3529101312160492
0.15386974811553955,0.18285004794597626,5.039036295784172e-06,0.04152291268110275,-0.05920850485563278,-0.5778676867485046,-0.045504260808229446,-1.471901774406433,-0.0012283958494663239,-1.0428452491760254,1.5640082359313965,0.231167733669281,-0.44951942563056946,0.3627501428127289
0.15975573658943176,0.1944228708744049,4.116026047995547e-06,-0.009229093790054321,-0.04415222629904747,-0.6983386278152466,-0.03558811545372009,-1.5634764432907104,-0.0010776286944746971,-1.0405656099319458,1.5657583475112915,0.22957846522331238,-0.46421578526496887,0.28446415066719055
0.07353740185499191,0.22996586561203003,0.000540037639439106,-0.4032004177570343,-0.013728601858019829,-0.43370771408081055,-0.023948833346366882,-1.4231058359146118,0.0008782544173300266,-1.0460847616195679,1.567354440689087,0.24448366463184357,-0.3637993335723877,0.18799303472042084
0.05747786909341812,0.21761968731880188,0.0004391823895275593,-0.5388625264167786,-0.02313055284321308,-0.2050469070672989,-0.03676667436957359,-1.4666022062301636,-0.00040571772842667997,-1.0477615594863892,1.5658507347106934,0.24856893718242645,-0.3515669107437134,0.16696687042713165
0.057540908455848694,0.18975712358951569,0.00035573774948716164,-0.50562983751297,-0.02476642094552517,-0.25243690609931946,-0.06385758519172668,-1.3807182312011719,-0.0001888624537969008,-1.0476382970809937,1.5636780261993408,0.24190789461135864,-0.31087079644203186,0.18214808404445648
0.09418151527643204,0.17496415972709656,0.00029006644035689533,-0.37434670329093933,-0.01935344748198986,-0.3540613055229187,-0.04962857812643051,-1.3485338687896729,-7.589394226670265e-05,-1.0486849546432495,1.5652780532836914,0.22242961823940277,-0.2996542155742645,0.21332333981990814
0.13200435042381287,0.17200377583503723,0.0008433891925960779,-0.25734326243400574,-0.004963936284184456,-0.45004037022590637,-0.03166528418660164,-1.4622358083724976,0.0008243855554610491,-1.0482823848724365,1.5673922300338745,0.19833776354789734,-0.31877219676971436,0.2507813572883606
0.14015980064868927,0.17819932103157043,0.0011743291979655623,-0.17307521402835846,0.01600092276930809,-0.6640012860298157,-0.022763093933463097,-1.5336403846740723,0.002565019764006138,-1.0468696355819702,1.5687874555587769,0.182822123169899,-0.40271368622779846,0.21658149361610413
0.12388797104358673,0.12815897166728973,6.0144233430037275e-05,0.11130765080451965,0.003970863297581673,-0.7489234209060669,-0.017083100974559784,-1.5478678941726685,0.00550017599016428,-1.0460445880889893,1.5653889179229736,0.13474678993225098,-0.5442143678665161,0.24066296219825745
0.0982060506939888,0.13058894872665405,4.8716829041950405e-05,0.049050115048885345,0.007737526670098305,-0.5847169160842896,-0.010785402730107307,-1.4782485961914062,0.004012911580502987,-1.0474977493286133,1.5675716400146484,0.1310625672340393,-0.5291962623596191,0.30135518312454224
0.0869474932551384,0.14969070255756378,3.946063225157559e-05,0.04804760590195656,0.0215104091912508,-0.5847043395042419,-0.001269486267119646,-1.5345139503479004,0.0025667326990514994,-1.0473580360412598,1.5709378719329834,0.13358533382415771,-0.5067877769470215,0.3338392674922943
0.08488684892654419,0.15582561492919922,3.2136962545337155e-05,0.07831348478794098,0.011573023162782192,-0.5608002543449402,-0.00394365843385458,-1.6050893068313599,0.0023833897430449724,-1.0500273704528809,1.569841980934143,0.14718233048915863,-0.5609757900238037,0.3129798471927643
0.06621406972408295,0.14632663130760193,2.6030938897747546e-05,0.006644776556640863,-0.002661116886883974,-0.2972010374069214,-0.011342698708176613,-1.602267861366272,0.002575550926849246,-1.0495693683624268,1.567582368850708,0.15343262255191803,-0.5760087370872498,0.34783509373664856
0.13731513917446136,-0.013493506237864494,-0.0004464109370019287,0.05252300202846527,-0.004542302340269089,-0.29875171184539795,-0.045988671481609344,-1.648661732673645,0.0010047437390312552,-1.0449256896972656,1.5653076171875,0.029064852744340897,-0.5212413668632507,0.39324668049812317
-0.12560446560382843,0.027625668793916702,-2.095232230203692e-05,0.5349017381668091,0.008043630048632622,-0.9918246865272522,0.014849317260086536,-1.5431089401245117,0.0010500596836209297,-1.0461316108703613,1.5691747665405273,0.01945434883236885,-0.9501634836196899,0.2963973581790924
-0.11001696437597275,0.010102879256010056,-1.697138031886425e-05,0.6560247540473938,0.006995015311986208,-1.2056422233581543,0.008832971565425396,-1.4756801128387451,0.0011991303181275725,-1.0447523593902588,1.568198800086975,0.012645989656448364,-0.9602341055870056,0.25834184885025024
-0.12371047586202621,-0.021665917709469795,-1.3746818694926333e-05,0.5694618821144104,0.006030527409166098,-1.1580487489700317,0.004883604124188423,-1.4269661903381348,0.0012323862174525857,-1.0452282428741455,1.5676268339157104,-0.009495344944298267,-0.9543620944023132,0.22933703660964966
-0.15570788085460663,-0.04566967487335205,-1.1134852684335783e-05,0.3437071144580841,0.004645899869501591,-1.0016299486160278,0.006477038841694593,-1.5481481552124023,0.0006446089246310294,-1.0448280572891235,1.5694093704223633,-0.04017104208469391,-0.9345558881759644,0.24783830344676971
-0.17405712604522705,-0.07754476368427277,-9.019230674311984e-06,0.18582753837108612,0.0026585878804326057,-0.8940467238426208,0.0017185790929943323,-1.4764324426651,0.0012719051446765661,-1.0469640493392944,1.5679948329925537,-0.06346990913152695,-0.9078136086463928,0.23478974401950836
-0.15799322724342346,-0.0996301919221878,-7.30558485884103e-06,0.05006306618452072,0.008282593451440334,-0.5955564975738525,0.007000747136771679,-1.520536184310913,-6.246874545468017e-05,-1.0470006465911865,1.570837378501892,-0.0944269448518753,-0.828827440738678,0.2705780863761902
-0.08955147117376328,-0.13277152180671692,-5.9175235946895555e-06,0.17254406213760376,-0.00024830279289744794,-0.6245893239974976,0.00024990789825096726,-1.4534683227539062,0.0006084448541514575,-1.0456020832061768,1.5689527988433838,-0.11856375634670258,-0.7500379085540771,0.33996662497520447
-0.17889641225337982,0.04595712944865227,5.505054559762357e-06,0.2586461305618286,0.0011241325410082936,-0.675378680229187,-0.019228758290410042,-1.549742341041565,0.0020533062051981688,-1.0461996793746948,1.5648460388183594,0.0692373663187027,-0.8979474306106567,0.3576642572879791
-0.13498114049434662,0.025155311450362206,4.459094270714559e-06,0.32285550236701965,0.0011854612966999412,-0.9082069396972656,-0.010796647518873215,-1.45616614818573,0.0010017455788329244,-1.0456287860870361,1.5676501989364624,0.039951395243406296,-0.8732017278671265,0.32290321588516235
-0.0625629723072052,0.018842073157429695,3.6118719890509965e-06,0.35292840003967285,0.0013624426210299134,-0.9003909826278687,-0.003922734875231981,-1.561870813369751,-1.694265301921405e-05,-1.0459288358688354,1.5703363418579102,0.022871432825922966,-0.8497895002365112,0.2742878198623657
-0.031085362657904625,0.02680938132107258,2.9256163998070406e-06,0.22372646629810333,0.001331373699940741,-0.7228480577468872,0.0010177477961406112,-1.5738790035247803,-0.0006808637990616262,-1.046150803565979,1.572134017944336,0.02131701074540615,-0.7975700497627258,0.29539793729782104
-0.01268873829394579,0.025819038972258568,2.369749154240708e-06,0.08851765096187592,-0.001751745119690895,-0.6610509157180786,-0.004673936404287815,-1.643414855003357,0.00031788868363946676,-1.0462816953659058,1.569907784461975,0.02876676432788372,-0.7249811291694641,0.3012758791446686
-0.023398196324706078,0.024151388555765152,2.3256963686435483e-05,-0.0882246121764183,-0.0019961935468018055,-0.5088263750076294,-0.0039993515238165855,-1.6260889768600464,0.0002775323227979243,-1.0464555025100708,1.5699962377548218,0.027506878599524498,-0.6873884797096252,0.2624238133430481
-0.03529821336269379,0.008969493210315704,1.8838140022126026e-05,-0.2851921319961548,-0.017079826444387436,-0.1722194403409958,-0.008596726693212986,-1.7013649940490723,-0.0005260624457150698,-1.0465326309204102,1.5689806938171387,0.024099355563521385,-0.6102612018585205,0.2770192623138428
-0.010161271318793297,-0.005479421932250261,-0.00016863572818692774,-0.26013585925102234,-0.01643158309161663,-0.32323941588401794,-0.013390782289206982,-1.6501905918121338,-0.00039935551467351615,-1.0466669797897339,1.568632960319519,0.014035549946129322,-0.5619511604309082,0.2824134826660156
-0.035181883722543716,-0.03172677382826805,-0.0001300208386965096,-0.47992509603500366,-0.023405099287629128,-0.028956769034266472,-0.03025907091796398,-1.648672103881836,-0.0005018948577344418,-1.0498243570327759,1.5669063329696655,4.7229143092408776e-05,-0.5335657000541687,0.24494268000125885
-0.018724599853157997,-0.045763272792100906,-0.0001053168743965216,-0.5309334993362427,-0.01876555010676384,0.07906822860240936,-0.01453239843249321,-1.7135059833526611,-0.000624526699539274,-1.0492029190063477,1.5684401988983154,-0.02040020003914833,-0.4755118191242218,0.24395103752613068
-0.02180236019194126,-0.05869874730706215,4.373796036816202e-05,-0.5793388485908508,-0.01553321536630392,0.21620939671993256,-0.0007874292205087841,-1.6559258699417114,-0.0006082793115638196,-1.0488677024841309,1.569713830947876,-0.042230598628520966,-0.4384227991104126,0.2606768012046814
-0.018501291051506996,-0.08569838106632233,3.5427747206995264e-05,-0.5130490064620972,-0.011731863021850586,0.05132104828953743,-0.017053542658686638,-1.6816598176956177,-0.00038836069870740175,-1.0484123229980469,1.5685615539550781,-0.06187721714377403,-0.42198291420936584,0.2791103720664978
-0.045558374375104904,-0.12938226759433746,2.8696475055767223e-05,-0.6134671568870544,-0.009226936846971512,0.15236756205558777,-0.05791005492210388,-1.6404260396957397,0.0005018177907913923,-1.0499213933944702,1.5654168128967285,-0.08621180802583694,-0.4584512710571289,0.23939083516597748
-0.05573464184999466,-0.1603504866361618,2.3244145268108696e-05,-0.7439181804656982,-0.007692078594118357,0.4259861409664154,-0.04873110353946686,-1.564614176750183,0.0005551766371354461,-1.049588680267334,1.5663539171218872,-0.11797591298818588,-0.38834911584854126,0.25587207078933716
-0.014081592671573162,-0.30015459656715393,1.2333563972788397e-05,-0.5548969507217407,-0.0017642724560573697,-0.05254904180765152,-0.04697765037417412,-1.4869414567947388,-4.792333857039921e-05,-1.0481146574020386,1.5661790370941162,-0.24896970391273499,-0.34578394889831543,0.24382135272026062
0.006869465112686157,-0.3259679079055786,9.990187209041324e-06,-0.4453701972961426,0.00351428659632802,-0.34490248560905457,-9.054950351128355e-05,-1.5866550207138062,-0.0005491652991622686,-1.0474450588226318,1.5703608989715576,-0.30403509736061096,-0.4267561435699463,0.1955420821905136
-0.09537181258201599,-0.4817437529563904,0.00029289009398780763,-0.8384303450584412,0.0045407479628920555,0.2851478159427643,0.007660115137696266,-1.606750249862671,0.00021239671332295984,-1.0479215383529663,1.5713036060333252,-0.4716886281967163,-0.41207924485206604,0.11199712008237839
-0.0956120416522026,-0.49307185411453247,0.00023724138736724854,-0.7128898501396179,0.001427158829756081,0.10836618393659592,0.033479686826467514,-1.6847946643829346,0.00040573690785095096,-1.0477864742279053,1.573555827140808,-0.4993678629398346,-0.4317294657230377,0.15300436317920685
-0.09609346836805344,-0.4897148907184601,0.0003429620119277388,-0.6023258566856384,0.0003490553062874824,0.24822457134723663,0.08504661917686462,-1.6674296855926514,-0.0006038120482116938,-1.0476102828979492,1.577179193496704,-0.5236673355102539,-0.5280954241752625,0.21540777385234833
-0.03171984851360321,-0.26464831829071045,7.837284647393972e-05,0.275736004114151,0.006491697859019041,-0.6433279514312744,0.05539830029010773,-1.6557176113128662,0.0002669629466254264,-1.0481654405593872,1.5739552974700928,-0.30537018179893494,-0.781601071357727,0.33270347118377686
-0.007386940065771341,-0.23248329758644104,6.348200986394659e-05,0.4191173017024994,0.00502409553155303,-0.873714804649353,0.0489945188164711,-1.6311261653900146,-0.00023731733381282538,-1.0468356609344482,1.5746145248413086,-0.2746488153934479,-0.8090304136276245,0.32089248299598694
0.013304414227604866,-0.1860625296831131,5.1420425734249875e-05,0.43689674139022827,0.003702534595504403,-0.8414969444274902,0.04312844201922417,-1.690535306930542,-0.0006191484280861914,-1.046958565711975,1.5751962661743164,-0.23178020119667053,-0.8405283093452454,0.2772061228752136
0.0362817756831646,-0.14723192155361176,4.165054633631371e-05,0.4736993610858917,0.0035524661652743816,-0.6912267804145813,0.031155211851000786,-1.6503852605819702,-0.00013476726599037647,-1.04702627658844,1.573177456855774,-0.1815662831068039,-0.8152804374694824,0.3180922269821167
-0.11613528430461884,-0.001936618471518159,1.176154000859242e-05,-0.059810444712638855,-0.009831569157540798,-0.2258015275001526,-0.004513564053922892,-1.7062933444976807,0.0005493619828484952,-1.0478912591934204,1.568551778793335,-0.003059729700908065,-0.755135178565979,0.3661600351333618
-0.060515232384204865,-0.009606720879673958,9.997722372645512e-06,0.009747752919793129,-0.026430610567331314,-0.2027415931224823,-0.019558750092983246,-1.778381109237671,0.00041624862933531404,-1.0483038425445557,1.5666162967681885,0.007473867852240801,-0.743184506893158,0.3738284707069397
-0.01833609864115715,-0.005863366648554802,8.49387561174808e-06,0.1660381555557251,-0.02051422744989395,-0.5001857876777649,-0.012472033500671387,-1.680044174194336,0.00016138279170263559,-1.0473098754882812,1.5679811239242554,0.006411183159798384,-0.739820659160614,0.37626826763153076
-0.019457615911960602,0.013671803288161755,6.880039563839091e-06,0.1925143450498581,-0.014574455097317696,-0.7586983442306519,-0.0018243994563817978,-1.7000302076339722,-0.0007967788842506707,-1.0445293188095093,1.570799469947815,0.011070371605455875,-0.7607526779174805,0.3126310706138611
-0.031742457300424576,0.2250034511089325,-0.00019367360800970346,-0.9051624536514282,-0.01101358886808157,0.10655289143323898,-0.017751364037394524,-1.3951343297958374,-0.00270066037774086,-1.0464510917663574,1.5686495304107666,0.24767231941223145,-0.30158933997154236,0.0306757353246212
0.003026465652510524,0.2379259467124939,-0.00015688201528973877,-0.9496496915817261,-0.01057671383023262,0.4039342403411865,0.02332279644906521,-1.485234260559082,-0.002385955536738038,-1.0467264652252197,1.57253098487854,0.23350806534290314,-0.2400604635477066,0.092243492603302
0.05940556898713112,0.23678001761436462,-0.00012768151646014303,-0.6677073836326599,-0.008762300945818424,-0.04874740168452263,0.017692802473902702,-1.5386013984680176,-0.0016667289892211556,-1.0466574430465698,1.5721473693847656,0.23249854147434235,-0.2497744858264923,0.14457789063453674
0.09065699577331543,0.2182851880788803,-0.00027619421598501503,-0.6141266822814941,-0.008295765146613121,-0.023959815502166748,-0.022498197853565216,-1.5557419061660767,-0.0007395147695206106,-1.0467597246170044,1.5691587924957275,0.23364293575286865,-0.3123385012149811,0.1539308875799179
0.12195147573947906,0.1840185523033142,-0.00022371731756720692,-0.5301055908203125,-0.008869854733347893,-0.12462601065635681,-0.07594650983810425,-1.6067603826522827,0.0006244162213988602,-1.046609878540039,1.5649975538253784,0.22869864106178284,-0.2894928455352783,0.19507494568824768
0.12063262611627579,0.1623431146144867,-0.00014678093430120498,-0.4837326407432556,-0.0034905748907476664,-0.0076424540020525455,-0.031476445496082306,-1.6544034481048584,0.00020216571283526719,-1.0491243600845337,1.5683821439743042,0.18624043464660645,-0.35089603066444397,0.22036650776863098
0.11836796253919601,0.1495797485113144,-0.00011889255256392062,-0.5494027733802795,-0.0023590116761624813,0.3810420632362366,-0.026067577302455902,-1.6750901937484741,8.231768879340962e-05,-1.0488277673721313,1.5687832832336426,0.16951808333396912,-0.2996038794517517,0.30226725339889526
-0.027498232200741768,0.003217381425201893,0.00015792263729963452,-0.3500695526599884,-0.004422828555107117,-0.15184944868087769,-0.0059099639765918255,-1.6536952257156372,-0.00015335374337155372,-1.0452762842178345,1.5728826522827148,-0.0043288893066346645,-0.4916445314884186,0.35821524262428284
0.13381609320640564,-0.010751386173069477,5.616307134914678e-06,-0.36207664012908936,-0.0026728780940175056,0.06542790681123734,-0.039946045726537704,-1.5678495168685913,0.0009138839086517692,-1.0487183332443237,1.5666266679763794,0.02034272626042366,-0.3484944999217987,0.30512580275535583
0.10617834329605103,-0.11146075278520584,0.0004944522515870631,-0.12478138506412506,0.031230518594384193,-0.3602554500102997,0.005949222017079592,-1.4879541397094727,0.0014307574601843953,-1.0477925539016724,1.5732200145721436,-0.12309536337852478,-0.4101541042327881,0.3349006175994873
-0.021428421139717102,-0.19730278849601746,-7.32108746888116e-05,-0.16251300275325775,0.006134359631687403,-0.3819563686847687,-0.008080489933490753,-1.4216129779815674,0.0008418536162935197,-1.0525025129318237,1.5701755285263062,-0.18611769378185272,-0.48708051443099976,0.34746792912483215
-0.04163682088255882,-0.19203530251979828,-5.9300811699358746e-05,-0.1563534438610077,0.030769631266593933,-0.46218472719192505,0.0007692173239775002,-1.499039649963379,0.0020910969469696283,-1.050857424736023,1.572446584701538,-0.20404452085494995,-0.5425630211830139,0.3115706741809845
-0.01538463868200779,-0.172366663813591,-4.803365663974546e-05,-0.0516803115606308,0.05865979939699173,-0.6045929789543152,0.0026716438587754965,-1.594875693321228,0.0037891126703470945,-1.0511137247085571,1.5734312534332275,-0.20524080097675323,-0.6178047060966492,0.2591145634651184
-0.016042465344071388,-0.16765154898166656,-3.8907262933207676e-05,-0.08845192193984985,0.0472375862300396,-0.48296502232551575,0.003048012964427471,-1.6115716695785522,0.0030282684601843357,-1.05336332321167,1.5730472803115845,-0.1925373524427414,-0.6537810564041138,0.2611355781555176
0.007455576676875353,-0.1528858244419098,-2.8794596801162697e-05,-0.04764516279101372,0.049725208431482315,-0.5503847002983093,0.003149349009618163,-1.6759555339813232,0.0029247640632092953,-1.0484287738800049,1.573197364807129,-0.1830911487340927,-0.6346767544746399,0.2792667746543884
0.01365354098379612,-0.16219563782215118,-1.889531449705828e-05,-0.11509620398283005,0.000995033886283636,-0.19484813511371613,-0.003263951512053609,-1.7028563022613525,0.0006941096507944167,-1.0479528903961182,1.5705559253692627,-0.16023457050323486,-0.6311051845550537,0.3047208786010742
-0.055182307958602905,-0.09435870498418808,-1.4632680631621042e-06,0.680759608745575,0.0015961435856297612,-0.9206075072288513,-0.00553207378834486,-1.6575956344604492,0.00034541808417998254,-1.0454683303833008,1.5700037479400635,-0.0923171192407608,-0.9752128720283508,0.30104491114616394
-0.05229147523641586,0.2538568079471588,4.0577728213975206e-05,-0.14024049043655396,0.003959022928029299,-0.4183320105075836,-0.041919589042663574,-1.4773920774459839,-0.00041046919068321586,-1.0471421480178833,1.5700595378875732,0.271452933549881,-0.5986999273300171,0.35053902864456177
-0.03837849944829941,0.2362806797027588,3.286795981694013e-05,-0.21096687018871307,-0.01800728216767311,-0.4466647505760193,-0.038764357566833496,-1.544938325881958,-0.0016133730532601476,-1.0482546091079712,1.568684458732605,0.26896971464157104,-0.5732135772705078,0.2801758646965027
-0.06188032031059265,0.20380055904388428,2.6623047233442776e-05,-0.3248358368873596,-0.037960831075906754,-0.49595558643341064,-0.038537852466106415,-1.4632822275161743,-0.0032865824177861214,-1.0486575365066528,1.5675230026245117,0.25411078333854675,-0.5616732835769653,0.21634863317012787
0.05195489153265953,0.07256738096475601,-0.00019796354172285646,-0.06778103858232498,-0.017704365774989128,-0.2954697012901306,-0.011764449998736382,-1.595885157585144,-0.00037433835677802563,-1.047924518585205,1.5690901279449463,0.09609458595514297,-0.5547213554382324,0.312635213136673
-0.08805318176746368,-0.12600399553775787,-0.00027731331647373736,-0.0794953927397728,0.032488442957401276,-0.5556345582008362,0.06198308989405632,-1.534920334815979,0.0009306226274929941,-1.0473921298980713,1.575554370880127,-0.18900571763515472,-0.6849372386932373,0.31936702132225037
-0.0315164290368557,-0.09715215116739273,-0.00022511846327688545,-0.07449314743280411,0.01937478967010975,-0.7061892747879028,0.050132621079683304,-1.4635930061340332,0.0003950310929212719,-1.0488395690917969,1.5743449926376343,-0.1486143320798874,-0.6506367325782776,0.2409641593694687
-0.0056825485080480576,-0.08635110408067703,-0.00018234594608657062,-0.16256923973560333,-0.009785711765289307,-0.6146430969238281,0.04112726449966431,-1.394339919090271,-0.001186006935313344,-1.0483869314193726,1.5728020668029785,-0.1141345202922821,-0.5749991536140442,0.21957315504550934
-0.010434139519929886,-0.08904427289962769,-0.0001477002224419266,-0.3681935966014862,-0.03439340367913246,-0.22763317823410034,0.02604946866631508,-1.4005627632141113,-0.0031632832251489162,-1.0479806661605835,1.5706053972244263,-0.0910874530673027,-0.45678243041038513,0.2607407569885254
0.02051440253853798,-0.09919239580631256,-0.0007211588672362268,-0.49431470036506653,-0.03526199609041214,0.15481235086917877,-0.01665828377008438,-1.5192586183547974,-0.0020466630812734365,-1.0475082397460938,1.5669320821762085,-0.07758907973766327,-0.3700295388698578,0.3267611265182495
0.057141710072755814,-0.10048875212669373,-0.0004735463880933821,-0.46253055334091187,-0.02357797883450985,-0.02505098283290863,-0.029942631721496582,-1.5955623388290405,-0.0008328370749950409,-1.047139286994934,1.566578984260559,-0.07551194727420807,-0.35287922620773315,0.3128639757633209
0.06267713010311127,-0.09433453530073166,-0.0003835725656244904,-0.5883188843727112,-0.018968889489769936,0.17099164426326752,-0.01710924319922924,-1.6668729782104492,-0.000836445833556354,-1.0471491813659668,1.5679576396942139,-0.07781799137592316,-0.36530888080596924,0.25493180751800537
0.08103551715612411,-0.07235530018806458,-0.0003106894437223673,-0.5336416363716125,-0.016053033992648125,-0.10521367192268372,0.025004975497722626,-1.5710132122039795,-0.0012709713773801923,-1.0468708276748657,1.5716168880462646,-0.07809974998235703,-0.32279086112976074,0.23802533745765686
0.06987831741571426,-0.044187918305397034,-3.3426820209569996e-06,-0.7857120037078857,-0.007925906218588352,0.197114035487175,-0.04798656329512596,-1.5248175859451294,-0.00029931263998150826,-1.096642017364502,1.5670431852340698,-0.004772969055920839,-0.24178548157215118,0.14547717571258545
0.0505632646381855,-0.07998691499233246,-2.7075723210145952e-06,-0.7582013607025146,-0.005529121495783329,0.13007478415966034,-0.06105919927358627,-1.4521993398666382,-4.365892891655676e-05,-1.0872387886047363,1.5659494400024414,-0.03340699523687363,-0.23782947659492493,0.1712302714586258
0.04357679560780525,-0.13190317153930664,-2.1931336959823966e-06,-0.652831494808197,-0.004338746890425682,-0.04645206406712532,-0.08826344460248947,-1.4289416074752808,0.0006890899385325611,-1.079675555229187,1.5638091564178467,-0.06713322550058365,-0.2573132812976837,0.1708117127418518
0.02008053846657276,-0.1709343045949936,-1.7485449461673852e-06,-0.7047884464263916,-0.0037804958410561085,0.20639698207378387,-0.07126914709806442,-1.5446091890335083,0.0005695360596291721,-1.0736576318740845,1.5651657581329346,-0.11220339685678482,-0.2902522683143616,0.19633080065250397
0.014842250384390354,-0.19260646402835846,-1.4373393923960975e-06,-0.5797774791717529,-0.004576711915433407,0.03231491893529892,-0.024676311761140823,-1.6090896129608154,0.00019153124594595283,-1.0684551000595093,1.5689561367034912,-0.16009525954723358,-0.33746156096458435,0.2286260426044464
-0.000645870401058346,-0.19817213714122772,-1.1273594964222866e-06,-0.4604796767234802,-0.0017473096959292889,-0.11601316183805466,0.03387681394815445,-1.6394661664962769,-0.000985917286016047,-1.064553141593933,1.5734872817993164,-0.19734761118888855,-0.4287852346897125,0.2206849902868271
-0.05289595201611519,-0.18855328857898712,-9.131611591328692e-07,-0.5222301483154297,0.004143555648624897,0.012632664293050766,0.09359648078680038,-1.6041463613510132,-0.0021388093009591103,-1.0614038705825806,1.5783836841583252,-0.22274373471736908,-0.4691395163536072,0.24287539720535278
-0.10145185887813568,-0.16608041524887085,-7.396605496978736e-07,-0.691121518611908,0.002267953474074602,0.3818167448043823,0.14865268766880035,-1.6130573749542236,-0.002796695102006197,-1.0611014366149902,1.583185076713562,-0.23404960334300995,-0.4535682797431946,0.26950880885124207
-0.07400026172399521,-0.1444566547870636,-4.852913093600364e-07,-0.4921422302722931,0.00037383363815024495,0.22232888638973236,0.10832863301038742,-1.726815938949585,-0.0016366691561415792,-1.056354284286499,1.5798512697219849,-0.19905149936676025,-0.4982183873653412,0.32767096161842346
-0.08124980330467224,-0.1113189086318016,-3.930859406864329e-07,-0.3958253562450409,-0.0004992705071344972,-0.058647505939006805,0.12200885266065598,-1.6579959392547607,-0.0017624209867790341,-1.0546369552612305,1.5809743404388428,-0.17531108856201172,-0.5464933514595032,0.3058404326438904
-0.06107715144753456,-0.09018775820732117,-2.531518816795142e-07,-0.2990690767765045,-0.001268742373213172,-0.21543005108833313,0.0940433144569397,-1.6239765882492065,-0.001389015931636095,-1.0544648170471191,1.5786819458007812,-0.1462586224079132,-0.5727322697639465,0.2785579562187195
-0.08609756082296371,-0.08624106645584106,-2.0505302700257744e-07,-0.35800179839134216,-0.007599049247801304,-0.0899345725774765,0.047787100076675415,-1.51883864402771,-0.0007954458124004304,-1.0575158596038818,1.5745841264724731,-0.11669114232063293,-0.545377790927887,0.3047265112400055
0.03335997834801674,-0.06501318514347076,5.921362026128918e-05,-0.07032337784767151,-0.009990961290895939,-0.27573713660240173,-0.029515258967876434,-1.6372383832931519,0.001598697854205966,-1.0514869689941406,1.5668050050735474,-0.04973958432674408,-0.5520350933074951,0.38714534044265747
0.031546518206596375,-0.04353373125195503,4.773308683070354e-05,-0.04278026521205902,0.009238412603735924,-0.5106151700019836,-0.017644790932536125,-1.703972339630127,0.0016611773753538728,-1.0464953184127808,1.5691572427749634,-0.04627912864089012,-0.5958138108253479,0.3255164325237274
0.06010138988494873,0.11976099014282227,0.0004317864077165723,-0.14480940997600555,0.004688899498432875,-0.5277397632598877,-0.003525471780449152,-1.4200083017349243,0.0019281689310446382,-1.0506980419158936,1.5700280666351318,0.10629616677761078,-0.49284979701042175,0.24616087973117828
0.09861617535352707,0.13598737120628357,0.0003497469879221171,-0.01946611888706684,-0.008709964342415333,-0.5972352027893066,-0.00348149542696774,-1.4062272310256958,0.0008571380749344826,-1.0502829551696777,1.5695098638534546,0.13078118860721588,-0.44746097922325134,0.2928532660007477
0.05581255629658699,0.13581407070159912,0.0002827831485774368,-0.22510331869125366,-0.03359252214431763,-0.19463062286376953,-0.008994709700345993,-1.4665182828903198,-0.00011794444435508922,-1.0491114854812622,1.5673364400863647,0.15010873973369598,-0.4323825538158417,0.34951120615005493
0.032316744327545166,0.052581872791051865,0.0006072964752092957,-0.5091847777366638,0.014960918575525284,0.032614681869745255,0.07254692912101746,-1.5351771116256714,-0.002411601599305868,-1.0502359867095947,1.5786254405975342,0.012507153674960136,-0.3533523678779602,0.3169609308242798
0.038951072841882706,0.048431456089019775,0.0004919101484119892,-0.49843868613243103,0.011679974384605885,-0.10171022266149521,0.05185556784272194,-1.6173291206359863,-0.0017962342826649547,-1.049684762954712,1.5765799283981323,0.01654520072042942,-0.3754987418651581,0.24544066190719604
0.022567132487893105,0.05391538888216019,0.00039844721322879195,-0.5379968881607056,0.010330558754503727,-0.09939421713352203,0.0517723485827446,-1.6395360231399536,-0.0016327040502801538,-1.0495659112930298,1.57627534866333,0.02377948723733425,-0.41329655051231384,0.19867506623268127
-0.16426292061805725,0.08367127180099487,0.00022659449314232916,-0.6393126845359802,0.0032082826364785433,-0.043404508382081985,0.049710713326931,-1.6022526025772095,-0.0011010137386620045,-1.0480624437332153,1.5748244524002075,0.055955976247787476,-0.5491808652877808,0.17005455493927002
0.202178955078125,-0.05489002913236618,3.629408411143231e-06,0.4846077561378479,-0.004330699797719717,-0.9487330317497253,-0.006030065007507801,-1.6151742935180664,-0.0009627611725591123,-1.046186923980713,1.5697455406188965,-0.03589935600757599,-0.5964540243148804,0.2663872539997101
0.14309591054916382,-0.07304937392473221,2.9398206606856547e-06,0.46644434332847595,-0.0039152768440544605,-0.8506724834442139,-0.001990691525861621,-1.5943603515625,-0.0010946027468889952,-1.047518014907837,1.5710018873214722,-0.06233113259077072,-0.6564418077468872,0.29826417565345764
-0.019390860572457314,-0.031390707939863205,-1.7344897059956565e-05,-0.3864934742450714,-0.001512826420366764,-0.05364863947033882,-0.03801364451646805,-1.6067242622375488,-0.000431671243859455,-1.0481047630310059,1.5690277814865112,-0.013286436907947063,-0.5070391297340393,0.3400466740131378
0.033561449497938156,-0.028955070301890373,-2.628376205393579e-05,-0.4452717900276184,-0.0012996887089684606,-0.12802787125110626,-0.032318536192178726,-1.698267936706543,-0.00032805491355247796,-1.0468002557754517,1.5692862272262573,-0.014285381883382797,-0.4673237204551697,0.260282427072525
0.2488166093826294,-0.016746122390031815,-0.0002681166515685618,-0.055358968675136566,-0.024769043549895287,-0.7472531795501709,-0.001216186094097793,-1.3565346002578735,-0.0031613472383469343,-1.047684669494629,1.5704137086868286,0.0037874970585107803,-0.268512099981308,0.23182953894138336
0.26766330003738403,-0.012520559132099152,-0.00021717448544222862,0.03584861382842064,-0.0026212893426418304,-0.6961145401000977,0.00048409178270958364,-1.473116397857666,-0.002162632765248418,-1.0494699478149414,1.5717376470565796,-0.008223112672567368,-0.3231956660747528,0.25115767121315
0.2504357397556305,0.00613164808601141,-0.00017591133655514568,0.12121307849884033,0.017160890623927116,-0.8083695769309998,0.009226233698427677,-1.4144335985183716,-0.003046117490157485,-1.0436108112335205,1.5752997398376465,-0.01013423316180706,-0.36085566878318787,0.27993881702423096
0.21721892058849335,0.010825013741850853,-0.00014248817751649767,0.19978348910808563,0.010275527834892273,-0.97996985912323,0.0035851348657160997,-1.3838165998458862,-0.0016857907176017761,-1.0405267477035522,1.5728497505187988,0.0011740850750356913,-0.41212135553359985,0.25172609090805054
0.22284665703773499,0.0006343900458887219,-0.00011532157805049792,0.38564059138298035,0.003946698270738125,-1.1710779666900635,-0.004524085205048323,-1.4826394319534302,0.00035245195613242686,-1.0409513711929321,1.5689494609832764,0.0058858562260866165,-0.5142967700958252,0.20497898757457733
0.19212575256824493,-0.02213522233068943,-9.3410475528799e-05,0.5110459923744202,0.00300009036436677,-1.2240238189697266,-0.006022731773555279,-1.4836399555206299,0.000775877560954541,-1.0421533584594727,1.5679421424865723,-0.007414027117192745,-0.6119228601455688,0.17985296249389648
0.13440576195716858,-0.04033220186829567,-0.0002943117287941277,0.5809711217880249,0.002510552294552326,-1.2394953966140747,-0.0029651455115526915,-1.5007201433181763,0.00029225609614513814,-1.0419785976409912,1.569394588470459,-0.030634064227342606,-0.6796581149101257,0.1934891790151596
0.025133123621344566,-0.0686870813369751,-0.00023839248751755804,0.4261517822742462,0.0022370885126292706,-1.0296411514282227,-0.004107144195586443,-1.455584168434143,0.0004785944183822721,-1.0429941415786743,1.568768858909607,-0.05181107297539711,-0.740266740322113,0.21924598515033722
-0.0493546798825264,-0.11175423860549927,-0.00019309791969135404,0.3023366630077362,0.0018634616862982512,-0.6767377853393555,-0.007726989220827818,-1.4349861145019531,0.0010338154388591647,-1.0440393686294556,1.5673660039901733,-0.0867440402507782,-0.7324249744415283,0.3289666771888733
-0.16087935864925385,-0.1609315574169159,-0.00035439993371255696,0.3901631534099579,-0.003169580828398466,-0.8639726638793945,0.03708721324801445,-1.544283151626587,-0.0023845939431339502,-1.045251488685608,1.5780471563339233,-0.18674558401107788,-0.919196605682373,0.3185991644859314
-0.20553401112556458,-0.13302524387836456,-0.0003984446229878813,0.1748916357755661,-0.0025119653437286615,-0.5609971284866333,0.03362087160348892,-1.6170910596847534,-0.0024033922236412764,-1.045715093612671,1.577933669090271,-0.161447212100029,-0.9271210432052612,0.31910043954849243
-0.21897730231285095,-0.09262199699878693,-0.000322740146657452,0.05681455880403519,0.0016308189369738102,-0.4229220747947693,0.03490396961569786,-1.665475606918335,-0.0026669399812817574,-1.0459799766540527,1.5785685777664185,-0.12796448171138763,-0.8920889496803284,0.3618202209472656
-0.19595444202423096,-0.03861403092741966,-0.00031722395215183496,-0.02360372617840767,0.012736190110445023,-0.1918105036020279,0.03566383570432663,-1.737367033958435,-0.0023084781132638454,-1.0462065935134888,1.578749656677246,-0.08306516706943512,-0.8727308511734009,0.3607645630836487
0.045784253627061844,0.037580180913209915,-0.00024413657956756651,0.17416909337043762,-0.005868673324584961,-0.567029595375061,-0.005084149539470673,-1.5842101573944092,-0.0001419796171830967,-1.0436360836029053,1.5704045295715332,0.04460245743393898,-0.6432344913482666,0.35086846351623535
0.05468088760972023,0.04280014708638191,-0.00019775063265115023,0.23779937624931335,-0.003328415798023343,-0.6054712533950806,0.0024444309528917074,-1.5348377227783203,-0.0008626881171949208,-1.0448079109191895,1.5723590850830078,0.04139487445354462,-0.6363834142684937,0.3654998540878296
0.055414676666259766,0.0446854792535305,-0.00019587612769100815,0.4018867015838623,-0.001968799624592066,-0.9707862138748169,-0.002623897045850754,-1.4754749536514282,3.142470450256951e-05,-1.0434321165084839,1.5701826810836792,0.050012070685625076,-0.6804646253585815,0.3112569749355316
0.04661940410733223,0.047950465232133865,-0.0001586597500136122,0.47414302825927734,-0.0017322045750916004,-1.042136788368225,0.0009038335410878062,-1.4697914123535156,-0.0004323678440414369,-1.04414963722229,1.5716489553451538,0.04568546265363693,-0.7232663035392761,0.2657518982887268
0.003588916501030326,0.06338630616664886,-0.00025578669738024473,0.3105003237724304,-0.001511837006546557,-0.725358247756958,0.00379279931075871,-1.5729914903640747,-0.0007749730721116066,-1.048516869544983,1.5727088451385498,0.05462333559989929,-0.7479382753372192,0.2933192849159241
-0.03764728456735611,0.020724335685372353,7.79144284024369e-06,0.27978646755218506,-0.0015027502086013556,-1.085553765296936,-0.0005003052647225559,-1.470509648323059,0.00141724175773561,-1.046143889427185,1.5671765804290771,0.04219917580485344,-0.7659581899642944,0.2557683289051056
0.19914020597934723,0.14971338212490082,6.192861974341213e-07,0.32068538665771484,0.023513901978731155,-0.9232197999954224,0.006605661008507013,-1.5465174913406372,-0.0018182052299380302,-1.046228051185608,1.5738141536712646,0.1171935424208641,-0.5501513481140137,0.25641921162605286
0.1583278477191925,0.20339442789554596,4.974450575900846e-07,0.1424131542444229,0.02009333111345768,-0.6750825047492981,0.010266872122883797,-1.5422794818878174,-0.002358508761972189,-1.0471208095550537,1.5753122568130493,0.16366416215896606,-0.5544700026512146,0.2836706042289734
0.10971319675445557,0.249352365732193,0.00021439860574901104,-0.12186304479837418,0.008969166316092014,-0.24594052135944366,0.005123245529830456,-1.4773387908935547,-0.0017231623642146587,-1.0477728843688965,1.5733678340911865,0.21726851165294647,-0.4562737047672272,0.3571580946445465
0.0924486443400383,0.314444899559021,-0.00014615537656936795,-0.48077115416526794,-0.004989410284906626,-0.13702398538589478,-0.10985168069601059,-1.5341084003448486,0.002020677551627159,-1.0472365617752075,1.5600355863571167,0.3669585585594177,-0.3068167567253113,0.27471810579299927
-0.014193853363394737,0.5450219511985779,3.0734776373719797e-05,-0.8951252698898315,-0.0006158243049867451,0.3639994263648987,-0.01509591843932867,-1.584392786026001,0.0008106002351269126,-1.0412806272506714,1.570436954498291,0.5459473729133606,-0.3110017776489258,0.09157256782054901
0.0321396104991436,0.5597051978111267,-0.00010568608558969572,-0.7882022857666016,0.0002518537803553045,0.3640095591545105,-0.016464753076434135,-1.6091411113739014,0.00046248658327385783,-1.0411266088485718,1.5702320337295532,0.5597783923149109,-0.27790966629981995,0.17615193128585815
0.08177723735570908,0.5584431886672974,-8.557355613447726e-05,-0.5215673446655273,0.0014521064003929496,-0.07438573241233826,-0.036298662424087524,-1.555053472518921,0.0003421414294280112,-1.0400612354278564,1.568313717842102,0.5712198615074158,-0.29195812344551086,0.22258388996124268
0.09130313247442245,0.5401995182037354,-6.931458483450115e-05,-0.4777509570121765,-0.0028081166092306376,-0.02091720513999462,-0.07205521315336227,-1.5184381008148193,0.0011513987556099892,-1.0414305925369263,1.5651342868804932,0.575819730758667,-0.3162216544151306,0.24539844691753387
0.07977480441331863,-0.1603018045425415,-2.8024103812640533e-05,-0.1133551225066185,-0.02241029217839241,-0.5712624788284302,0.017513684928417206,-1.451764702796936,-0.0017749930266290903,-1.0459939241409302,1.5715504884719849,-0.1462184637784958,-0.432682067155838,0.3259127140045166
0.019010217860341072,-0.18038327991962433,-2.269719152536709e-05,-0.27878278493881226,-0.011349922977387905,-0.5296871066093445,0.014237078838050365,-1.4341551065444946,-0.0008109274203889072,-1.0462175607681274,1.5715593099594116,-0.17016081511974335,-0.47309011220932007,0.22372224926948547
0.022117985412478447,0.1533001959323883,-2.2274663933785632e-05,-0.5269140005111694,0.015675021335482597,-0.0411653108894825,0.01576102152466774,-1.495042085647583,0.0023379374761134386,-1.0488495826721191,1.5725194215774536,0.11133024096488953,-0.3758116066455841,0.1925979107618332
0.041316743940114975,0.20738397538661957,-1.8042477677226998e-05,-0.49868011474609375,0.013041307218372822,0.07499520480632782,0.025479232892394066,-1.4354639053344727,0.0015831203199923038,-1.044843316078186,1.573243498802185,0.16313998401165009,-0.3181082010269165,0.3001560866832733
-0.09081161022186279,0.3146391212940216,-1.0872386155824643e-05,-0.1937873214483261,0.007669733837246895,-0.5296657681465149,-0.022028401494026184,-1.4827457666397095,0.0006917912396602333,-1.046091914176941,1.568655014038086,0.32289302349090576,-0.5463154315948486,0.3003826141357422
-0.14466328918933868,0.18903611600399017,-4.73977752335486e-06,-0.06318118423223495,-0.07264933735132217,-0.5647017359733582,-0.01904626376926899,-1.4386353492736816,0.00027480704011395574,-1.0490376949310303,1.5637632608413696,0.2532680630683899,-0.7384482026100159,0.24301522970199585
-0.10574821382761002,0.15338996052742004,-3.8392199712689035e-06,-0.006534835323691368,-0.050457581877708435,-0.40072140097618103,-0.01323726586997509,-1.5266120433807373,0.00041799599421210587,-1.0466880798339844,1.5658533573150635,0.2075750231742859,-0.6905919909477234,0.3399401307106018
-0.2295900285243988,-0.05492343008518219,1.1469858236523578e-06,-0.3317301571369171,-0.023464323952794075,-0.0983789935708046,0.011309733614325523,-1.5058095455169678,-0.0005821883678436279,-1.0433778762817383,1.5703378915786743,-0.055543821305036545,-0.7000033855438232,0.35798320174217224
-0.10566973686218262,-0.14650394022464752,3.97782287109294e-07,-0.5620662569999695,-0.006519591435790062,0.08458719402551651,-0.016762446612119675,-1.5996580123901367,-0.0011311833513900638,-1.0440326929092407,1.567965030670166,-0.11854380369186401,-0.5018367767333984,0.2616698145866394
-0.0785672590136528,-0.18436065316200256,3.217265032162686e-07,-0.6300772428512573,-0.005158873740583658,0.2582102417945862,-0.028163542971014977,-1.5389583110809326,-0.0006314468337222934,-1.0446349382400513,1.5672821998596191,-0.15225188434123993,-0.4565557539463043,0.26742833852767944
-0.007429185789078474,-0.22327853739261627,2.0472148776207177e-07,-0.4450271725654602,-0.0046601612120866776,-0.1474466621875763,0.022820156067609787,-1.4906585216522217,-0.0008190181106328964,-1.0454801321029663,1.5722806453704834,-0.2183215171098709,-0.3851885497570038,0.2724216878414154
0.03647957742214203,-0.2178640067577362,1.6582440309775848e-07,-0.3872056305408478,0.00464937137439847,-0.1625145673751831,0.062152180820703506,-1.4771991968154907,-0.0012624346418306231,-1.045857548713684,1.5761858224868774,-0.24221086502075195,-0.40025225281715393,0.2642643451690674
0.10450532287359238,-0.20151256024837494,0.0005319841438904405,-0.18217314779758453,0.017389584332704544,-0.47154924273490906,0.08464423567056656,-1.4735805988311768,-0.0008317424799315631,-1.043724775314331,1.579063057899475,-0.2530195116996765,-0.3827143907546997,0.2915646731853485
0.14186768233776093,-0.17455796897411346,0.00043090718099847436,-0.07825472205877304,0.04767731949687004,-0.5991896986961365,0.07096919417381287,-1.5052489042282104,0.0015937121352180839,-1.0495469570159912,1.5790938138961792,-0.24234405159950256,-0.4289684295654297,0.26365339756011963
0.14304669201374054,-0.16206879913806915,0.0002554826205596328,-0.057450566440820694,0.03601841256022453,-0.5347437262535095,0.05755553022027016,-1.483447790145874,0.001160765066742897,-1.0491012334823608,1.577457070350647,-0.21726331114768982,-0.4399651885032654,0.2718077600002289
0.15730410814285278,-0.13882020115852356,0.00020694092381745577,0.07162114232778549,0.03568229824304581,-0.684518575668335,0.047865837812423706,-1.4785315990447998,0.0009171998826786876,-1.0442323684692383,1.5767576694488525,-0.19343101978302002,-0.43660134077072144,0.3086511790752411
0.1682290881872177,-0.10027013719081879,0.00016762215818744153,0.2283434271812439,0.038149673491716385,-0.9642359614372253,0.04558049514889717,-1.5670990943908691,-0.00048239147872664034,-1.0419590473175049,1.5784498453140259,-0.15750399231910706,-0.5271083116531372,0.25754112005233765
0.038100358098745346,0.05999825522303581,7.17092989361845e-05,0.43726181983947754,0.017257381230592728,-1.1145918369293213,0.021442990750074387,-1.5732982158660889,-0.0005790452123619616,-1.0447131395339966,1.5748745203018188,0.023929044604301453,-0.7679537534713745,0.2076280117034912
-0.009384001605212688,0.08919796347618103,5.808453352074139e-05,0.34770557284355164,0.01398057583719492,-0.985075831413269,0.015903806313872337,-1.6324462890625,-0.00020528130698949099,-1.0460399389266968,1.5733195543289185,0.06399115175008774,-0.819612443447113,0.2186286300420761
-0.04065205901861191,0.10388917475938797,4.7050703869899735e-05,0.28689295053482056,0.01104478444904089,-0.7671140432357788,0.010387181304395199,-1.6793714761734009,0.0003121469053439796,-1.04627525806427,1.5716543197631836,0.0890427753329277,-0.8383747339248657,0.24699263274669647
-0.10869523137807846,0.10382507741451263,3.811106944340281e-05,0.05971640348434448,0.008005631156265736,-0.3380005359649658,0.0032210787758231163,-1.6515451669692993,0.0008911367040127516,-1.0459305047988892,1.5699058771133423,0.09878669679164886,-0.7999725341796875,0.34278571605682373
-0.0993090346455574,-0.2110714167356491,-6.66468040435575e-05,-0.00863927323371172,-0.0096336854621768,-0.2673466205596924,0.040276460349559784,-1.6212443113327026,-0.00044807748054154217,-1.0480989217758179,1.5729275941848755,-0.21092326939105988,-0.7620351314544678,0.3863963484764099
-0.030103133991360664,-0.22300565242767334,-4.37269700341858e-05,0.03762742504477501,0.020532289519906044,-0.5484451651573181,0.0415070503950119,-1.5508573055267334,-0.0008110980270430446,-1.0559375286102295,1.5763030052185059,-0.24965591728687286,-0.6723253130912781,0.33419597148895264
-0.01038853544741869,-0.20641987025737762,-3.541884507285431e-05,0.004958731587976217,0.03663359209895134,-0.6570643186569214,0.04129568114876747,-1.4746646881103516,-0.0012419514823704958,-1.0541164875030518,1.5782155990600586,-0.2481335550546646,-0.6374218463897705,0.30356672406196594
-0.028855187818408012,-0.2037670761346817,-2.8689264581771567e-05,-0.24415038526058197,0.024299032986164093,-0.4922616183757782,0.03376630321145058,-1.4541609287261963,-0.001456803409382701,-1.053090214729309,1.5767179727554321,-0.2362976223230362,-0.5712630152702332,0.26038673520088196
-0.02906283177435398,-0.2182355672121048,-2.323830449313391e-05,-0.5330541729927063,0.005621843505650759,-0.10902632027864456,0.014518673531711102,-1.4743651151657104,-0.002315167337656021,-1.052725911140442,1.5737842321395874,-0.22829928994178772,-0.4710809290409088,0.2182280272245407
0.039973072707653046,-0.24248236417770386,-0.00025612543686293066,-0.4707373082637787,-0.0005425125709734857,-0.2810850739479065,-0.025892872363328934,-1.3951901197433472,-0.00136527547147125,-1.0515384674072266,1.5699691772460938,-0.2263895869255066,-0.35871264338493347,0.20957353711128235
0.14467322826385498,-0.24908387660980225,-0.00020746160589624196,-0.265453964471817,0.002504598582163453,-0.5914027094841003,-0.02079208754003048,-1.4401248693466187,-0.0007685188320465386,-1.050403118133545,1.570249080657959,-0.23450791835784912,-0.3522564172744751,0.18642109632492065
0.1716436743736267,-0.24077068269252777,-0.00013611555914394557,-0.43289345502853394,0.01272506546229124,-0.2834162712097168,-0.016766218468546867,-1.5049558877944946,0.0009348604362457991,-1.0492913722991943,1.570469617843628,-0.24039271473884583,-0.27564746141433716,0.2152177095413208
0.18524102866649628,-0.2327977418899536,-0.00011076140071963891,-0.5562970042228699,0.012403584085404873,-0.01603604480624199,-0.0005487713497132063,-1.6098084449768066,0.0006225911783985794,-1.0499716997146606,1.5716558694839478,-0.23906326293945312,-0.24702845513820648,0.20374758541584015
0.22995658218860626,-0.20681622624397278,-8.971673378255218e-05,-0.41778427362442017,0.013060283847153187,-0.217123880982399,0.03890680521726608,-1.5296821594238281,-0.0002648133086040616,-1.0495165586471558,1.574711561203003,-0.23560687899589539,-0.21635325253009796,0.22163383662700653
0.21804559230804443,-0.19381587207317352,-7.449416443705559e-05,-0.5537632703781128,0.012403932400047779,0.05648215860128403,0.03639018163084984,-1.5255111455917358,-0.00017536741506773978,-1.0491321086883545,1.5744330883026123,-0.22392968833446503,-0.17446698248386383,0.25356706976890564
0.23515236377716064,-0.19965068995952606,-6.034027683199383e-05,-0.5553926229476929,0.010219995863735676,0.15217000246047974,-0.005519079975783825,-1.603405475616455,0.0005726562812924385,-1.048686146736145,1.570791482925415,-0.20784318447113037,-0.1433776170015335,0.27430328726768494
0.26380497217178345,-0.21283087134361267,-0.0005053369677625597,-0.41864103078842163,0.009452523663640022,0.032565388828516006,-0.0429915152490139,-1.6359015703201294,0.0009161913185380399,-1.0484082698822021,1.5676722526550293,-0.19865287840366364,-0.16549518704414368,0.29701778292655945
0.2730500102043152,-0.20955096185207367,-0.00040932296542450786,-0.22277358174324036,0.009256482124328613,-0.3392540216445923,-0.03177940845489502,-1.546575665473938,0.0007160682580433786,-1.0478345155715942,1.5686506032943726,-0.19868916273117065,-0.21252745389938354,0.3085436224937439
0.2623666226863861,-0.21687528491020203,-0.0003315515932627022,-0.22280830144882202,-0.0015543279005214572,-0.27254632115364075,-0.031674645841121674,-1.553252935409546,0.00014343489601742476,-1.0477690696716309,1.568045973777771,-0.19971084594726562,-0.2521962821483612,0.2934848666191101
0.24230971932411194,-0.24081267416477203,-0.000268556788796559,-0.2049972116947174,-0.017805306240916252,-0.33416613936424255,-0.04370909556746483,-1.5554044246673584,-0.00027908527408726513,-1.0477145910263062,1.5658624172210693,-0.20547978579998016,-0.25665512681007385,0.31897082924842834
0.1846395581960678,-0.27912506461143494,-0.0002175310073653236,-0.2956065833568573,-0.03710339590907097,-0.19996987283229828,-0.05357085540890694,-1.5475409030914307,-0.00115976482629776,-1.0482193231582642,1.5638505220413208,-0.22310492396354675,-0.2912626564502716,0.2984866797924042
0.18174566328525543,-0.30383673310279846,-0.00017620011931285262,-0.10716448724269867,-0.023639095947146416,-0.4691180884838104,-0.03993739187717438,-1.5495176315307617,-0.0006234340835362673,-1.0476160049438477,1.5658302307128906,-0.2554476857185364,-0.3290766775608063,0.3026967942714691
0.10977081209421158,-0.31061798334121704,-0.00014272209955379367,-0.16365201771259308,0.0032958737574517727,-0.39364874362945557,-0.029232248663902283,-1.6118276119232178,0.0006755590438842773,-1.0466715097427368,1.568135142326355,-0.2886670231819153,-0.4254980683326721,0.2897176742553711
0.04659649729728699,-0.32389429211616516,3.7644767871825024e-05,-0.1954459398984909,0.006140851881355047,-0.28455495834350586,-0.022705791518092155,-1.5632513761520386,0.000775530468672514,-1.0467666387557983,1.5688776969909668,-0.30817508697509766,-0.47612425684928894,0.29247960448265076
0.030920127406716347,-0.350883424282074,3.0393868655664846e-05,-0.16205404698848724,-0.0038126574363559484,-0.10765424370765686,-0.030508728697896004,-1.5593613386154175,0.0006736606592312455,-1.0476447343826294,1.5674996376037598,-0.32550299167633057,-0.480607807636261,0.3666837513446808
-0.11361785233020782,0.1804252415895462,-1.52613029058557e-05,-0.10414093732833862,0.003101223846897483,-0.451562762260437,0.018026812002062798,-1.716708779335022,0.00037440838059410453,-1.045924425125122,1.571466088294983,0.1475447416305542,-0.7562458515167236,0.3220789432525635
-0.12495427578687668,0.31283366680145264,-6.529156053147744e-06,-0.7346634268760681,-0.0052163382060825825,0.368876576423645,-0.037772174924612045,-1.5341694355010986,0.0004415287694428116,-1.046671986579895,1.567052960395813,0.3165178596973419,-0.45473209023475647,0.2425713688135147
-0.009341401979327202,0.36758795380592346,-3.5272039440314984e-06,-0.5651267170906067,-0.0010098194470629096,0.08856160938739777,-0.06745769828557968,-1.5079606771469116,0.0008504398865625262,-1.0465413331985474,1.5644978284835815,0.3919915556907654,-0.3519744873046875,0.2957172989845276
0.018415644764900208,0.35574883222579956,-2.8570352696988266e-06,-0.47080618143081665,-0.001864208490587771,-0.22042331099510193,-0.1083996444940567,-1.6047419309616089,0.0019143358804285526,-1.0466793775558472,1.5611892938613892,0.40320220589637756,-0.38762110471725464,0.2418232560157776
0.0671875849366188,0.23196491599082947,-0.0006508805672638118,-0.580339789390564,-0.01686127483844757,-0.1510554850101471,-0.1101759672164917,-1.4823038578033447,0.00019744910241570324,-1.0493212938308716,1.5613130331039429,0.31350332498550415,-0.2985062003135681,0.17992988228797913
0.12351617962121964,0.18792635202407837,-0.0004270427452865988,-0.41603463888168335,-0.0014253865228965878,-0.2983047068119049,-0.035235874354839325,-1.4773311614990234,0.0005300998454913497,-1.0508308410644531,1.5680739879608154,0.22347500920295715,-0.3159473240375519,0.1895713061094284
0.11599293351173401,0.16163605451583862,-0.0003459046420175582,-0.41058066487312317,-0.0008507317979820073,-0.15667082369327545,-0.027921617031097412,-1.4219815731048584,0.0005070120096206665,-1.0509121417999268,1.5686863660812378,0.19043202698230743,-0.28254443407058716,0.24925892055034637
0.13807867467403412,-0.09429340809583664,3.2280680898111314e-05,-0.3369564712047577,-0.0008948688046075404,-0.2516574561595917,-0.028534622862935066,-1.508623719215393,0.0007684374577365816,-1.047120213508606,1.5681225061416626,-0.06544303894042969,-0.23794879019260406,0.27837318181991577
0.18351583182811737,-0.11920357495546341,0.0003045614867005497,0.002035917714238167,0.0059318263083696365,-0.6063140034675598,-0.021425098180770874,-1.5546118021011353,0.0011124355951324105,-1.0484226942062378,1.5689624547958374,-0.09721606224775314,-0.38073328137397766,0.27668270468711853
0.19268913567066193,-0.12924574315547943,0.0002466948062647134,0.18691234290599823,0.019604552537202835,-0.5654242038726807,-0.010122193023562431,-1.6547322273254395,0.00017368787666782737,-1.0508973598480225,1.5720210075378418,-0.12447622418403625,-0.49079862236976624,0.3059343993663788
0.15842393040657043,-0.12890584766864777,-0.00014006228593643755,0.30461961030960083,0.017262907698750496,-0.5809188485145569,0.0021624802611768246,-1.6994270086288452,-0.0008679620223119855,-1.0501432418823242,1.5743128061294556,-0.1356320083141327,-0.5742655992507935,0.3600691556930542
0.09214774519205093,-0.1396912932395935,-0.00011345044913468882,0.22171401977539062,0.014722301624715328,-0.2567584812641144,-0.0048503088764846325,-1.7671438455581665,-0.00033934597740881145,-1.0497663021087646,1.5725899934768677,-0.13782045245170593,-0.6607546806335449,0.3840146064758301
0.04583200067281723,0.4008707106113434,-3.125961143268796e-07,-0.053132642060518265,-0.025258345529437065,-0.40016239881515503,-0.05854408070445061,-1.725885033607483,0.0010037933243438601,-1.0473929643630981,1.5646694898605347,0.434616357088089,-0.5801425576210022,0.3381590247154236
-0.010124271735548973,0.4241873621940613,0.00033388909650966525,-0.1466466784477234,-0.0030207119416445494,-0.3504486680030823,-0.04503387212753296,-1.6682783365249634,0.0015653229784220457,-1.0473201274871826,1.5667668581008911,0.4374532997608185,-0.6191500425338745,0.28949302434921265
-0.0022646323777735233,0.4339034855365753,0.00027045016759075224,-0.1007896214723587,-0.010537263005971909,-0.36498668789863586,-0.03885922580957413,-1.6852113008499146,0.0009253135649487376,-1.047646164894104,1.566922903060913,0.4495302438735962,-0.6173126697540283,0.2994461953639984
-0.011667640879750252,0.4262610077857971,0.00021906464826315641,-0.1278826892375946,-0.03172098472714424,-0.35366225242614746,-0.03772849589586258,-1.611479640007019,-0.00012389628682285547,-1.047787070274353,1.5658831596374512,0.4566764235496521,-0.6065575480461121,0.31411436200141907
-0.041211798787117004,0.4081405997276306,-0.00020282833429519087,-0.21192756295204163,-0.04637030139565468,-0.3868686258792877,-0.03703245893120766,-1.6465864181518555,-0.0010743732564151287,-1.0478018522262573,1.5652886629104614,0.451694518327713,-0.5955461859703064,0.29470157623291016
-0.0536588616669178,0.3930559456348419,-0.00013307566405273974,-0.3106161057949066,-0.03250517696142197,-0.3051359951496124,-0.026497239246964455,-1.5480191707611084,-0.000781441864091903,-1.051012635231018,1.566962480545044,0.4258852005004883,-0.5851349234580994,0.23507215082645416
0.0017030802555382252,0.36314839124679565,-0.00010769254731712863,-0.18226675689220428,-0.04037969931960106,-0.5079842805862427,-0.03297390416264534,-1.560882806777954,-0.001539700897410512,-1.0503168106079102,1.5659315586090088,0.41108787059783936,-0.5377455949783325,0.25541406869888306
0.029290350154042244,0.2877618670463562,-6.892350211273879e-05,-0.1653319001197815,-0.04615640267729759,-0.356722354888916,-0.022174449637532234,-1.4774316549301147,-0.0025381504092365503,-1.0500844717025757,1.567008137702942,0.3396942615509033,-0.518871009349823,0.27849188446998596
0.045084480196237564,0.041270095854997635,9.282503742724657e-05,0.030393628403544426,-0.02587016299366951,-0.2946985363960266,-0.03689483553171158,-1.7808762788772583,9.486048838880379e-06,-1.0499016046524048,1.565455436706543,0.1010609045624733,-0.6520204544067383,0.35196277499198914
-0.0417945422232151,-0.04687150567770004,7.518828351749107e-05,-0.14148294925689697,-0.03554421663284302,-0.17924438416957855,-0.04256903752684593,-1.6475286483764648,4.649437323678285e-05,-1.0495048761367798,1.5644903182983398,0.026755619794130325,-0.6316450238227844,0.37104856967926025
-0.10029477626085281,-0.1218990609049797,6.090250826673582e-05,-0.304946631193161,-0.026742221787571907,-0.0951685681939125,-0.027305826544761658,-1.7056807279586792,-0.00015840107516851276,-1.0488101243972778,1.5664995908737183,-0.056931111961603165,-0.6180992722511292,0.34552001953125
-0.1260586827993393,-0.2073809802532196,4.93310290039517e-05,-0.38453051447868347,-0.02317379228770733,-0.07989326119422913,-0.03311840444803238,-1.666453242301941,0.00013944096281193197,-1.048839807510376,1.5662870407104492,-0.14143499732017517,-0.6254304647445679,0.28779900074005127
-0.11445549130439758,-0.2822710871696472,3.9958133129402995e-05,-0.36858031153678894,-0.0170434582978487,-0.10135632753372192,-0.011926922015845776,-1.5561425685882568,-0.0002395182818872854,-1.0487110614776611,1.5684939622879028,-0.22638173401355743,-0.5880858302116394,0.2878420948982239
-0.10093089193105698,-0.33875933289527893,3.2366089726565406e-05,-0.43251699209213257,-0.010495209135115147,0.13151516020298004,0.03352642059326172,-1.6563544273376465,-0.0013473634608089924,-1.048435926437378,1.5729119777679443,-0.3099529445171356,-0.5498255491256714,0.32573115825653076
-0.0670161098241806,-0.3814445734024048,2.650757051014807e-05,-0.40494346618652344,-0.01026302669197321,0.19636748731136322,0.08468709141016006,-1.7373868227005005,-0.0018595005385577679,-1.0473642349243164,1.5775158405303955,-0.3821222484111786,-0.5473839640617371,0.34993523359298706
-0.06754899770021439,-0.3682885766029358,5.444871203508228e-05,0.13144433498382568,0.008789322338998318,-0.9286254644393921,-0.01579083316028118,-1.2717053890228271,-0.002973143942654133,-1.0438957214355469,1.5757397413253784,-0.35432446002960205,-0.6599026322364807,0.30978310108184814
-0.09694214910268784,-0.36516693234443665,4.410344627103768e-05,-0.08905159682035446,0.024115754291415215,-0.8290101289749146,-0.005960722453892231,-1.2750097513198853,-0.003575652837753296,-1.0444905757904053,1.578009843826294,-0.36988911032676697,-0.6432238221168518,0.21570181846618652
-0.13314788043498993,-0.3467732071876526,3.574303991626948e-05,-0.36086928844451904,0.05156668275594711,-0.49664515256881714,-0.0055586001835763454,-1.2922524213790894,7.060818461468443e-05,-1.045096516609192,1.577650547027588,-0.37432366609573364,-0.5811567306518555,0.1861916333436966
-0.15395280718803406,-0.3219030201435089,0.000955738069023937,-0.5569005012512207,0.057378944009542465,-0.2972465753555298,0.007609848864376545,-1.296244502067566,0.001981917303055525,-1.0455929040908813,1.5778652429580688,-0.367034375667572,-0.4930877685546875,0.18305814266204834
-0.15528832376003265,-0.31505829095840454,0.0007741478621028364,-0.7507701516151428,0.046193309128284454,-0.010885747149586678,-0.0031618091743439436,-1.3524051904678345,0.001762952539138496,-1.0466625690460205,1.5757629871368408,-0.3486277759075165,-0.4428822100162506,0.14027029275894165
-0.1381629854440689,-0.32457736134529114,0.0006270597805269063,-0.8434580564498901,0.03683963418006897,0.1074162945151329,-0.048795998096466064,-1.4181320667266846,0.0025018539745360613,-1.0434303283691406,1.5709978342056274,-0.32738980650901794,-0.3958721160888672,0.11900505423545837
-0.11311798542737961,-0.3248193562030792,0.0004459196061361581,-0.797444760799408,0.0299452543258667,-0.021473318338394165,-0.06213613972067833,-1.4535000324249268,0.0023899830412119627,-1.0441176891326904,1.56917142868042,-0.31395548582077026,-0.401296466588974,0.08349916338920593
0.0711134523153305,-0.35277050733566284,0.00015026198525447398,-0.36279168725013733,0.007074895314872265,-0.30323249101638794,-0.06616512686014175,-1.5832027196884155,0.001770546892657876,-1.0482754707336426,1.5665719509124756,-0.3236449658870697,-0.3994181156158447,0.22525230050086975
0.08484169095754623,-0.3595368266105652,0.0001217122990055941,-0.3088172674179077,0.0069453832693398,-0.27777430415153503,-0.05261646956205368,-1.568556547164917,0.0015154114225879312,-1.0480647087097168,1.567530632019043,-0.3332529664039612,-0.4253236949443817,0.2334006279706955
0.06248985975980759,-0.37664085626602173,9.839161793934181e-05,-0.47986719012260437,0.002015150850638747,0.12299995869398117,-0.059977736324071884,-1.6136313676834106,0.0015273827593773603,-1.048218011856079,1.5664783716201782,-0.3454143702983856,-0.3769685924053192,0.2980964481830597
0.044002898037433624,-0.3826577663421631,7.969720900291577e-05,-0.5352268815040588,0.0011044888524338603,0.1615426242351532,-0.04063163325190544,-1.6389904022216797,0.0012194119626656175,-1.0480180978775024,1.5679905414581299,-0.3592725098133087,-0.3419684171676636,0.31951019167900085
0.01994522660970688,-0.3931289315223694,3.2319345336873084e-05,-0.443024218082428,0.0010951226577162743,-0.2701326608657837,-0.03595168516039848,-1.5796493291854858,0.0009940464515239,-1.0456290245056152,1.5683906078338623,-0.37174472212791443,-0.3977241516113281,0.24500316381454468
0.05739821121096611,-0.2779363691806793,-3.9685175579506904e-05,-0.28391891717910767,-0.0043460470624268055,-0.4639028012752533,-0.03067662939429283,-1.2766189575195312,0.0007457330939359963,-1.0466134548187256,1.5679534673690796,-0.2673741579055786,-0.3144221603870392,0.23171070218086243
0.10437376797199249,-0.26715850830078125,-3.214499156456441e-05,-0.08922610431909561,2.4783739718259312e-05,-0.5841284394264221,-0.027102919295430183,-1.311368703842163,0.0008151232614181936,-1.0420551300048828,1.5682035684585571,-0.2566528916358948,-0.36015406250953674,0.29197314381599426
0.1060483455657959,-0.23746126890182495,-2.6037443603854626e-05,-0.03020329214632511,0.025052141398191452,-0.598914384841919,-0.019932150840759277,-1.434143304824829,0.0016629085876047611,-1.0400981903076172,1.5704506635665894,-0.24864932894706726,-0.4147143065929413,0.3103925883769989
0.10253460705280304,-0.2221275418996811,-2.109026536345482e-05,0.06441229581832886,0.015369200147688389,-0.6692906022071838,-0.017674356698989868,-1.362317442893982,0.0014740900369361043,-1.0414621829986572,1.569828987121582,-0.2303036004304886,-0.46163856983184814,0.3049199879169464
-0.10238663852214813,0.04358923062682152,4.612660632119514e-06,0.12270008027553558,0.012029565870761871,-0.47929006814956665,0.025893468409776688,-1.7855638265609741,-0.0002639939193613827,-1.0435279607772827,1.5738238096237183,0.008075885474681854,-0.8491747379302979,0.32909947633743286
-0.15142247080802917,0.06917059421539307,3.7362551665864885e-06,-0.0922807976603508,0.0025386179331690073,-0.14366331696510315,0.014604693278670311,-1.8131145238876343,0.00010213891800958663,-1.0466033220291138,1.571813941001892,0.047647055238485336,-0.8348357677459717,0.3347902297973633
-0.17295339703559875,0.07859813421964645,3.026366812264314e-06,-0.1719072461128235,-0.00913049653172493,0.046390876173973083,-0.017093606293201447,-1.7744299173355103,0.0009735228959470987,-1.0466647148132324,1.568190336227417,0.07657336443662643,-0.7815847396850586,0.3839285969734192
-0.0912420004606247,0.19509446620941162,1.055586722031876e-06,0.17344124615192413,-0.005788994021713734,-0.6467141509056091,0.021961301565170288,-1.5506523847579956,-0.00044829960097558796,-1.040789246559143,1.5728724002838135,0.16313086450099945,-0.7557170987129211,0.3769197463989258
-0.0739532932639122,0.2364354431629181,8.589445883444569e-07,0.24523143470287323,-0.006689594592899084,-0.8181654810905457,0.01291798148304224,-1.4748047590255737,0.0004201362608000636,-1.0424526929855347,1.5706729888916016,0.21170714497566223,-0.7724382281303406,0.3072410523891449
-0.06133996322751045,0.28684911131858826,6.957450864319981e-07,0.2788858413696289,-0.004296695813536644,-0.7847392559051514,0.01546008512377739,-1.4335157871246338,-0.0005174592370167375,-1.0433597564697266,1.572688341140747,0.25554150342941284,-0.7549765110015869,0.31179556250572205
-0.01669212244451046,-0.391232967376709,-9.542031330056489e-05,-0.29095208644866943,0.013464692048728466,-0.0472986064851284,0.0044296202249825,-1.6182307004928589,-0.00048252573469653726,-1.0445504188537598,1.5736991167068481,-0.39249664545059204,-0.5363933444023132,0.35322698950767517
-0.02608289010822773,-0.40833836793899536,-0.00012815748050343245,-0.40506744384765625,0.010607837699353695,0.006928202696144581,-6.747918814653531e-05,-1.690007209777832,-0.00029195481329225004,-1.0450499057769775,1.572786808013916,-0.40569543838500977,-0.49510616064071655,0.33918285369873047
0.07500296086072922,-0.3277049958705902,0.00013219164975453168,-0.7799007296562195,-0.0010404065251350403,0.4076329171657562,0.09550774097442627,-1.7818968296051025,0.0006003872258588672,-1.0473673343658447,1.5775340795516968,-0.39085397124290466,-0.3168765604496002,0.1681511104106903
0.06978035718202591,-0.2636364996433258,0.00010707523324526846,-0.6717881560325623,-0.002714579226449132,0.3217770755290985,0.09090776741504669,-1.6832762956619263,0.0010202620178461075,-1.0474157333374023,1.5773757696151733,-0.33413925766944885,-0.3020883798599243,0.22074690461158752
0.04795557260513306,-0.1844157576560974,8.673094271216542e-05,-0.5623167753219604,-0.004276811145246029,0.13765528798103333,0.09745127707719803,-1.6027082204818726,0.0010457208845764399,-1.0474302768707275,1.5781619548797607,-0.2644294798374176,-0.31561097502708435,0.2733333110809326
0.04339417815208435,-0.11692747473716736,7.025206286925822e-05,-0.5370213389396667,-0.002808969933539629,0.2582000195980072,0.06770271807909012,-1.679703712463379,0.0008962317369878292,-1.0474227666854858,1.5758153200149536,-0.18450641632080078,-0.3533955216407776,0.2927432656288147
0.0887439176440239,-0.039831001311540604,5.688579403795302e-05,-0.1766928881406784,-0.001641227863729,-0.2341325730085373,0.06217319145798683,-1.6711151599884033,0.0004791674145963043,-1.0467510223388672,1.5755099058151245,-0.10501383244991302,-0.4250545799732208,0.32656770944595337
0.08117327094078064,0.05485979840159416,4.60774936072994e-05,-0.009439477697014809,0.018215501680970192,-0.47101396322250366,0.06168508529663086,-1.667480707168579,0.0008259895839728415,-1.0455353260040283,1.5768133401870728,-0.02415369264781475,-0.528275191783905,0.3224404752254486
0.08756474405527115,0.1365719437599182,3.732277036760934e-05,0.1683664619922638,0.011266782879829407,-0.6069966554641724,0.04751347005367279,-1.6175336837768555,0.000953161041252315,-1.0458663702011108,1.574850082397461,0.06744265556335449,-0.6026549339294434,0.30838072299957275
0.05523133650422096,0.20273445546627045,3.0234865334932692e-05,0.10507547855377197,0.006269508507102728,-0.26336538791656494,0.02999369241297245,-1.6112349033355713,0.0015955405542626977,-1.046345829963684,1.5719102621078491,0.15059618651866913,-0.6150343418121338,0.3789081871509552
-0.018270818516612053,-0.04994599521160126,2.5101298888330348e-06,-0.022845908999443054,0.005372658837586641,-0.4579645097255707,0.007228929083794355,-1.682648777961731,-4.839690154767595e-05,-1.0483901500701904,1.5709584951400757,-0.03290105238556862,-0.7124282717704773,0.3300060033798218
0.010078194551169872,-0.07529246062040329,2.033205191764864e-06,-0.11829952895641327,0.025054357945919037,-0.4499551057815552,0.009196268394589424,-1.5645629167556763,0.0005608356441371143,-1.0482550859451294,1.5723885297775269,-0.07436095178127289,-0.6176192164421082,0.29335838556289673
0.05589383468031883,-0.11394327878952026,1.6468962940052734e-06,-0.11563564836978912,0.00920184887945652,-0.5715546607971191,0.006379725411534309,-1.5050276517868042,-0.000188706602784805,-1.0437833070755005,1.5715583562850952,-0.10510803014039993,-0.532963752746582,0.2725200057029724
0.11310490220785141,-0.16986390948295593,1.33398600610235e-06,-0.03166881948709488,-0.02057293802499771,-0.7621710896492004,0.005090778227895498,-1.44316828250885,-0.0017467673169448972,-1.044244408607483,1.570349931716919,-0.13998712599277496,-0.4969097077846527,0.23330307006835938
0.10470521450042725,-0.2108246386051178,1.080528591046459e-06,-0.2371225655078888,-0.01120386179536581,-0.533538281917572,0.0037828763015568256,-1.4265459775924683,-0.0009333963389508426,-1.0449212789535522,1.5705108642578125,-0.18531444668769836,-0.4451828896999359,0.22458723187446594
0.10491111874580383,-0.2623053789138794,8.752281814849994e-07,-0.4073324501514435,-0.01765132136642933,-0.2956816256046295,-0.0018705485854297876,-1.4272499084472656,-0.0015283238608390093,-1.0452474355697632,1.5697623491287231,-0.22877290844917297,-0.34214186668395996,0.2229863852262497
0.11886976659297943,-0.32710912823677063,-0.00022509160044137388,-0.508985161781311,-0.021200308576226234,-0.17359639704227448,-0.024058282375335693,-1.5358500480651855,-0.0014350877609103918,-1.0398063659667969,1.5676485300064087,-0.2775602638721466,-0.293241947889328,0.21430374681949615
0.11212142556905746,-0.3767203390598297,-0.0001823241909733042,-0.654669463634491,-0.01710224710404873,0.06729687005281448,-0.011381994001567364,-1.61786949634552,-0.0013397767907008529,-1.0418392419815063,1.5688490867614746,-0.3345053791999817,-0.27877652645111084,0.18550603091716766
0.08489684760570526,-0.40913885831832886,-0.00014768260007258505,-0.8438665270805359,-0.015438409522175789,0.44670048356056213,0.02629880979657173,-1.594207763671875,-0.0012358735548332334,-1.0430512428283691,1.5721687078475952,-0.39130112528800964,-0.22454623878002167,0.19184353947639465
-0.09636622667312622,-0.09506234526634216,-0.00032146813464351,-0.1611558496952057,0.0046975743025541306,-0.43145182728767395,0.04268142208456993,-1.625768780708313,-0.000713473535142839,-1.0474011898040771,1.5762901306152344,-0.14475665986537933,-0.6305667161941528,0.30202537775039673
-0.12972469627857208,-0.06279908865690231,-0.00026038920623250306,-0.2541635036468506,-0.01471562497317791,-0.32213452458381653,0.02794226072728634,-1.7153033018112183,-0.0017789156408980489,-1.0520567893981934,1.5738633871078491,-0.08976534008979797,-0.7059147953987122,0.2538319528102875
-0.14681392908096313,-0.02874143049120903,-0.0005527088069356978,-0.31930312514305115,-0.01758759282529354,-0.1413402110338211,0.01699158363044262,-1.6857867240905762,-0.0017545947339385748,-1.0511374473571777,1.5726087093353271,-0.04738479107618332,-0.7044349908828735,0.2573851943016052
-0.15196417272090912,-0.009768170304596424,-0.0004476941248867661,-0.3546184301376343,-0.020070377737283707,-0.07464363425970078,-0.017215562984347343,-1.5778030157089233,-0.0007435816223733127,-1.0502017736434937,1.56923508644104,-0.009294973686337471,-0.639298677444458,0.30813899636268616
-0.16239860653877258,-0.0051220995374023914,-0.0006701828679069877,-0.38249221444129944,-0.021107040345668793,-0.1400100141763687,-0.061306338757276535,-1.5796033143997192,0.0006055068806745112,-1.0496113300323486,1.565086007118225,0.021363452076911926,-0.6037835478782654,0.3112742006778717
-0.17492134869098663,-0.013704804703593254,-0.0005428481381386518,-0.4347075819969177,-0.027573246508836746,-0.21825139224529266,-0.10068537294864655,-1.5545434951782227,0.001251431880518794,-1.0506250858306885,1.561230182647705,0.0404406301677227,-0.6252522468566895,0.24744242429733276
-0.18297399580478668,-0.035666998475790024,-0.0004397069860715419,-0.5330854058265686,-0.0346432700753212,-0.12250058352947235,-0.13059481978416443,-1.4665400981903076,0.0012365342117846012,-1.051587462425232,1.5583240985870361,0.045911408960819244,-0.5996813774108887,0.210911363363266
-0.17374257743358612,-0.041664451360702515,-0.00035616266541182995,-0.7094148993492126,-0.029381245374679565,0.2812221944332123,-0.11583071202039719,-1.4636586904525757,0.0011914841597899795,-1.0510766506195068,1.5598139762878418,0.03600803390145302,-0.5002335906028748,0.24424190819263458
-0.07395628839731216,-0.0337522067129612,-0.00023367832181975245,-0.5726051926612854,-0.021177174523472786,0.12251827865839005,-0.052838556468486786,-1.4526432752609253,0.0008767318213358521,-1.049972414970398,1.5659211874008179,0.0050419047474861145,-0.41940751671791077,0.28711843490600586
-0.05092335492372513,-0.08136160671710968,-0.00026191561482846737,-0.4995957911014557,-0.014643837697803974,-0.10033045709133148,-0.09356850385665894,-1.409882664680481,0.0020004590041935444,-1.0489550828933716,1.5623528957366943,-0.017308205366134644,-0.37492644786834717,0.2797701060771942
-0.0547456257045269,-0.1283150464296341,-0.00021215164451859891,-0.5505096316337585,-0.016691243276000023,-0.06800688803195953,-0.13551568984985352,-1.4004864692687988,0.003023505909368396,-1.0488660335540771,1.5587350130081177,-0.04001976177096367,-0.3905031085014343,0.2577541470527649
-0.06435589492321014,-0.1604546457529068,-0.00017184283933602273,-0.668882429599762,-0.014386695809662342,0.1774263232946396,-0.12348893284797668,-1.4916605949401855,0.0028188249561935663,-1.0503747463226318,1.5597035884857178,-0.0742315798997879,-0.3743148148059845,0.24871645867824554
-0.04770871251821518,-0.1752225160598755,-0.0001391926925862208,-0.5741916298866272,-0.012032078579068184,-0.07631690800189972,-0.07209459692239761,-1.4531277418136597,0.0017804582603275776,-1.049681305885315,1.564201831817627,-0.11679591238498688,-0.37944677472114563,0.23717065155506134
-0.02242914028465748,-0.17245635390281677,-0.00011274608550593257,-0.6013345122337341,-0.0070383804850280285,0.012834740802645683,-0.006453755311667919,-1.5204710960388184,0.00029620088753290474,-1.0493133068084717,1.5696572065353394,-0.15209022164344788,-0.3907126486301422,0.20711657404899597
0.032484330236911774,-0.15529988706111908,-9.132432751357555e-05,-0.3766394257545471,0.0006641311920247972,-0.38797134160995483,0.05987193062901497,-1.4432783126831055,-0.0007871782290749252,-1.0463744401931763,1.5754473209381104,-0.17766575515270233,-0.390654057264328,0.21222800016403198
0.0687025934457779,-0.15368209779262543,-7.397207809844986e-05,-0.3303885757923126,0.0046598827466368675,-0.3317498564720154,0.05509511008858681,-1.5233843326568604,-0.00026256911223754287,-1.0465669631958008,1.575490117073059,-0.18339531123638153,-0.41768768429756165,0.21277610957622528
0.10878157615661621,-0.1437559276819229,-6.115956057328731e-05,-0.3485148847103119,0.011245007626712322,-0.024866897612810135,0.05910618603229523,-1.5928736925125122,-9.349969332106411e-05,-1.0482447147369385,1.5763049125671387,-0.17881634831428528,-0.38448670506477356,0.28232160210609436
-0.11153151839971542,0.10205547511577606,5.832506940350868e-05,-0.5182223320007324,0.00599639443680644,-0.40043482184410095,0.001425472553819418,-1.43285071849823,0.0010951552540063858,-1.051592230796814,1.5712801218032837,0.06597863882780075,-0.5212371349334717,0.1754060685634613
0.09993746876716614,0.16250616312026978,-0.00011600755533436313,-0.2889440655708313,0.00825374387204647,-0.10300123691558838,-0.029645774513483047,-1.5712862014770508,0.0002132537920260802,-1.0470819473266602,1.5684047937393188,0.1858958750963211,-0.3365214765071869,0.2975427210330963
-0.21426157653331757,-0.1849856972694397,-2.4775117708486505e-06,-0.025187714025378227,-0.0033173265401273966,-0.7785459756851196,0.010898759588599205,-1.4811010360717773,0.0011714394204318523,-1.0442440509796143,1.5690510272979736,-0.18715718388557434,-0.8538044691085815,0.2675537168979645
0.12050583958625793,-0.3194318413734436,-2.1548703443841077e-05,-0.4349500238895416,-0.0062321568839251995,-0.19824162125587463,-0.04344022646546364,-1.4408551454544067,0.0003468794748187065,-1.0456854104995728,1.5668983459472656,-0.2807178199291229,-0.2524479031562805,0.20967215299606323
0.1770211011171341,-0.3508572578430176,-1.7454449334763922e-05,-0.24483515322208405,-0.0052290563471615314,-0.15564845502376556,-0.035494085401296616,-1.54166579246521,0.0002648471563588828,-1.047276258468628,1.5675907135009766,-0.3134274184703827,-0.2848048806190491,0.3067738711833954
0.047928761690855026,-0.20625048875808716,-2.9875722248107195e-05,-0.37908583879470825,-0.003709659446030855,0.028289273381233215,-0.0016351861413568258,-1.5846866369247437,0.002494372893124819,-1.0455679893493652,1.570198655128479,-0.22843283414840698,-0.4255726933479309,0.3612401783466339
0.05342547595500946,-0.19545356929302216,-2.41993348026881e-05,-0.42425981163978577,-0.005347942467778921,0.024388492107391357,-0.06214845925569534,-1.6004716157913208,0.0037661860696971416,-1.0458197593688965,1.564687967300415,-0.18370451033115387,-0.38316208124160767,0.33085814118385315
0.04964989423751831,-0.17106536030769348,-1.955735388037283e-05,-0.49977433681488037,-0.004831534810364246,0.14271560311317444,-0.06573797762393951,-1.5223278999328613,0.003465364221483469,-1.046170711517334,1.5644712448120117,-0.15191100537776947,-0.3462545871734619,0.32752513885498047
0.131170853972435,-0.14322999119758606,-0.0004780757590197027,-0.08034968376159668,-0.014580133371055126,-0.43668025732040405,-0.06217088922858238,-1.3928841352462769,0.0021123946644365788,-1.047304630279541,1.5643770694732666,-0.11131840944290161,-0.3695167005062103,0.3409554064273834
0.08853189647197723,-0.10108485817909241,-0.0002540681161917746,0.1739635169506073,-0.0011603054590523243,-0.8644031286239624,-0.038996387273073196,-1.3941011428833008,0.0025521430652588606,-1.0409481525421143,1.5646528005599976,-0.07976140081882477,-0.5283189415931702,0.2897222936153412
0.029288485646247864,-0.09066528081893921,-0.00020579516422003508,0.06558098644018173,0.006055627949535847,-0.7511252760887146,-0.02591242827475071,-1.3506639003753662,0.0010065515525639057,-1.0432261228561401,1.5681742429733276,-0.08240923285484314,-0.5525808930397034,0.2750811278820038
-0.0014426829293370247,-0.08280440419912338,-0.00019586316193453968,0.08709551393985748,0.0060190474614501,-0.7801054120063782,-0.020744474604725838,-1.2999953031539917,0.0007686085300520062,-1.0397483110427856,1.568791151046753,-0.07814227789640427,-0.5504084825515747,0.29900214076042175
-0.041864946484565735,-0.08864066749811172,6.523180491058156e-05,0.018641356378793716,-0.007328255567699671,-0.710225522518158,-0.022065376862883568,-1.4244354963302612,0.0012888022465631366,-1.0366709232330322,1.5670043230056763,-0.07405000925064087,-0.5963954329490662,0.2902764678001404
-0.0734681561589241,-0.08078572154045105,5.283775681164116e-05,0.0024518014397472143,0.003025798825547099,-0.6904688477516174,-0.01592233218252659,-1.3752837181091309,0.0009434690000489354,-1.0386643409729004,1.56875741481781,-0.07542542368173599,-0.6331722736358643,0.269794762134552
-0.07754938304424286,-0.055615007877349854,4.279858330846764e-05,0.014867820776998997,0.0268437210470438,-0.7143822312355042,-0.00837902445346117,-1.4517185688018799,0.0007848629029467702,-1.0392534732818604,1.5716768503189087,-0.07129517197608948,-0.648928701877594,0.2818555235862732
-0.11461744457483292,-0.016061050817370415,3.4666922147152945e-05,-0.03815168887376785,0.05037319287657738,-0.669994592666626,-0.001624019118025899,-1.383091926574707,0.0005548285553231835,-1.0407767295837402,1.5744431018829346,-0.05373508855700493,-0.673894464969635,0.25870949029922485
-0.12880970537662506,0.012604007497429848,7.851578993722796e-05,-0.10085874050855637,0.044320330023765564,-0.433572381734848,-0.001163469278253615,-1.3885176181793213,0.0006091485847719014,-1.0419985055923462,1.5739578008651733,-0.025251997634768486,-0.6459671258926392,0.30519556999206543
-0.12240558862686157,-0.009431791491806507,-2.3696695279795676e-05,-0.11029761284589767,-0.051543135195970535,-0.5446704626083374,-0.09877582639455795,-1.4025440216064453,0.001087495475076139,-1.046643853187561,1.5575135946273804,0.07415946573019028,-0.6292685866355896,0.34004947543144226
-0.11776179820299149,-0.02611493691802025,-1.847050225478597e-05,-0.15306830406188965,-0.04786673188209534,-0.5483525395393372,-0.08050080388784409,-1.4427871704101562,0.0005372822051867843,-1.0471614599227905,1.559644103050232,0.049662161618471146,-0.6496981382369995,0.26718950271606445
-0.13944679498672485,-0.0527203194797039,-1.765514571161475e-05,-0.23116488754749298,-0.05240729823708534,-0.6108779311180115,-0.06652247905731201,-1.3976974487304688,-0.0007503811502829194,-1.0445353984832764,1.5609972476959229,0.02189711481332779,-0.6408129334449768,0.23384027183055878
-0.10166697949171066,-0.1922496110200882,-1.6466648276036722e-06,-0.36391621828079224,-0.06048278138041496,-0.17697571218013763,-0.03984489664435387,-1.4218292236328125,-0.004357056226581335,-1.049798607826233,1.564819574356079,-0.11571964621543884,-0.5494861602783203,0.24802236258983612
0.044108763337135315,-0.2766478955745697,-7.088352163009404e-07,0.09551618993282318,0.02069074660539627,-0.5996255278587341,0.04048055037856102,-1.5731539726257324,-0.004527362063527107,-1.042706847190857,1.5801856517791748,-0.300544798374176,-0.5947379469871521,0.34181612730026245
0.04008054733276367,-0.2648738622665405,-5.739989319408778e-07,0.11501120775938034,0.027816621586680412,-0.6531272530555725,0.04254172369837761,-1.4819830656051636,-0.005011405795812607,-1.0434719324111938,1.5818322896957397,-0.3010864853858948,-0.6090491414070129,0.3118610084056854
0.05716565251350403,-0.24027779698371887,-4.6493914851453155e-07,0.1664067804813385,0.030257094651460648,-0.5969106554985046,0.043412573635578156,-1.565326452255249,-0.005316271912306547,-1.043393611907959,1.5828288793563843,-0.2856314480304718,-0.6065784692764282,0.33374589681625366
-0.03684528172016144,0.142291858792305,-8.151379006449133e-05,-0.05983270704746246,0.008625298738479614,-0.35297614336013794,-0.038389209657907486,-1.818132758140564,0.0008036249782890081,-1.0476977825164795,1.5680553913116455,0.15546667575836182,-0.7375374436378479,0.35856232047080994
0.06483933329582214,-0.14461371302604675,0.0001635424414416775,-0.680552065372467,-0.002683563856408,0.2569196820259094,0.0832294151186943,-1.693306565284729,-0.0016638131346553564,-1.0470659732818604,1.5769973993301392,-0.1697978377342224,-0.3343571126461029,0.16613519191741943
0.04898196831345558,-0.13904711604118347,0.0001324693876085803,-0.5907519459724426,-0.004953785799443722,0.21331804990768433,0.10248558223247528,-1.568447232246399,-0.0011809103889390826,-1.0471636056900024,1.578749179840088,-0.1820734739303589,-0.3058738708496094,0.2676885426044464
0.012918299064040184,-0.09830738604068756,0.0003519633028190583,-0.4628468155860901,-0.005631676409393549,-0.10524725914001465,0.11178278177976608,-1.6258196830749512,-0.0007592971087433398,-1.047119140625,1.5800098180770874,-0.15520887076854706,-0.40671443939208984,0.2716258466243744
0.018595987930893898,-0.08179198950529099,0.00018669397104531527,-0.5050833225250244,-0.009300136007368565,-0.04844670742750168,0.03099648840725422,-1.6218425035476685,-0.000495344283990562,-1.0497967004776,1.5733733177185059,-0.09633175283670425,-0.43340250849723816,0.21020884811878204
0.03139401227235794,-0.05544619262218475,0.0001512221060693264,-0.4605633318424225,-0.004993895068764687,-0.14101606607437134,0.057461317628622055,-1.6350996494293213,-0.001070967293344438,-1.049194574356079,1.5755404233932495,-0.08537334203720093,-0.4223659038543701,0.2313229888677597
0.024329332634806633,-0.041053708642721176,0.00012248991697560996,-0.4416908919811249,-0.004467339720577002,-0.17710386216640472,0.044000376015901566,-1.6245845556259155,-0.0008499504765495658,-1.0492676496505737,1.5744303464889526,-0.06817816942930222,-0.44125765562057495,0.21563220024108887
0.02035166323184967,-0.01690431497991085,9.921682794811204e-05,-0.49778011441230774,-0.0019490491831675172,0.07151608169078827,0.05101323500275612,-1.6619346141815186,-0.0009726829594001174,-1.0490490198135376,1.575042963027954,-0.04814068600535393,-0.4392439126968384,0.2376190721988678
0.04793793708086014,-0.0038842209614813328,8.036562940105796e-05,-0.35495105385780334,-0.002216546330600977,-0.06615374982357025,0.027025189250707626,-1.684221863746643,-0.0004020488995593041,-1.0468553304672241,1.572861671447754,-0.0256790891289711,-0.4256182312965393,0.2921135425567627
0.06826968491077423,-0.008127177134156227,6.490457599284127e-05,-0.20957477390766144,-0.009502442553639412,-0.2351968139410019,-0.014607029967010021,-1.6156409978866577,0.0004487969563342631,-1.0482730865478516,1.568842887878418,-0.004550945479422808,-0.4619837999343872,0.31068772077560425
0.054107002913951874,0.001007862389087677,5.257270822767168e-05,-0.35638418793678284,-0.010515854693949223,0.1991608440876007,-0.01217114832252264,-1.6690599918365479,0.00023624674940947443,-1.0498683452606201,1.5689611434936523,0.006333203986287117,-0.4494280219078064,0.35912856459617615
0.11502090096473694,0.011158366687595844,2.7413580028223805e-05,0.030229099094867706,-0.009835119359195232,-0.37306612730026245,-0.010113733820617199,-1.7342058420181274,-3.063073745579459e-05,-1.0475882291793823,1.569293737411499,0.01779872737824917,-0.511227548122406,0.3914220929145813
0.11675801128149033,-0.004355274606496096,2.2205000277608633e-05,0.1568601131439209,-0.018149694427847862,-0.5692618489265442,-0.017634017392992973,-1.7227871417999268,0.0006624152301810682,-1.0474790334701538,1.5671638250350952,0.016093097627162933,-0.606733500957489,0.31801965832710266
0.07183900475502014,-0.009130984544754028,1.7986050806939602e-05,0.20017777383327484,-0.013209974393248558,-0.798610508441925,-0.010455708019435406,-1.6759138107299805,-4.226337841828354e-05,-1.046916127204895,1.5691550970077515,0.002458364935591817,-0.6614184975624084,0.2892927825450897
0.018584992736577988,0.040449704974889755,9.55852465267526e-06,0.3610919415950775,-0.004433981608599424,-0.830412745475769,-0.002482405863702297,-1.7318130731582642,-0.0008402167586609721,-1.0470701456069946,1.5714105367660522,0.036696989089250565,-0.8013875484466553,0.2755802273750305
0.047148387879133224,0.04145435616374016,7.742404704913497e-06,0.5622670650482178,-0.0033516520634293556,-0.9248568415641785,-0.004610501695424318,-1.6052942276000977,-0.0003426580224186182,-1.0471101999282837,1.570284128189087,0.04555756598711014,-0.8233187794685364,0.2744883596897125
-0.10215305536985397,-0.17243075370788574,5.104203592054546e-05,0.4058937430381775,0.0020426351111382246,-0.9328585267066956,-0.013724173419177532,-1.4959924221038818,0.0001982713583856821,-1.0453113317489624,1.5694024562835693,-0.1573624610900879,-0.8770467042922974,0.30958783626556396
-0.12098665535449982,-0.17727091908454895,4.134404662181623e-05,0.32266154885292053,0.0015704453689977527,-0.8898321390151978,-0.00672750361263752,-1.4238218069076538,-0.0004941315273754299,-1.0462501049041748,1.5714898109436035,-0.17244701087474823,-0.8450177907943726,0.29439181089401245
-0.12891073524951935,-0.19063903391361237,3.348867903696373e-05,0.26728564500808716,0.0005697074811905622,-0.940019965171814,-0.010419188067317009,-1.373513102531433,0.00045573129318654537,-1.0464279651641846,1.5692977905273438,-0.17857642471790314,-0.8088601231575012,0.3022725284099579
-0.09679707139730453,-0.19495411217212677,2.7125834094476886e-05,0.2710164785385132,0.002303126035258174,-0.930637001991272,-0.0030594004783779383,-1.3932478427886963,-0.0007143919356167316,-1.0465755462646484,1.5719361305236816,-0.19166898727416992,-0.7933381199836731,0.26964980363845825
-0.01446490827947855,-0.187996506690979,-0.00016180315287783742,0.4605579674243927,0.0034510751720517874,-1.0478302240371704,0.003274824470281601,-1.4916108846664429,-0.0017022986430674791,-1.04618501663208,1.5741256475448608,-0.193217933177948,-0.7928666472434998,0.2655040919780731
0.029957709833979607,-0.1926175206899643,-0.00013106055848766118,0.5676313638687134,0.0030730469152331352,-1.0066969394683838,1.3398080227489118e-05,-1.5102952718734741,-0.0010268649784848094,-1.0483613014221191,1.5723308324813843,-0.18996421992778778,-0.8022103905677795,0.2687893211841583
0.019532622769474983,-0.11026932299137115,-0.0001967065327335149,0.4665927588939667,0.00694005424156785,-0.8768622279167175,0.046888574957847595,-1.6609704494476318,0.001047867233864963,-1.048689365386963,1.570831537246704,-0.14543205499649048,-0.7835423350334167,0.33623459935188293
0.02924608439207077,-0.10354627668857574,-0.00015933095710352063,0.6516074538230896,0.006093241274356842,-1.0743513107299805,0.03487487509846687,-1.6421791315078735,0.0011834404431283474,-1.0484211444854736,1.5696666240692139,-0.12432151287794113,-0.8607633113861084,0.256680428981781
0.014542091637849808,-0.11098578572273254,-0.00012905808398500085,0.6780675053596497,0.005338866729289293,-0.9931340217590332,0.0262552909553051,-1.6050543785095215,0.0011434402549639344,-1.0499383211135864,1.5690912008285522,-0.12042251974344254,-0.8884727358818054,0.25894832611083984
0.06247302144765854,-0.18458831310272217,0.0002385683765169233,0.10568146407604218,0.055570319294929504,-0.6045448184013367,0.0489741712808609,-1.5600850582122803,-0.0004985271370969713,-1.0455478429794312,1.5793668031692505,-0.237254336476326,-0.5670443177223206,0.37226852774620056
0.06689025461673737,-0.1864364743232727,0.00019324039749335498,0.1568487137556076,0.04290672764182091,-0.7743440270423889,0.03728661686182022,-1.4903428554534912,1.788227746146731e-05,-1.0476516485214233,1.5767937898635864,-0.22466596961021423,-0.6046137809753418,0.2945581376552582
0.05276346579194069,-0.17974799871444702,0.00015652472211513668,0.10866741091012955,0.039359718561172485,-0.6471290588378906,0.03517159819602966,-1.5473281145095825,-0.0008566085016354918,-1.0482043027877808,1.57755446434021,-0.21823738515377045,-0.6078639030456543,0.29050323367118835
0.07078945636749268,-0.18313874304294586,0.00012707352288998663,0.12124685943126678,0.026354603469371796,-0.4382011890411377,0.022732535377144814,-1.579050064086914,2.1940391889074817e-05,-1.0501443147659302,1.5743956565856934,-0.20711302757263184,-0.5994945764541626,0.3437404930591583
-0.19479593634605408,-0.03224809840321541,-0.0001533122849650681,0.12724120914936066,-0.0010471512796357274,-0.6226639151573181,0.021435903385281563,-1.7512319087982178,-0.0007524564862251282,-1.0463569164276123,1.5740289688110352,-0.05840006843209267,-0.9484451413154602,0.3070850074291229
-0.2253553569316864,0.38086968660354614,0.000101079473097343,-0.2795148491859436,-0.04896308481693268,-0.42679569125175476,-0.018965918570756912,-1.4749568700790405,-0.0033551182132214308,-1.0474963188171387,1.56716787815094,0.41102227568626404,-0.7381410002708435,0.2157474309206009
-0.19667983055114746,0.39396071434020996,8.187437197193503e-05,-0.32385751605033875,-0.03696113079786301,-0.2912147641181946,-0.01333785429596901,-1.4990259408950806,-0.0025787982158362865,-1.0470733642578125,1.5681071281433105,0.4163183271884918,-0.6843336820602417,0.254849910736084
-0.15025673806667328,0.3963823914527893,6.631824362557381e-05,-0.27504757046699524,-0.034542448818683624,-0.2924761474132538,-0.01750301383435726,-1.5336620807647705,-0.0022545023821294308,-1.0478730201721191,1.5677541494369507,0.420500785112381,-0.6458969116210938,0.2739037871360779
-0.06464981287717819,0.40943896770477295,5.371777660911903e-05,-0.04512208327651024,-0.015955371782183647,-0.5115436911582947,-0.009206939488649368,-1.6324636936187744,-0.001181931234896183,-1.0471417903900146,1.5693399906158447,0.41923031210899353,-0.6702634692192078,0.2810325026512146
-0.02685270830988884,0.41061753034591675,4.351140159997158e-05,0.07387527078390121,-0.021398626267910004,-0.49700799584388733,-0.009966564364731312,-1.5816541910171509,-0.0008943419088609517,-1.0471452474594116,1.5686416625976562,0.42302650213241577,-0.6951584219932556,0.305854856967926
0.02232530526816845,0.39667749404907227,3.524381827446632e-05,0.20709450542926788,-0.02499138005077839,-0.5572271347045898,-0.018552113324403763,-1.578061819076538,0.00022081425413489342,-1.0470861196517944,1.5662232637405396,0.4221746325492859,-0.6681827306747437,0.3742741048336029
0.03716658428311348,0.3932524025440216,2.8547494366648607e-05,0.28999245166778564,-0.020059777423739433,-0.7365806102752686,-0.010236704722046852,-1.6085928678512573,-0.00033480278216302395,-1.0471378564834595,1.5684267282485962,0.4087802469730377,-0.6904584169387817,0.3553478717803955
0.06511476635932922,0.3813569247722626,2.338503509236034e-05,0.40068697929382324,-0.01624634675681591,-0.8711719512939453,-0.011972309090197086,-1.5929926633834839,0.00024266791297122836,-1.047567367553711,1.56752347946167,0.40023601055145264,-0.7310648560523987,0.29450932145118713
0.023925436660647392,0.3550349175930023,1.8784050553222187e-05,0.25388672947883606,-0.012915701605379581,-0.7130144238471985,-0.013964159414172173,-1.621220588684082,0.0007529117865487933,-1.0476924180984497,1.5665785074234009,0.38066840171813965,-0.7283941507339478,0.3076665997505188
0.010530329309403896,0.33693963289260864,1.5215080566122197e-05,0.19084671139717102,-0.009430390782654285,-0.572330117225647,-0.005827757064253092,-1.5243496894836426,-0.0001598764501977712,-1.047622799873352,1.5692260265350342,0.35323119163513184,-0.6938101649284363,0.33530232310295105
-0.10834971815347672,0.13905762135982513,5.692471063412086e-07,-0.12963157892227173,-0.0075633227825164795,-0.46769052743911743,0.012985575944185257,-1.6036299467086792,0.0005116492393426597,-1.044486403465271,1.570084571838379,0.12467397749423981,-0.7246469855308533,0.3136044442653656
-0.12674488127231598,0.14008711278438568,4.610901385149191e-07,-0.2931985557079315,-0.029007595032453537,-0.43930432200431824,0.0064388164319098,-1.554046392440796,-0.0011837179772555828,-1.0451362133026123,1.5689897537231445,0.14510545134544373,-0.6728032827377319,0.2367153763771057
0.049919649958610535,0.03531402349472046,6.170241249492392e-05,-0.18064934015274048,0.009886584244668484,-0.6416646838188171,-0.023499682545661926,-1.4878324270248413,-0.0006810532649978995,-1.0482181310653687,1.568405270576477,0.0458625890314579,-0.491609126329422,0.20522262156009674
0.08261287957429886,0.060719992965459824,4.048295159009285e-05,0.047532279044389725,0.0211888886988163,-0.8594093322753906,-0.01607176847755909,-1.3595123291015625,0.0013763426104560494,-1.0468103885650635,1.5693340301513672,0.053381625562906265,-0.5023109912872314,0.22217245399951935
0.09247980266809464,0.04851391166448593,3.2791307603474706e-05,0.14348800480365753,-0.0006718942895531654,-0.96621173620224,-0.020610114559531212,-1.4728777408599854,0.002555528422817588,-1.046926736831665,1.5661146640777588,0.06040686368942261,-0.556697428226471,0.22174786031246185
-0.009251965209841728,0.016062447801232338,1.7428936189389788e-05,-0.17604391276836395,-0.028529826551675797,-0.19221816956996918,-0.019879473373293877,-1.5630320310592651,-0.00040942299528978765,-1.0494900941848755,1.5665366649627686,0.04558746516704559,-0.5525124073028564,0.31517478823661804
0.08601681888103485,0.40082284808158875,7.597943476866931e-05,0.009306158870458603,-0.03655374050140381,-0.29143211245536804,-0.062323763966560364,-1.610480546951294,0.0007287386688403785,-1.0453803539276123,1.563944697380066,0.45084211230278015,-0.5537941455841064,0.3758229911327362
0.1487293690443039,0.40183335542678833,-0.00023113963834475726,0.11040487885475159,-0.018800541758537292,-0.3738480806350708,-0.027634698897600174,-1.6737407445907593,-0.0005486061563715339,-1.0460091829299927,1.5694763660430908,0.4206579029560089,-0.557198166847229,0.36521437764167786
-0.2836189568042755,-0.058034222573041916,-0.0002061025588773191,0.03862110152840614,-0.008657566271722317,-0.48988670110702515,0.09066057205200195,-1.6103556156158447,-0.0005370837752707303,-1.0419710874557495,1.5769075155258179,-0.12376374006271362,-0.927099883556366,0.3556883931159973
-0.19835655391216278,-0.017685269936919212,-0.00016693111683707684,0.24079462885856628,-0.015026502311229706,-0.803991973400116,0.06695730239152908,-1.677488088607788,0.0003955391875933856,-1.0424542427062988,1.5734859704971313,-0.06546105444431305,-0.9570282101631165,0.29170942306518555
-0.12630972266197205,0.010496750473976135,-0.0001352141989627853,0.42328977584838867,-0.013076194562017918,-0.9364806413650513,0.05031585320830345,-1.7063002586364746,0.0010550403967499733,-1.0433542728424072,1.571273684501648,-0.021995242685079575,-0.9950840473175049,0.24477863311767578
-0.07825830578804016,0.02480112761259079,-0.0001095234983949922,0.5661278963088989,-0.01031497959047556,-0.8811987638473511,0.038558945059776306,-1.643643856048584,0.0011283531785011292,-1.0441060066223145,1.570284128189087,0.0037526476662606,-0.9717091917991638,0.2670106887817383
0.06596866995096207,-0.13786397874355316,-0.00011082929995609447,0.11022773385047913,0.011035853996872902,-0.5072148442268372,0.009072436019778252,-1.5969948768615723,0.0009419039124622941,-1.0473713874816895,1.5694987773895264,-0.14300984144210815,-0.611033022403717,0.3760484457015991
0.02370806410908699,-0.15951760113239288,-8.97717327461578e-05,-0.1660344898700714,-0.0006581972702406347,-0.2960224449634552,0.0021198720205575228,-1.6327787637710571,0.0009248771239072084,-1.0452003479003906,1.5682345628738403,-0.1525263637304306,-0.5687490105628967,0.3430159091949463
-0.029188325628638268,-0.16945309937000275,-7.272423681570217e-05,-0.4211520552635193,0.004279355518519878,-0.2418137639760971,0.009749853983521461,-1.6577833890914917,0.0008336104801855981,-1.045409083366394,1.569688081741333,-0.16850653290748596,-0.5293542146682739,0.2661915421485901
-0.025896036997437477,-0.1983775645494461,-4.5464574213838205e-05,-1.000502109527588,0.0021993019618093967,0.29434680938720703,0.012752716429531574,-1.6211366653442383,0.00011710960097843781,-1.0463197231292725,1.5704894065856934,-0.20104579627513885,-0.31813931465148926,0.039078325033187866
0.06518978625535965,-0.21666668355464935,-2.8345621103653684e-05,-1.1616268157958984,0.003064238466322422,0.7246212363243103,-0.0039023272693157196,-1.7479878664016724,-0.0052802772261202335,-1.1878719329833984,1.5739730596542358,-0.21256057918071747,-0.20647507905960083,0.034104470163583755
0.05698181316256523,-0.21657156944274902,-1.8597562302602455e-05,-1.1081738471984863,0.0013508435804396868,0.8070286512374878,-0.0007229306502267718,-1.7378932237625122,-0.0030622484628111124,-1.1394907236099243,1.5729814767837524,-0.22083814442157745,-0.23993821442127228,0.08126448839902878
0.049150459468364716,-0.21684345602989197,-1.5064333638292737e-05,-1.0319888591766357,0.0015874853124842048,0.7172552347183228,-0.0021475479006767273,-1.7788716554641724,-0.002795521868392825,-1.1219496726989746,1.5724422931671143,-0.21391388773918152,-0.2593093514442444,0.11992920935153961
0.023573240265250206,-0.20927736163139343,-1.220211197505705e-05,-0.9146485328674316,0.0004303361347410828,0.49507012963294983,0.0017082166159525514,-1.6652140617370605,-0.0018140408210456371,-1.1077457666397095,1.5724282264709473,-0.21427465975284576,-0.28200796246528625,0.13663995265960693
0.00997470784932375,-0.21019631624221802,-9.883710845315363e-06,-0.9447111487388611,0.0016217050142586231,0.7297874689102173,-0.005047145299613476,-1.5762220621109009,-0.0020399587228894234,-1.0962458848953247,1.5714313983917236,-0.2069355547428131,-0.2684535086154938,0.19473126530647278
0.016354339197278023,0.16086001694202423,5.0854792789323255e-05,0.1132337749004364,-0.010723354294896126,-0.43102020025253296,-0.0197110865265131,-1.6202255487442017,0.002062554005533457,-1.0478824377059937,1.5678143501281738,0.15963822603225708,-0.6593019366264343,0.35468751192092896
-0.10416065156459808,0.017548413947224617,1.2970118632438243e-06,0.5064519047737122,-0.0016820926684886217,-1.094809651374817,0.037281859666109085,-1.4577012062072754,0.0004461442294996232,-1.045170783996582,1.5710488557815552,-0.008533853106200695,-0.8723337650299072,0.31044235825538635
-0.09990464895963669,0.017945868894457817,1.0505796126381028e-06,0.5218601822853088,-0.0010978339705616236,-1.2285503149032593,0.027417052537202835,-1.4097963571548462,0.0007604654529131949,-1.0455764532089233,1.5696547031402588,0.004258506000041962,-0.9067182540893555,0.22233334183692932
-0.08665452152490616,0.003971051890403032,8.509694566782855e-07,0.4538024067878723,-0.0007394072017632425,-1.1135807037353516,0.019899997860193253,-1.45138418674469,0.0009882324375212193,-1.0458993911743164,1.5686405897140503,0.0013732013758271933,-0.8928415179252625,0.2125159502029419
-0.0685402899980545,-0.0038133831694722176,-0.00016514446178916842,0.3585682511329651,-0.00045307306572794914,-0.9914363026618958,0.018798550590872765,-1.4927762746810913,0.0003412011719774455,-1.0448474884033203,1.5702683925628662,-0.010000106878578663,-0.8510871529579163,0.24504078924655914
-0.050426241010427475,0.001390752149745822,-0.00013376701099332422,0.24281908571720123,0.00016589289589319378,-0.9449875354766846,0.019058940932154655,-1.509270191192627,-0.00045657940790988505,-1.0447688102722168,1.5721758604049683,-0.011748580262064934,-0.8058190941810608,0.24820122122764587
-0.023773498833179474,-0.0023861248046159744,-0.00010835127613972872,0.16387085616588593,-0.003193408716470003,-0.8809653520584106,0.010458290576934814,-1.5620023012161255,0.000751151645090431,-1.0452020168304443,1.5696735382080078,-0.005142852198332548,-0.766444981098175,0.22788020968437195
0.00203865859657526,-0.00048056375817395747,-7.108927093213424e-05,-0.0023317188024520874,-0.007190667558461428,-0.396963506937027,0.007259873207658529,-1.6493594646453857,-9.817737009143457e-05,-1.047479510307312,1.5703647136688232,-0.0004986592102795839,-0.6660576462745667,0.30467289686203003
-0.048488419502973557,-0.08033281564712524,5.535848322324455e-05,0.3232158124446869,0.002844428177922964,-0.8089172840118408,-0.026623761281371117,-1.6289212703704834,0.0016804601764306426,-1.0454732179641724,1.5653891563415527,-0.04645651951432228,-0.8236493468284607,0.30158862471580505
-0.040406305342912674,-0.11515624821186066,4.484042074182071e-05,0.26813507080078125,0.002405107021331787,-0.6469764709472656,-0.017973432317376137,-1.7159539461135864,0.0008373524760827422,-1.0458060503005981,1.5677589178085327,-0.09141117334365845,-0.8348883390426636,0.29502078890800476
0.01722855493426323,-0.13547542691230774,3.6366785934660584e-05,0.4834688901901245,0.0017311280826106668,-0.8262297511100769,-0.009402367286384106,-1.6857253313064575,8.980048005469143e-05,-1.0435967445373535,1.5699224472045898,-0.12244917452335358,-0.8321537375450134,0.3107345700263977
-0.00015997815353330225,-0.14147989451885223,2.9429998903651722e-05,0.40768685936927795,0.0006235542823560536,-0.6238406896591187,-0.0029142245184630156,-1.6633602380752563,-0.0003197158803232014,-1.04634690284729,1.571410059928894,-0.1380518078804016,-0.8353670239448547,0.33100399374961853
0.0046074278652668,0.14253422617912292,1.2830803825636394e-05,-0.2701096534729004,0.021312817931175232,-0.2964532971382141,0.012786531820893288,-1.4899181127548218,0.0008672027615830302,-1.0470281839370728,1.572409987449646,0.12394365668296814,-0.43867605924606323,0.3429592549800873
-0.027133101597428322,0.15276601910591125,1.0392950571258552e-05,-0.29302316904067993,0.016955871134996414,-0.5842560529708862,0.014129784889519215,-1.4407252073287964,0.0005482322303578258,-1.0451669692993164,1.5726187229156494,0.13142503798007965,-0.4935908019542694,0.23676568269729614
0.026106111705303192,0.11038779467344284,-0.00013319776917342097,0.02218550816178322,-0.037447553128004074,-0.5955049395561218,0.003906820435076952,-1.5597840547561646,-0.0019822928588837385,-1.0468363761901855,1.570683240890503,0.13140510022640228,-0.5914734601974487,0.2919233441352844
0.035266343504190445,0.09705900400876999,-0.00010458678298164159,0.23661141097545624,-0.03143830597400665,-0.8192399740219116,0.0029997185338288546,-1.4956564903259277,-0.0016214401694014668,-1.0468121767044067,1.570621371269226,0.11694957315921783,-0.6359223127365112,0.28941357135772705
0.01636650785803795,0.07278722524642944,-8.47152914502658e-05,0.314330130815506,-0.0268218033015728,-0.8647977113723755,-0.003577291965484619,-1.453309416770935,-0.0002680051256902516,-1.0475114583969116,1.5682322978973389,0.09906267374753952,-0.6806159019470215,0.30320990085601807
-0.02546418271958828,0.05734051764011383,-6.862938607810065e-05,0.3142494857311249,-0.021375788375735283,-0.9505400061607361,0.0012491762172430754,-1.4352169036865234,-0.0009038266725838184,-1.047286868095398,1.5704421997070312,0.07381848245859146,-0.7176327109336853,0.29444923996925354
-0.0430128276348114,0.05660600960254669,-5.593384412350133e-05,0.3299259543418884,-0.016551071777939796,-1.0449843406677246,0.005835158284753561,-1.539028525352478,-0.0016510769492015243,-1.04501473903656,1.5727207660675049,0.06041296571493149,-0.7856534123420715,0.24041438102722168
-0.04735061153769493,0.08701422810554504,-0.00011333858856232837,0.40575867891311646,-0.010088656097650528,-0.9461075663566589,0.008259166963398457,-1.5689388513565063,-0.002013128949329257,-1.0459648370742798,1.574295163154602,0.07533630728721619,-0.8638278245925903,0.22943302989006042
-0.06264976412057877,0.12206541001796722,-9.191575372824445e-05,0.3851841688156128,-0.008410847745835781,-0.8333405256271362,0.010036922059953213,-1.5542020797729492,-0.0020883737597614527,-1.0451974868774414,1.5749846696853638,0.10246734321117401,-0.8401135802268982,0.2956632077693939
-0.08418575674295425,0.17183037102222443,-7.445176015608013e-05,0.21342627704143524,-0.007143917493522167,-0.42115896940231323,0.013833683915436268,-1.6287541389465332,-0.0023190435022115707,-1.0456587076187134,1.5759392976760864,0.14370279014110565,-0.8188254833221436,0.3578426241874695
0.015798261389136314,-0.05623827129602432,-0.00024034007219597697,-0.11586922407150269,-0.017944786697626114,-0.09244675934314728,-0.0353812649846077,-1.7673219442367554,0.002086305757984519,-1.0470768213272095,1.5644818544387817,-0.029085632413625717,-0.5950176119804382,0.40021026134490967
0.02396104671061039,-0.1021786481142044,-0.0007081527728587389,-0.0202949121594429,-0.03808756172657013,-0.2930797040462494,-0.0616954006254673,-1.654342532157898,0.002290017670020461,-1.0477105379104614,1.5612610578536987,-0.045697521418333054,-0.6012799143791199,0.37694165110588074
-0.019511204212903976,0.15590402483940125,0.00010337729327147827,0.27251940965652466,-0.036430224776268005,-0.8306792974472046,-0.02991929091513157,-1.6153066158294678,0.000218143715756014,-1.0470774173736572,1.5656489133834839,0.1813754439353943,-0.7439958453178406,0.33026278018951416
-0.08076568692922592,0.06550092250108719,4.4501091906568035e-05,-0.16463342308998108,-0.07215750217437744,-0.4488793611526489,-0.016873879358172417,-1.4863799810409546,-0.002548536751419306,-1.0475279092788696,1.5655803680419922,0.12849552929401398,-0.6374319791793823,0.25270044803619385
-0.04369577020406723,0.008944058790802956,3.604588710004464e-05,-0.23526500165462494,-0.083352230489254,-0.028180906549096107,-0.028480570763349533,-1.6005078554153442,-0.0031046001240611076,-1.0484031438827515,1.5638490915298462,0.08508769422769547,-0.5791200995445251,0.33730804920196533
-0.11870849132537842,-0.3893802762031555,0.00022659124806523323,-0.04014991223812103,0.006417189724743366,-0.31555458903312683,0.0033523603342473507,-1.71433424949646,-0.0002805196854751557,-1.0473729372024536,1.5724008083343506,-0.3914976119995117,-0.7690585255622864,0.3414328098297119
-0.1349366158246994,-0.39118531346321106,0.00023282089387066662,-0.15630237758159637,0.007068850100040436,-0.05782242491841316,0.003570539178326726,-1.6497517824172974,-0.00018663937225937843,-1.0473401546478271,1.5722681283950806,-0.39458683133125305,-0.731940746307373,0.3669496178627014
-0.042103178799152374,0.1539461463689804,5.59574755243375e-06,0.030289823189377785,0.0020679784938693047,-0.16474251449108124,0.0029483858961611986,-1.8077419996261597,0.00028582150116562843,-1.0496435165405273,1.5706652402877808,0.14807720482349396,-0.7749223709106445,0.37620794773101807
0.07920610159635544,0.2482450157403946,1.1962877579207998e-05,0.4967215359210968,-0.005784713197499514,-0.9502274990081787,-0.015822283923625946,-1.6091281175613403,-0.0010251650819554925,-1.0468363761901855,1.5720881223678589,0.25427520275115967,-0.7166640758514404,0.32151931524276733
0.06081373244524002,0.2481052130460739,9.689931175671518e-06,0.40855520963668823,-0.004350898787379265,-0.8348628282546997,-0.015157624147832394,-1.7328921556472778,-0.0005611818050965667,-1.0469046831130981,1.5709248781204224,0.2581133246421814,-0.7919175624847412,0.26246780157089233
0.020954115316271782,0.23310135304927826,7.848843779356685e-06,0.2811896502971649,-0.0032249996438622475,-0.5811381936073303,-0.015490034595131874,-1.7157032489776611,-7.918116170912981e-05,-1.0473029613494873,1.5698243379592896,0.24974676966667175,-0.7818981409072876,0.30517834424972534
-0.016116078943014145,0.20313291251659393,6.3575635067536496e-06,0.1274331659078598,-0.002240024507045746,-0.3283098340034485,-0.020989229902625084,-1.7695856094360352,0.0005487903254106641,-1.0462490320205688,1.568321704864502,0.22782258689403534,-0.7545884251594543,0.37005141377449036
-0.01461889035999775,0.15806834399700165,5.149626758793602e-06,0.1987592726945877,-0.0029419020283967257,-0.4338424503803253,-0.028791602700948715,-1.7542519569396973,0.0009646028629504144,-1.0458306074142456,1.5671485662460327,0.19289499521255493,-0.7572407722473145,0.3735499382019043
-0.04097935929894447,0.09889720380306244,4.171197360847145e-06,0.26008307933807373,-0.0022066677920520306,-0.5891726016998291,-0.03403431177139282,-1.6481415033340454,0.0015366453444585204,-1.0458875894546509,1.5657743215560913,0.14403100311756134,-0.7775850296020508,0.36378908157348633
-0.08171498775482178,0.04922026768326759,3.378670044185128e-06,0.23404560983181,-0.0019952156580984592,-0.47419363260269165,-0.021208694204688072,-1.6317344903945923,0.0006742565892636776,-1.0461493730545044,1.5682650804519653,0.08484421670436859,-0.7981647849082947,0.3701136112213135
-0.08930464833974838,-0.0036415394861251116,1.4544066289090551e-06,0.5476863980293274,-0.0032215488608926535,-1.0015226602554321,0.027267128229141235,-1.6263258457183838,-0.001909750048071146,-1.04584538936615,1.57664954662323,-0.019672535359859467,-0.9395681619644165,0.29727718234062195
-0.1261591911315918,-0.0020195895340293646,9.415454405825585e-05,0.4082210659980774,-0.0024228820111602545,-0.9409389495849609,0.020155517384409904,-1.5933001041412354,-0.0013141004601493478,-1.046116828918457,1.5747915506362915,-0.011107772588729858,-0.9591361284255981,0.2523457407951355
-0.13322041928768158,0.009525541216135025,7.626518345205113e-05,0.2756187915802002,-0.0020250650122761726,-0.6852706670761108,0.019473163411021233,-1.5976167917251587,-0.0015286998823285103,-1.0482804775238037,1.575304627418518,-0.005578577518463135,-0.9089508652687073,0.29509100317955017
-0.01258819829672575,-0.1349535882472992,2.2010641259839758e-05,-0.07450302690267563,0.013969902880489826,-0.45528003573417664,0.006908888928592205,-1.5262118577957153,-2.7047932235291228e-05,-1.0492315292358398,1.5725553035736084,-0.13235150277614594,-0.5695173144340515,0.3340054452419281
0.00795841496437788,-0.1365385502576828,1.7840486179920845e-05,0.029364900663495064,0.03695785999298096,-0.769197940826416,0.009504842571914196,-1.4744080305099487,0.0005609588115476072,-1.0485342741012573,1.5742892026901245,-0.15297871828079224,-0.6012560129165649,0.28233659267425537
0.028492959216237068,-0.1518784612417221,0.00017527581076137722,0.09430985152721405,0.025063520297408104,-0.9386867880821228,0.006424023304134607,-1.4223754405975342,0.0006381039856933057,-1.0501174926757812,1.5730335712432861,-0.1604132503271103,-0.6303328275680542,0.21252454817295074
-0.12010674923658371,-0.22266238927841187,-0.0007569806766696274,-0.2899022400379181,-0.023925578221678734,-0.17751635611057281,-0.05001210793852806,-1.5795596837997437,-0.0040249512530863285,-1.0488883256912231,1.565497875213623,-0.16751891374588013,-0.606476366519928,0.2641667127609253
-0.1546941101551056,-0.2893036901950836,-0.0006723902188241482,0.12462141364812851,0.015440767630934715,-0.429584264755249,0.0250967126339674,-1.5897704362869263,-0.0009450131328776479,-1.0428868532180786,1.5736690759658813,-0.30782315135002136,-0.8297890424728394,0.3836345374584198
-0.15154552459716797,-0.2989210784435272,-0.0005446359282359481,0.11082631349563599,0.009394064545631409,-0.464782178401947,0.012264338321983814,-1.669299602508545,-0.0002498353424016386,-1.0437344312667847,1.571474552154541,-0.305711030960083,-0.8225909471511841,0.38664695620536804
-0.19499677419662476,-0.29786452651023865,-0.0004411551053635776,-0.07766830176115036,0.014240339398384094,-0.35951516032218933,0.014886278659105301,-1.6530702114105225,-0.0004603777779266238,-1.0445960760116577,1.5726211071014404,-0.3095536231994629,-0.8339024782180786,0.33981651067733765
-0.2182101160287857,-0.30777621269226074,-0.0003573356370907277,-0.2508102357387543,0.0025442943442612886,-0.16013355553150177,0.0061106025241315365,-1.5467466115951538,-0.0005957241519354284,-1.04550039768219,1.571171760559082,-0.3102167546749115,-0.7562856674194336,0.33142051100730896
-0.2330690324306488,-0.3063585162162781,-0.0002880434039980173,-0.38801276683807373,0.003738763742148876,-0.05298113822937012,0.015386941842734814,-1.4751803874969482,-0.0007682514260523021,-1.0396686792373657,1.5721617937088013,-0.31328874826431274,-0.6623549461364746,0.35228678584098816
-0.1478510946035385,-0.29516324400901794,-0.000153078100993298,-0.3577127158641815,0.0034434476401656866,-0.29158806800842285,0.04182341322302818,-1.3854647874832153,-0.0010680953273549676,-1.0432393550872803,1.5747966766357422,-0.31925761699676514,-0.5207446217536926,0.3030482828617096
-0.13779272139072418,-0.26084452867507935,-0.0001239932607859373,-0.5694959163665771,0.012842589989304543,0.12931950390338898,0.0796034187078476,-1.5550774335861206,-0.001334669883362949,-1.0439866781234741,1.578584909439087,-0.3103307783603668,-0.5388659834861755,0.26674795150756836
-0.05974643677473068,-0.21284225583076477,-0.00010039025073638186,-0.44723019003868103,0.00998033955693245,0.008710243739187717,0.12123928219079971,-1.5933951139450073,-0.0022139190696179867,-1.0446245670318604,1.5819674730300903,-0.2884155511856079,-0.49129506945610046,0.287544310092926
0.011540593579411507,-0.15112407505512238,-8.131610229611397e-05,-0.3353224992752075,0.010782354511320591,-0.011074000038206577,0.15706917643547058,-1.634978175163269,-0.003403929527848959,-1.0453613996505737,1.5851082801818848,-0.24858839809894562,-0.4780929982662201,0.31999021768569946
0.05503321811556816,-0.027229582890868187,0.00019827322103083134,0.336353600025177,0.009099575690925121,-0.8674415946006775,-0.02271408401429653,-1.5465168952941895,0.0015532276593148708,-1.048975944519043,1.565672516822815,0.004623923450708389,-0.7044008374214172,0.315854012966156
0.02082831971347332,-0.06614498049020767,0.0001606013101991266,0.19400601089000702,0.008164125494658947,-0.8143117427825928,-0.014273611828684807,-1.5321109294891357,0.0005356157198548317,-1.0492075681686401,1.5683540105819702,-0.043447937816381454,-0.6938616633415222,0.27738773822784424
-0.034257639199495316,-0.08903157711029053,0.0001300870644627139,-0.08692284673452377,0.01548487413674593,-0.46779146790504456,-0.0058082472532987595,-1.5504177808761597,-0.0004504772077780217,-1.0511741638183594,1.5711612701416016,-0.0793214663863182,-0.6538378596305847,0.2818048298358917
-0.02713257260620594,-0.12394454330205917,0.00010537052003201097,-0.21810564398765564,0.0035011956933885813,-0.1631368100643158,-0.009181675501167774,-1.5416233539581299,-0.0006921945023350418,-1.0508360862731934,1.5701522827148438,-0.10688327997922897,-0.5660698413848877,0.33082717657089233
-0.10014068335294724,-0.00783799309283495,3.053960972465575e-05,0.12869834899902344,0.0030199321918189526,-0.8103320598602295,0.012155422009527683,-1.3641085624694824,-0.0016386483330279589,-1.0471234321594238,1.5750887393951416,-0.036887798458337784,-0.7274976968765259,0.29778531193733215
-0.10166279226541519,0.04793647304177284,-0.0004732140223495662,-0.06533125787973404,0.011894513852894306,-0.6452253460884094,0.015058904886245728,-1.367199182510376,-0.0021268934942781925,-1.0490065813064575,1.5762523412704468,0.009559251368045807,-0.6715702414512634,0.2868645191192627
-0.02600313164293766,0.08481516689062119,-0.0003833033551927656,-0.0030929127242416143,-0.008834335952997208,-0.777061402797699,0.011097677052021027,-1.3756698369979858,-0.0023572288919240236,-1.0473953485488892,1.574040174484253,0.06113464757800102,-0.6152175664901733,0.2544744312763214
-0.0023436706978827715,0.10566353797912598,-0.00031047570519149303,-0.11776044219732285,-0.036944568157196045,-0.5750179886817932,0.006263202056288719,-1.4399439096450806,-0.0025189071893692017,-1.0473949909210205,1.571213960647583,0.10436184704303741,-0.5758998990058899,0.24480532109737396
-0.015941862016916275,0.11429701745510101,-0.00025148532586172223,-0.33074265718460083,-0.061560485512018204,-0.15458106994628906,-0.003408050164580345,-1.4322245121002197,-0.00401540519669652,-1.0492773056030273,1.5688122510910034,0.13611629605293274,-0.47973886132240295,0.3004674017429352
-0.00219338177703321,0.12972356379032135,0.00028280995320528746,-0.48072385787963867,-0.00845863576978445,-0.06472338736057281,0.0362129807472229,-1.6563739776611328,-0.0024360467214137316,-1.047446608543396,1.572849988937378,0.1292765736579895,-0.4592018127441406,0.2638903260231018
-0.01050640270113945,0.13213445246219635,0.000229076060350053,-0.6211056709289551,-0.004850606434047222,0.11125627905130386,0.07450449466705322,-1.6332967281341553,-0.002944049658253789,-1.0474656820297241,1.5760565996170044,0.10929785668849945,-0.4335980713367462,0.2188197374343872
0.035279255360364914,0.14624963700771332,0.0003857289848383516,-0.46180444955825806,-0.0032915263436734676,-0.20896747708320618,0.10631489753723145,-1.6133451461791992,-0.0031222947873175144,-1.0473774671554565,1.5786523818969727,0.10008881986141205,-0.4087955951690674,0.2059440165758133
0.054357826709747314,0.15517614781856537,0.0002530771307647228,-0.3949700891971588,0.0013884467771276832,-0.27991050481796265,0.0831424668431282,-1.5645853281021118,-0.002079466124996543,-1.0473395586013794,1.5772624015808105,0.11219549924135208,-0.39957326650619507,0.2300148904323578
0.05509813502430916,0.15346547961235046,0.00020484541892074049,-0.34654971957206726,-0.0030877457465976477,-0.35617074370384216,0.058582503348588943,-1.5559191703796387,-0.001945102820172906,-1.0484539270401,1.5750795602798462,0.12348208576440811,-0.43036019802093506,0.21132314205169678
0.02270960807800293,0.15943244099617004,0.00022910968982614577,-0.5135491490364075,0.00010630382166709751,0.038952816277742386,0.05159468203783035,-1.5927529335021973,-0.0014951335033401847,-1.0497450828552246,1.5747144222259521,0.13268350064754486,-0.42067813873291016,0.2318338006734848
0.032942499965429306,0.151712104678154,0.00018556563009042293,-0.5346172451972961,0.0006764539866708219,0.28000035881996155,0.015938373282551765,-1.6329920291900635,-0.0008239790913648903,-1.048989176750183,1.5717673301696777,0.14166788756847382,-0.36544549465179443,0.30463436245918274
0.028657162562012672,-0.1108580231666565,3.723279951373115e-05,-0.3092537820339203,-0.01232991274446249,-0.1508103311061859,-0.05831066891551018,-1.4218398332595825,0.001214713091030717,-1.0477105379104614,1.5648280382156372,-0.061184901744127274,-0.40915927290916443,0.3398570418357849
0.04416194558143616,-0.1644485592842102,2.4428438337054104e-05,-0.3837476074695587,-0.0009141886257566512,-0.09862206876277924,-0.025140581652522087,-1.555161714553833,0.0007012893329374492,-1.0443058013916016,1.568640112876892,-0.13556833565235138,-0.3960210382938385,0.32627031207084656
0.02868468314409256,-0.16564913094043732,1.978703585336916e-05,-0.5409826636314392,0.002684566890820861,0.13972258567810059,0.02980658784508705,-1.5613535642623901,-0.0007119810325093567,-1.0451278686523438,1.573559284210205,-0.16781803965568542,-0.3677099943161011,0.29639607667922974
0.03708247095346451,-0.18040840327739716,1.602749944140669e-05,-0.6217731833457947,0.00200243154540658,0.35452643036842346,0.033532075583934784,-1.6237658262252808,-0.0007596717332489789,-1.04552161693573,1.5738492012023926,-0.18845613300800323,-0.3256996273994446,0.31060460209846497
-0.023645959794521332,-0.11185487359762192,2.282074547110824e-06,-0.025579402223229408,0.026192985475063324,-0.4184114933013916,0.05795106291770935,-1.5934888124465942,-0.0010739743011072278,-1.04636549949646,1.5785605907440186,-0.17288540303707123,-0.6305630803108215,0.36833927035331726
-0.10676170140504837,-0.07201603055000305,1.8484803376850323e-06,-0.2464127093553543,0.016887791454792023,-0.25467848777770996,0.044971585273742676,-1.484831690788269,-0.0010651422198861837,-1.0494695901870728,1.5766602754592896,-0.12478606402873993,-0.6067336797714233,0.33409103751182556
-0.09084364026784897,-0.02182774432003498,1.4972690678405343e-06,-0.17485162615776062,0.019474197179079056,-0.4197424352169037,0.04008100554347038,-1.459656834602356,-0.0006036829436197877,-1.051040768623352,1.576231598854065,-0.0761723443865776,-0.5856857895851135,0.3133755326271057
-0.06620243936777115,0.033603232353925705,0.000314635835820809,-0.09200102090835571,0.021812785416841507,-0.6395751237869263,0.03382708877325058,-1.573879599571228,-7.070017090882175e-06,-1.0452615022659302,1.5756113529205322,-0.021099384874105453,-0.6356303095817566,0.2689046561717987
0.024471746757626534,0.14669200778007507,0.00031885734642855823,0.07569132000207901,-0.01160107459872961,-0.8039383292198181,0.002522123046219349,-1.3669872283935547,0.0018401826964691281,-1.0504399538040161,1.5685787200927734,0.1445983350276947,-0.6161064505577087,0.2137039452791214
0.07363782078027725,0.1784554421901703,0.0002582744346000254,0.14702248573303223,0.005898079369217157,-0.742848813533783,0.011732164770364761,-1.4233888387680054,-0.00013756936823483557,-1.0494270324707031,1.5729302167892456,0.1581444889307022,-0.5579020380973816,0.29928940534591675
0.08904169499874115,0.1968991756439209,0.00020928840967826545,0.14184898138046265,0.0019937383476644754,-0.730896532535553,0.005872196052223444,-1.4756327867507935,0.0005050839390605688,-1.0473512411117554,1.5711690187454224,0.182589590549469,-0.560317873954773,0.3106168508529663
0.057857442647218704,0.1991235315799713,0.00016952388978097588,-0.06606068462133408,-0.010094177909195423,-0.4217897355556488,-0.0023386043030768633,-1.4995630979537964,0.0013265913585200906,-1.0474534034729004,1.5683599710464478,0.20007719099521637,-0.5375322699546814,0.3141094744205475
0.07323964685201645,0.18554045259952545,0.00013731434592045844,-0.003957246895879507,-0.03163399547338486,-0.5630550980567932,-0.006758532021194696,-1.420310616493225,0.000472945102956146,-1.0474145412445068,1.5667054653167725,0.2065601348876953,-0.47412344813346863,0.35188552737236023
0.06165378913283348,0.15763308107852936,0.00011122461728518829,-0.019669095054268837,-0.052060145884752274,-0.7037985920906067,-0.0111341942101717,-1.507648229598999,0.00028858668520115316,-1.0473486185073853,1.5647084712982178,0.19709131121635437,-0.5142796039581299,0.2934917211532593
0.015961170196533203,0.06339262425899506,-0.00030677157337777317,-0.44548213481903076,-0.032851144671440125,-0.20788642764091492,-0.02261318638920784,-1.534392237663269,-0.003951492253690958,-1.0492258071899414,1.568913221359253,0.11132730543613434,-0.4073466956615448,0.2124546766281128
0.03152596578001976,-0.000396664603613317,-0.00024410175683442503,-0.40438780188560486,-0.03463025018572807,-0.14769680798053741,-0.05471625179052353,-1.5174583196640015,-0.0028635873459279537,-1.0506395101547241,1.5658159255981445,0.06808973848819733,-0.4045257866382599,0.2455289661884308
0.03444862365722656,-0.051280178129673004,-0.00019926590903196484,-0.44380781054496765,-0.029273124411702156,0.01244286261498928,-0.051438551396131516,-1.5314650535583496,-0.0022100131027400494,-1.0495893955230713,1.566110372543335,0.014748040586709976,-0.3798835575580597,0.3027828633785248
0.0812317505478859,-0.08434867113828659,-0.00016140539082698524,-0.20843584835529327,-0.018356893211603165,-0.3174735903739929,-0.006780012045055628,-1.4928138256072998,-0.002588439267128706,-1.049034833908081,1.5704339742660522,-0.043472081422805786,-0.387368381023407,0.3180921971797943
0.07020368427038193,-0.12206514179706573,8.584916213294491e-05,-0.2012530267238617,-0.008247959427535534,-0.29600152373313904,-0.0012108110822737217,-1.5333982706069946,-0.00179989670868963,-1.047060489654541,1.5712599754333496,-0.09481107443571091,-0.42440611124038696,0.3258965015411377
0.04248668625950813,-0.1729198396205902,6.892267265357077e-05,-0.273357629776001,-0.013228929601609707,-0.11250093579292297,-0.011174273677170277,-1.6026945114135742,-0.001451297546736896,-1.0508469343185425,1.569822072982788,-0.13898403942584991,-0.44798505306243896,0.33354315161705017
0.056694723665714264,-0.21288122236728668,5.582736412179656e-05,-0.12010673433542252,-0.006202527321875095,-0.27531442046165466,-0.0005216203862801194,-1.6607669591903687,-0.0012862017611041665,-1.0508989095687866,1.5710986852645874,-0.18622255325317383,-0.49345967173576355,0.3400735557079315
0.09175121039152145,-0.2358272671699524,4.5220298488857225e-05,0.04736092686653137,0.015729447826743126,-0.2981771230697632,0.01033782958984375,-1.6709848642349243,-0.0007005077204667032,-1.0501930713653564,1.5733051300048828,-0.2300734519958496,-0.5563249588012695,0.35697653889656067
-0.07436154037714005,-0.14752022922039032,7.859644028940238e-06,-0.03434254229068756,-0.008274277672171593,-0.5120489001274109,0.0335438996553421,-1.5151134729385376,-0.0005085543380118906,-1.0482544898986816,1.571821928024292,-0.16571183502674103,-0.6474987268447876,0.36570924520492554
-0.05926787853240967,-0.13574852049350739,6.488648978120182e-06,-0.07383589446544647,0.000303705339320004,-0.5527623295783997,0.027551380917429924,-1.5938901901245117,-0.00014353972801472992,-1.0503193140029907,1.571995496749878,-0.15433230996131897,-0.6689774990081787,0.28259778022766113
-0.04224202781915665,-0.10656607151031494,5.255805717752082e-06,-0.055607039481401443,0.02417985536158085,-0.6160003542900085,0.023136721923947334,-1.5781283378601074,0.0009456221014261246,-1.0504564046859741,1.5728225708007812,-0.13934728503227234,-0.6737152934074402,0.25189176201820374
-0.03788422793149948,-0.06286794692277908,4.263597475073766e-06,-0.08026726543903351,0.04839564114809036,-0.49440792202949524,0.020025335252285004,-1.5592453479766846,0.0018827099120244384,-1.0499180555343628,1.5738563537597656,-0.11178774386644363,-0.6549823880195618,0.26033738255500793
0.008408705703914165,-0.033507611602544785,3.4535139548097504e-06,0.11229141056537628,0.0289263054728508,-0.6829177737236023,0.01338279340416193,-1.4785288572311401,0.0015360921388491988,-1.0471078157424927,1.5721564292907715,-0.07235529273748398,-0.6256124377250671,0.3031843304634094
0.04724527522921562,-0.01915562152862549,2.7951721222052583e-06,0.2602209746837616,0.015630526468157768,-0.869978666305542,0.0007575122290290892,-1.4593287706375122,0.002915081102401018,-1.0434967279434204,1.5681021213531494,-0.03743898496031761,-0.6400603652000427,0.3019505441188812
0.014412899501621723,0.006440835073590279,2.2635322238784283e-06,0.10424792766571045,0.015087379142642021,-0.6699422001838684,0.005455697886645794,-1.4409897327423096,0.0014737962046638131,-1.044289469718933,1.570549488067627,-0.016252094879746437,-0.6400435566902161,0.2943975627422333
-0.005121632944792509,0.021375423297286034,1.8335140339331701e-06,-0.01915135607123375,0.002837942913174629,-0.5731236934661865,-0.0003647159901447594,-1.401881456375122,0.0016919049667194486,-1.0448577404022217,1.5687580108642578,0.00883327703922987,-0.5694594979286194,0.3351074755191803
0.036497361958026886,0.04847436770796776,1.485146412960603e-06,0.10447277873754501,0.011164722964167595,-0.8010006546974182,0.002274557715281844,-1.4408490657806396,0.0011865159031003714,-1.0445188283920288,1.5703402757644653,0.029873913154006004,-0.5617725849151611,0.2950696647167206
0.029177814722061157,0.06387560814619064,1.2029686331516132e-06,-0.03375530242919922,0.0013615889474749565,-0.5952488780021667,-0.0005968902260065079,-1.579295039176941,0.00126446015201509,-1.045089602470398,1.569317102432251,0.053846925497055054,-0.6155940294265747,0.2553982138633728
0.04594884440302849,0.06291133165359497,1.14618535462796e-06,-0.11758759617805481,-0.022751715034246445,-0.32965514063835144,-0.0030108203645795584,-1.6256396770477295,0.00019074647570960224,-1.0463252067565918,1.5681180953979492,0.06995530426502228,-0.5673485994338989,0.2911287546157837
0.050650276243686676,0.07539805769920349,9.284100883633073e-07,-0.13207249343395233,-0.012256496585905552,-0.3342852294445038,0.0005959501140750945,-1.555301547050476,0.00032882860978133976,-1.0464770793914795,1.5692862272262573,0.07711294293403625,-0.5078446269035339,0.34261590242385864
0.06303627789020538,0.07737970352172852,7.520121698689763e-07,-0.13084208965301514,-0.019063862040638924,-0.299849271774292,-0.0037116848398,-1.6538479328155518,-4.1982602851931006e-05,-1.0463844537734985,1.5686506032943726,0.08459054678678513,-0.5085613131523132,0.3274056613445282
0.058093369007110596,0.06502276659011841,-0.00040182314114645123,-0.15552236139774323,-0.03330162912607193,-0.15023785829544067,-0.01492656022310257,-1.6779983043670654,-0.0004259967536199838,-1.0467534065246582,1.5669329166412354,0.08736816048622131,-0.5174157619476318,0.3433593213558197
0.002626935951411724,0.048298247158527374,-0.00017297168960794806,-0.056913211941719055,0.015871820971369743,-0.454704225063324,-0.009332493878901005,-1.4873380661010742,0.0006770981708541512,-1.0465457439422607,1.5711685419082642,0.0420842245221138,-0.5540866255760193,0.3349045515060425
0.004009372089058161,0.07548073679208755,0.00029448361601680517,-0.014408552087843418,0.036247119307518005,-0.4533223807811737,-0.005328478757292032,-1.5966644287109375,0.001518752658739686,-1.0459305047988892,1.5724271535873413,0.05196293815970421,-0.5820412039756775,0.3299957811832428
0.03673795983195305,0.11227294057607651,0.0002388664142927155,0.12691077589988708,0.04694443196058273,-0.4759669601917267,0.0035642164293676615,-1.6457412242889404,0.001003237790428102,-1.0482631921768188,1.5745693445205688,0.07457508146762848,-0.6332219243049622,0.34148988127708435
0.022647131234407425,0.16094696521759033,0.00019348179921507835,0.15303421020507812,0.04198954254388809,-0.43903303146362305,0.015441319905221462,-1.7131702899932861,-0.0002344052045373246,-1.046777606010437,1.5767344236373901,0.11308871954679489,-0.6759040951728821,0.36939695477485657
0.027131063863635063,0.2000257819890976,0.00015648049884475768,0.26093631982803345,0.033473704010248184,-0.4751913845539093,0.00550821702927351,-1.689213752746582,0.00031814895919524133,-1.0487781763076782,1.5742205381393433,0.16339454054832458,-0.7140272855758667,0.37624889612197876
-0.047269031405448914,-0.14873865246772766,0.00011088834435213357,-0.07692115008831024,-0.020509954541921616,-0.4297666847705841,-0.026879895478487015,-1.5317672491073608,-0.000520826899446547,-1.048313856124878,1.5678201913833618,-0.09793772548437119,-0.6366393566131592,0.34389710426330566
-0.01296792272478342,-0.22341743111610413,9.007627522805706e-05,-0.12057703733444214,-0.03957604616880417,-0.36552894115448,-0.026367878541350365,-1.5949798822402954,-0.001329632825218141,-1.0489654541015625,1.5666618347167969,-0.1588536500930786,-0.5990167260169983,0.3196078836917877
-0.004763369914144278,-0.2922694981098175,3.836903488263488e-05,-0.18668244779109955,-0.033202894032001495,-0.3893008530139923,-0.0218413844704628,-1.669126033782959,-0.0011218333384022117,-1.0479605197906494,1.567295789718628,-0.23184670507907867,-0.5904929041862488,0.2956230938434601
-0.02952028252184391,-0.41717684268951416,1.6295585737680085e-05,-0.49884742498397827,0.026989277452230453,0.28233247995376587,0.057355236262083054,-1.6138181686401367,0.0014017437351867557,-1.048902153968811,1.5761464834213257,-0.4412558674812317,-0.47473326325416565,0.3114755153656006
-0.02764221467077732,-0.3980426490306854,5.205632078286726e-06,-0.017060190439224243,0.023060381412506104,-0.2939485013484955,0.08833660930395126,-1.6819911003112793,-0.0017804759554564953,-1.0456050634384155,1.5814498662948608,-0.46013370156288147,-0.6689395904541016,0.3730028569698334
-0.06427893042564392,-0.35251501202583313,4.216562047076877e-06,-0.08461061865091324,0.035248808562755585,-0.27222615480422974,0.0808698758482933,-1.713599443435669,-0.0012768572196364403,-1.0441102981567383,1.5812783241271973,-0.4227031171321869,-0.6795132160186768,0.3563012480735779
-0.13499654829502106,-0.29142674803733826,3.4154152217524825e-06,-0.3567356467247009,0.047418128699064255,0.1087777391076088,0.09783686697483063,-1.6803580522537231,-0.0016792244277894497,-1.047334909439087,1.5837401151657104,-0.37385356426239014,-0.6744862794876099,0.34475213289260864
-0.10203546285629272,-0.11988668888807297,0.00017001210653688759,-0.04898425191640854,0.02068689651787281,-0.19407358765602112,0.013221699744462967,-1.7574851512908936,0.000291367614408955,-1.0480183362960815,1.573502540588379,-0.16793930530548096,-0.6953346133232117,0.3812878131866455
-0.1198313981294632,-0.09423422068357468,0.00013777015556115657,-0.13291236758232117,-0.0026203482411801815,0.22174794971942902,-0.028687985613942146,-1.9092881679534912,0.0012098934967070818,-1.0478578805923462,1.5683854818344116,-0.10703907161951065,-0.7803130745887756,0.39351484179496765
0.021067602559924126,0.050846464931964874,-7.715175161138177e-05,-0.3580932915210724,-0.0006942924810573459,-0.3444948196411133,0.024342548102140427,-1.6480050086975098,0.0002689356915652752,-1.0497822761535645,1.5710065364837646,0.049135901033878326,-0.47112345695495605,0.2505635917186737
0.05204256996512413,-0.14536720514297485,-0.00045049330219626427,-0.6419241428375244,-0.008758239448070526,-0.11441487073898315,-0.07121770828962326,-1.58828604221344,-0.0008145637693814933,-1.0508426427841187,1.5648210048675537,-0.07996920496225357,-0.32736867666244507,0.1321927309036255
0.080711230635643,-0.23501652479171753,-0.0002955686650238931,-0.4614528715610504,0.0009464608738198876,-0.3439939022064209,-0.015630479902029037,-1.416822075843811,-0.0005829440196976066,-1.0455397367477417,1.5698847770690918,-0.20000500977039337,-0.32042238116264343,0.16619491577148438
0.057809676975011826,-0.2557283341884613,-0.00023941061226651073,-0.5411095023155212,0.010544550605118275,-0.060622189193964005,0.02284400723874569,-1.5088521242141724,-0.00017315703735221177,-1.0459479093551636,1.5736298561096191,-0.2508782744407654,-0.3178423345088959,0.1974884271621704
0.0719524398446083,-0.2616446018218994,-0.00019352069648448378,-0.5103312134742737,0.010689531452953815,0.12015979737043381,0.07990378141403198,-1.5759984254837036,-0.0016059798654168844,-1.047516107559204,1.5782911777496338,-0.2884128987789154,-0.3147793412208557,0.2666809558868408
0.12860627472400665,-0.2814963757991791,-0.00015675176109652966,-0.21895524859428406,0.00825166143476963,-0.1307554692029953,0.07189691811800003,-1.569474458694458,-0.0013919929042458534,-1.0474921464920044,1.577470302581787,-0.3101905882358551,-0.3437888026237488,0.34308964014053345
0.050370264798402786,0.33920833468437195,-1.7394502719980665e-05,0.2310185730457306,-0.009367001242935658,-0.5331499576568604,-0.030426107347011566,-1.7147077322006226,-6.184352969285101e-05,-1.0509227514266968,1.5689759254455566,0.359389066696167,-0.7069393992424011,0.38000643253326416
0.024690886959433556,0.31894543766975403,-1.4089547221374232e-05,0.11557384580373764,-0.00844129640609026,-0.45534226298332214,-0.032841186970472336,-1.7185633182525635,0.000700808537658304,-1.0505084991455078,1.567383050918579,0.346805214881897,-0.7015730142593384,0.3452509343624115
0.03424318507313728,0.28328701853752136,-1.1439041372796055e-05,0.1373850554227829,-0.01107027567923069,-0.4548746347427368,-0.035361964255571365,-1.596402645111084,0.0012933077523484826,-1.0508071184158325,1.5659823417663574,0.32095763087272644,-0.6620060205459595,0.3636234700679779
0.010737261734902859,0.24056032299995422,-0.0005113281076774001,0.158700093626976,0.00021834914514329284,-0.6634700894355774,-0.011427110061049461,-1.6169317960739136,-0.00015180869377218187,-1.0474200248718262,1.570534348487854,0.2571653127670288,-0.6573947668075562,0.3391883671283722
-0.05154726281762123,0.2099449783563614,-0.0004141754761803895,0.032420940697193146,-0.005093538202345371,-0.7018261551856995,-0.014261193573474884,-1.56656813621521,0.000680000230204314,-1.0471413135528564,1.5687369108200073,0.23335237801074982,-0.7078503966331482,0.2801420986652374
-0.06736074388027191,0.09324342757463455,-0.0003824970335699618,-0.055043455213308334,-0.013623437844216824,-0.6040489673614502,-0.007200153544545174,-1.528878092765808,-0.0003401921421755105,-1.0483421087265015,1.5695126056671143,0.12158307433128357,-0.6951515674591064,0.2569521963596344
-0.061694350093603134,0.0771942213177681,-0.0003098225861322135,-0.04733137786388397,0.014365559443831444,-0.5765978693962097,-0.004366321489214897,-1.5121461153030396,0.0006736310315318406,-1.0477739572525024,1.5711784362792969,0.08615075051784515,-0.6577854752540588,0.26857131719589233
-0.01594637893140316,0.04691443219780922,-0.0002509563055355102,0.131852388381958,0.005361737683415413,-0.7143839597702026,-0.005531367380172014,-1.554002285003662,0.0007263895240612328,-1.0468096733093262,1.5702459812164307,0.06089155375957489,-0.6738647222518921,0.28088071942329407
0.004240796435624361,0.026511842384934425,-0.00020327461243141443,0.2705990970134735,0.006992635782808065,-0.8771848082542419,-0.0003366185410413891,-1.6399166584014893,-0.00018202736100647599,-1.0441991090774536,1.5719985961914062,0.034170083701610565,-0.7369065880775452,0.27271023392677307
-0.12043646723031998,0.0030081921722739935,-0.0002331211289856583,-0.07462552189826965,0.011518009006977081,-0.4203362464904785,0.005532779265195131,-1.661124348640442,-0.0010515984613448381,-1.0455670356750488,1.5738238096237183,-9.665695688454434e-05,-0.7697962522506714,0.2866417467594147
-0.08287694305181503,-0.013300168327987194,-0.00018882811127696186,0.09271327406167984,-0.0030304407700896263,-0.6988402009010315,0.0017976750386878848,-1.594606876373291,-0.0009711922029964626,-1.0426380634307861,1.5721046924591064,-0.006784603465348482,-0.743717610836029,0.29051774740219116
-0.08328419178724289,-0.04461994394659996,-0.00015295077173504978,-0.005943108815699816,-0.01735510863363743,-0.49910297989845276,-0.005560846067965031,-1.6636958122253418,0.00016856499132700264,-1.0435012578964233,1.5690807104110718,-0.022434493526816368,-0.7734684944152832,0.27411946654319763
-0.09880103915929794,-0.06291166692972183,-0.00012388924369588494,-0.13451342284679413,-0.0052945869974792,-0.16746309399604797,-0.002073147101327777,-1.5522215366363525,0.00032373639987781644,-1.0441986322402954,1.5701993703842163,-0.048042990267276764,-0.6868181824684143,0.34175992012023926
0.06240181252360344,-0.05952201038599014,-0.00010077825572807342,-0.2928043603897095,-0.0060156830586493015,-0.3877267837524414,-0.07786828279495239,-1.5217649936676025,0.0011113700456917286,-1.0450644493103027,1.5654999017715454,-0.003660185495391488,-0.4166228473186493,0.2731707990169525
0.0939844474196434,-0.07228273898363113,-8.162731683114544e-05,-0.27090397477149963,0.006826207973062992,-0.4959055781364441,-0.05706237629055977,-1.4523394107818604,0.0019455128349363804,-1.0453627109527588,1.5676029920578003,-0.03601282462477684,-0.4235832095146179,0.21754252910614014
0.0608348585665226,-0.09747010469436646,-6.611812568735331e-05,-0.5077835321426392,-0.0009803766151890159,-0.10014386475086212,-0.05100543797016144,-1.4113363027572632,0.0010936679318547249,-1.0469367504119873,1.5675963163375854,-0.06005936488509178,-0.34610307216644287,0.22868125140666962
0.1227433979511261,-0.2403593808412552,-8.038262421905529e-06,-0.3599916398525238,-0.002303441520780325,0.013408880680799484,0.03044968657195568,-1.680377721786499,0.00012266186240594834,-1.0470212697982788,1.5736327171325684,-0.24834458529949188,-0.3631313443183899,0.3568054437637329
0.08109843730926514,-0.22331175208091736,-6.510992534458637e-06,-0.48659747838974,-0.00012448571214918047,0.05301494151353836,0.07042323797941208,-1.6698442697525024,-0.0011086433660238981,-1.0480276346206665,1.5771886110305786,-0.2537992000579834,-0.3624305725097656,0.2987860441207886
0.02693157270550728,-0.2188866138458252,-5.208795755606843e-06,-0.6326955556869507,9.824949665926397e-05,0.18838652968406677,0.06007424741983414,-1.5841082334518433,-0.000999817275442183,-1.0481902360916138,1.576241135597229,-0.2496313750743866,-0.34072837233543396,0.26109370589256287
-0.005919086746871471,-0.20622038841247559,-4.2177266550424974e-06,-0.8084399700164795,-0.0011669578962028027,0.5293404459953308,0.061256203800439835,-1.558152198791504,-0.0005803313688375056,-1.0480728149414062,1.5764341354370117,-0.24101273715496063,-0.2950302064418793,0.26577314734458923
0.04230067878961563,-0.2166920155286789,-2.767208798104548e-06,-0.5032132863998413,0.0012318264925852418,-0.0717848688364029,0.0029258346185088158,-1.6035007238388062,-0.00048701572814024985,-1.0477795600891113,1.5710504055023193,-0.21952033042907715,-0.34505918622016907,0.23672008514404297
0.04194195941090584,-0.2187853455543518,-2.2414392333303113e-06,-0.6253270506858826,0.0005940181436017156,0.27208811044692993,0.003590749343857169,-1.7089357376098633,-0.00038908456917852163,-1.0476690530776978,1.571074366569519,-0.2194097936153412,-0.3896726667881012,0.23417174816131592
0.06417882442474365,-0.20393657684326172,-1.8059229205391603e-06,-0.5595443248748779,-0.0016772621311247349,0.24282272160053253,0.02698516845703125,-1.727422833442688,-6.446119368774816e-05,-1.046113133430481,1.5729656219482422,-0.21880820393562317,-0.35804352164268494,0.27470606565475464
0.07709583640098572,-0.200516939163208,-1.4627976270276122e-06,-0.4334680140018463,-0.0011160577414557338,-0.0427471362054348,0.00989055261015892,-1.7641892433166504,0.00011820890358649194,-1.0462909936904907,1.571603775024414,-0.20853368937969208,-0.3960006833076477,0.2726114094257355
0.05413542315363884,-0.18667899072170258,-1.1848660506075248e-06,-0.5044982433319092,-0.00016508434782736003,0.10688872635364532,0.02238435298204422,-1.8233952522277832,-0.0002129337954102084,-1.0464626550674438,1.57259202003479,-0.19985844194889069,-0.4583231508731842,0.2382916957139969
0.07252709567546844,-0.18342484533786774,-9.851900131252478e-07,-0.39149540662765503,-0.0002451262262184173,0.012376174330711365,0.0030555713456124067,-1.874945044517517,0.00010220647527603433,-1.046486735343933,1.5710951089859009,-0.18896563351154327,-0.47550168633461,0.2540082633495331
0.07302198559045792,-0.16980919241905212,-7.980038958521618e-07,-0.3915553390979767,-0.0003217533230781555,0.20841826498508453,0.015045417472720146,-1.818271517753601,-0.00010305959585821256,-1.0478248596191406,1.572029948234558,-0.18029825389385223,-0.48980003595352173,0.29549577832221985
0.10771992057561874,-0.1405109167098999,-6.463831141445553e-07,-0.252581924200058,-0.0018164764624089003,0.21400710940361023,0.039627645164728165,-1.8115754127502441,-3.7491281545953825e-05,-1.0477155447006226,1.5741024017333984,-0.1667163074016571,-0.44945940375328064,0.3806714713573456
-0.1805400848388672,0.20246803760528564,4.812753786609392e-07,-0.6563445329666138,0.0005691481055691838,0.007587104104459286,0.06143035739660263,-1.4405277967453003,-0.0010094731114804745,-1.0474815368652344,1.577437162399292,0.1757620871067047,-0.5149083137512207,0.22417043149471283
-0.1697017252445221,0.20440739393234253,3.704433879647695e-07,-0.7738217711448669,0.00067960872547701,0.1308085173368454,0.05868752673268318,-1.453603982925415,-0.0010307802585884929,-1.047545075416565,1.5768967866897583,0.17363664507865906,-0.46441400051116943,0.17342592775821686
-0.14872273802757263,0.18740758299827576,3.0005915618858126e-07,-0.7936182618141174,0.0013627270236611366,0.07228503376245499,0.016654325649142265,-1.5143702030181885,-0.0003106431686319411,-1.0445748567581177,1.5730834007263184,0.17846590280532837,-0.4472983181476593,0.13180989027023315
-0.15254536271095276,0.18189086019992828,2.430479071335867e-07,-0.9230177402496338,0.0009267984423786402,0.2821807563304901,0.01270009484142065,-1.5917507410049438,-0.0001884322555270046,-1.0452748537063599,1.572615146636963,0.1775893270969391,-0.45076486468315125,0.08957647532224655
0.001991713186725974,0.1468018740415573,1.0462415644951761e-07,-0.6129000186920166,0.0013278855476528406,0.16074296832084656,-0.06342244893312454,-1.6606385707855225,0.0008697310695424676,-1.0465202331542969,1.5666499137878418,0.1802102029323578,-0.4279930293560028,0.18674716353416443
0.0190055463463068,0.1283193677663803,8.474556523196952e-08,-0.5534458160400391,0.0009496610146015882,0.2547677159309387,-0.05314285680651665,-1.585510492324829,0.000756733410526067,-1.0460962057113647,1.5673521757125854,0.1624738574028015,-0.36480236053466797,0.2888408601284027
0.05160904303193092,0.40044745802879333,0.0006646711844950914,-0.1745298057794571,-0.02416325733065605,-0.23507435619831085,-0.08906742185354233,-1.601292610168457,-0.0014249160885810852,-1.055067539215088,1.5678411722183228,0.4700585603713989,-0.5125241875648499,0.35068798065185547
0.047643329948186874,0.39423689246177673,0.0005373089807108045,-0.24419276416301727,-0.0011781166540458798,-0.3114846646785736,-0.054964520037174225,-1.5765935182571411,-0.0008531556813977659,-1.0519142150878906,1.5711374282836914,0.4330328404903412,-0.4831380248069763,0.3197842836380005
0.10385210067033768,0.1491309255361557,6.540476169902831e-05,-0.8180033564567566,-0.0041330838575959206,0.35680651664733887,-0.11134542524814606,-1.718051791191101,-0.00043673653271980584,-1.0474268198013306,1.5638900995254517,0.23115263879299164,-0.26756995916366577,0.1461905986070633
0.11892103403806686,0.08918367326259613,5.297785537550226e-05,-0.8341946005821228,-0.0042485580779612064,0.527275025844574,-0.08466363698244095,-1.704084873199463,-2.6647408958524466e-05,-1.0473370552062988,1.565735936164856,0.1593688726425171,-0.2241288125514984,0.18613846600055695
0.15005482733249664,0.019928425550460815,4.290618380764499e-05,-0.6741235852241516,-0.0024642266798764467,0.3620351254940033,-0.07451340556144714,-1.577335238456726,-0.00040797414840199053,-1.0473653078079224,1.566064476966858,0.09126972407102585,-0.18357746303081512,0.25826573371887207
-0.12490586191415787,-0.21091608703136444,0.00026563898427411914,-0.18012939393520355,-0.006240494083613157,-0.5047630667686462,-0.04258887469768524,-1.672020435333252,0.00016755552496761084,-1.046250820159912,1.5705907344818115,-0.17771854996681213,-0.6995758414268494,0.30285364389419556
-0.038563381880521774,-0.036626026034355164,8.479204552713782e-05,-0.9163585901260376,0.007270397152751684,0.22761192917823792,-0.018585819751024246,-1.4385274648666382,0.0013817937579005957,-1.0470079183578491,1.569907784461975,-0.04792551323771477,-0.31352388858795166,0.047797344624996185
-0.010793636552989483,-0.025609897449612617,-0.000270866701612249,-0.8849503993988037,0.008373229764401913,0.394197553396225,-0.038440629839897156,-1.4250130653381348,0.0008085760055109859,-1.0470695495605469,1.5680326223373413,-0.019075317308306694,-0.23759610950946808,0.14493148028850555
0.05679899826645851,-0.11005207151174545,-0.0006316351937130094,-0.15728691220283508,-0.0087761664763093,-0.2216976135969162,-0.05524798110127449,-1.4868779182434082,0.00034828708157874644,-1.0473415851593018,1.564642071723938,-0.06533706933259964,-0.44251954555511475,0.36590588092803955
0.0314280204474926,-0.06114824116230011,-2.4941296942415647e-05,0.24191521108150482,-6.320832471828908e-05,-0.6108882427215576,0.019947418943047523,-1.573462724685669,0.0001576230424689129,-1.0471267700195312,1.5693877935409546,-0.0691111832857132,-0.6756789684295654,0.36064067482948303
0.05427655205130577,0.11474713683128357,-1.698221967671998e-05,-0.2288316786289215,0.027471374720335007,-0.3674277067184448,0.019988933578133583,-1.3626867532730103,-0.0010299228597432375,-1.0492618083953857,1.5758848190307617,0.07188680022954941,-0.3978709578514099,0.31497398018836975
0.11374606937170029,0.11632899940013885,-1.3755597137787845e-05,-0.02958405576646328,-0.011383255012333393,-0.6335549354553223,0.005627538077533245,-1.4038888216018677,-0.0029476811178028584,-1.0480403900146484,1.5719928741455078,0.10855405032634735,-0.39665716886520386,0.30936679244041443
0.11311083287000656,0.13383570313453674,-1.1142034054500982e-05,-0.02035956270992756,-0.00969049520790577,-0.6900435090065002,0.004655092488974333,-1.4913798570632935,-0.0024635170120745897,-1.0478136539459229,1.571761965751648,0.1280185729265213,-0.46565118432044983,0.27464601397514343
0.07032699882984161,0.14107702672481537,-9.025047802424524e-06,-0.15871113538742065,-0.02366849035024643,-0.5657244324684143,0.003135623410344124,-1.4595428705215454,-0.0027143287006765604,-1.0519859790802002,1.5708141326904297,0.14486584067344666,-0.49403390288352966,0.24002164602279663
0.043179966509342194,0.13283789157867432,-7.310288310691249e-06,-0.24208934605121613,-0.04391982778906822,-0.4282289445400238,1.9659863028209656e-05,-1.4703946113586426,-0.004220154136419296,-1.0508490800857544,1.5696806907653809,0.1550411581993103,-0.45549729466438293,0.24764642119407654
0.0007384870550595224,0.1293211579322815,-0.00030289104324765503,-0.36806777119636536,-0.04124147444963455,-0.13526475429534912,-0.0034531722776591778,-1.468502163887024,-0.003844868391752243,-1.0502490997314453,1.5693823099136353,0.1544538289308548,-0.42773282527923584,0.2845221161842346
-0.0823974534869194,0.13716185092926025,-0.0002038470993284136,-0.44048452377319336,-0.02498086914420128,-0.16155490279197693,0.011175674386322498,-1.4046379327774048,-0.002914503449574113,-1.0470846891403198,1.5712034702301025,0.1457032412290573,-0.42977407574653625,0.30477213859558105
-0.11918323487043381,0.11756324768066406,-0.00016511615831404924,-0.5327801704406738,-0.02493738941848278,-0.061990365386009216,-0.02245321497321129,-1.3321256637573242,-0.001798543380573392,-1.0471279621124268,1.5681509971618652,0.1445825695991516,-0.4390954375267029,0.27008959650993347
-0.08690768480300903,0.08165989816188812,-0.00013374407717492431,-0.4366397261619568,-0.024225205183029175,-0.13956835865974426,-0.06749942898750305,-1.3734228610992432,-0.00017594188102521002,-1.0481199026107788,1.564173698425293,0.13658489286899567,-0.4286649823188782,0.28622162342071533
0.07742390036582947,-0.14429180324077606,-3.12163720082026e-05,-0.060048531740903854,-0.0023464837577193975,-0.5472277402877808,0.008364650420844555,-1.5494123697280884,-0.0007856391603127122,-1.047881841659546,1.5722612142562866,-0.1484316736459732,-0.5002104043960571,0.32089096307754517
0.06559427082538605,-0.16328155994415283,-2.5286452000727877e-05,-0.16135191917419434,-0.027542999014258385,-0.4468330144882202,0.005368051119148731,-1.6490665674209595,-0.0018633619183674455,-1.0477561950683594,1.5707390308380127,-0.14863981306552887,-0.5362859964370728,0.2586146891117096
0.08217690885066986,-0.18940229713916779,-1.3438257155939937e-05,-0.11124264448881149,-0.01089910976588726,-0.38078898191452026,0.00809860322624445,-1.5956785678863525,-0.0009985724464058876,-1.0431487560272217,1.571471095085144,-0.18219488859176636,-0.4998331367969513,0.30635690689086914
0.08236543089151382,-0.20385228097438812,-0.0002592890814412385,-0.16652962565422058,-0.017340973019599915,-0.14283247292041779,0.0033268744591623545,-1.5476343631744385,-0.001121410634368658,-1.0439804792404175,1.5705963373184204,-0.19212473928928375,-0.46619948744773865,0.34999746084213257
-0.12928315997123718,-0.0443350151181221,-7.495347745134495e-06,0.5740846991539001,0.004034895915538073,-1.205193281173706,-0.04765768721699715,-1.4541226625442505,-0.0003417378175072372,-1.0419902801513672,1.5675495862960815,0.014278797432780266,-0.9297095537185669,0.28386807441711426
-0.09002328664064407,-0.10273746401071548,-6.0712318372679874e-06,0.6240190863609314,0.0030495033133774996,-1.3744746446609497,-0.036879051476716995,-1.4613553285598755,-0.0005173865356482565,-1.0429880619049072,1.569092035293579,-0.055948104709386826,-0.9662519693374634,0.17730440199375153
-0.0401381216943264,-0.16860194504261017,-4.91769787913654e-06,0.7380940914154053,0.002621452556923032,-1.4531553983688354,-0.030898312106728554,-1.421779751777649,-0.00027379393577575684,-1.0437867641448975,1.568780779838562,-0.11798752099275589,-0.948052167892456,0.14064562320709229
0.017430318519473076,-0.22679410874843597,-3.9833353184803855e-06,0.8786933422088623,0.0018603221978992224,-1.3549047708511353,-0.023654084652662277,-1.468097448348999,-0.00038111547473818064,-1.0444403886795044,1.5699501037597656,-0.1867659091949463,-0.9129345417022705,0.16239005327224731
-0.1049470379948616,0.38848966360092163,-5.115058593219146e-05,0.18542048335075378,0.0030485494062304497,-0.8847402334213257,0.001965582836419344,-1.611505150794983,5.452079130918719e-05,-1.0420777797698975,1.5708940029144287,0.35635775327682495,-0.814206600189209,0.28583869338035583
-0.09258852154016495,0.445794939994812,-1.0602360816847067e-05,-0.3008345663547516,-0.07558874785900116,-0.3206566870212555,-0.00667344406247139,-1.5698537826538086,-0.0027393416967242956,-1.0411826372146606,1.5667375326156616,0.4949928820133209,-0.6246193051338196,0.23709796369075775
-0.06650368124246597,0.40181538462638855,-9.328158739663195e-06,-0.2848164141178131,-0.07742291688919067,-0.4190857708454132,-0.022830571979284286,-1.5102193355560303,-0.0032134363427758217,-1.0424203872680664,1.565043568611145,0.4686761796474457,-0.5800489783287048,0.24481578171253204
0.0711301863193512,0.2395462691783905,0.0003848063643090427,-0.40712180733680725,-0.031814418733119965,-0.007921955548226833,-0.008745349012315273,-1.6045687198638916,-0.0013646619627252221,-1.0403087139129639,1.5683012008666992,0.2780075967311859,-0.40173038840293884,0.29982641339302063
0.10939072072505951,0.21855683624744415,0.00031169314752332866,-0.43165135383605957,-0.024778632447123528,0.11303360760211945,0.024122891947627068,-1.5336252450942993,-0.001953735016286373,-1.0416955947875977,1.5716217756271362,0.23772698640823364,-0.3225690722465515,0.340169221162796
0.11236914247274399,0.21800841391086578,0.0001656465174164623,-0.5041804313659668,-0.008362527005374432,-0.0957196056842804,0.11537952721118927,-1.5502874851226807,-0.0039486270397901535,-1.0422862768173218,1.5808371305465698,0.1695512980222702,-0.2733476459980011,0.2612072229385376
0.08947429805994034,0.2219592034816742,0.00013417322770692408,-0.6317555904388428,-0.005341740790754557,0.09138014167547226,0.11660978198051453,-1.568572759628296,-0.003694005776196718,-1.0432292222976685,1.5808171033859253,0.17082642018795013,-0.29245755076408386,0.21493420004844666
0.11167478561401367,0.21345563232898712,0.00010868031677091494,-0.4690150022506714,-0.005208113696426153,-0.21732579171657562,0.07631821185350418,-1.5250624418258667,-0.0026197079569101334,-1.0439856052398682,1.5774495601654053,0.17656908929347992,-0.2885972559452057,0.20892155170440674
0.09742715954780579,0.21585918962955475,8.80310544744134e-05,-0.5020084977149963,-0.0035386995878070593,-0.05038290470838547,0.06597631424665451,-1.5807172060012817,-0.002184482989832759,-1.044856071472168,1.5765597820281982,0.18475167453289032,-0.3214355707168579,0.2165801078081131
0.11028103530406952,0.2077191025018692,7.130515587050468e-05,-0.34379857778549194,-0.0052958386950194836,-0.17861466109752655,0.030787359923124313,-1.6015897989273071,-0.0012984981294721365,-1.0451699495315552,1.5734829902648926,0.19308018684387207,-0.34359732270240784,0.25697726011276245
0.14332515001296997,0.20687688887119293,4.427153180586174e-05,-0.07993760704994202,-0.005630766972899437,-0.5455325245857239,0.02316989190876484,-1.5487182140350342,-0.0010448824614286423,-1.0401531457901,1.572660207748413,0.19812946021556854,-0.40952545404434204,0.27970173954963684
0.09361820667982101,0.22151006758213043,3.593815927160904e-05,-0.1646534651517868,0.0140902791172266,-0.4214898645877838,0.02008790709078312,-1.6347547769546509,0.00011805271060438827,-1.0411629676818848,1.5732393264770508,0.20168569684028625,-0.4695897400379181,0.27397921681404114
0.04496841877698898,0.2235545963048935,2.8274822398088872e-05,-0.2252320945262909,0.004580020438879728,-0.2971266806125641,0.013258730992674828,-1.6003574132919312,-0.00029922890826128423,-1.043500542640686,1.5721813440322876,0.21181707084178925,-0.491506963968277,0.27412503957748413
0.028106689453125,0.23639166355133057,2.2902606360730715e-05,-0.150908961892128,0.01070380862802267,-0.30208149552345276,0.01610551029443741,-1.6222862005233765,4.513662133831531e-06,-1.04409921169281,1.57280433177948,0.21957159042358398,-0.5111944675445557,0.30518490076065063
0.024750404059886932,0.23829708993434906,1.8551110770204104e-05,-0.055766791105270386,-0.0008585748728364706,-0.37698501348495483,0.0096861207857728,-1.6955485343933105,-0.0002985149621963501,-1.0439716577529907,1.5715891122817993,0.2307397574186325,-0.5783869028091431,0.3229493200778961
0.05128687247633934,0.2244078367948532,1.502639952377649e-05,0.123989537358284,-0.01907837763428688,-0.5885429978370667,0.0011600084835663438,-1.7185311317443848,-0.0002092656068271026,-1.0442545413970947,1.5693224668502808,0.23505301773548126,-0.6530094742774963,0.30844226479530334
0.09267137944698334,0.22245021164417267,1.217138378706295e-05,0.3744507133960724,-0.014725078828632832,-0.8825956583023071,0.003553739283233881,-1.7880582809448242,-0.0005568539490923285,-1.042069435119629,1.5705208778381348,0.22572045028209686,-0.7399332523345947,0.2715325355529785
0.05728412792086601,0.21047334372997284,7.985644515429158e-06,0.28119900822639465,-0.009748297743499279,-0.5137941837310791,0.0038220896385610104,-1.875303030014038,-0.0004970704903826118,-1.044653058052063,1.570900321006775,0.21176043152809143,-0.8139906525611877,0.2976521849632263
0.05334516614675522,0.222978413105011,6.468372248491505e-06,0.24238772690296173,-0.008754657581448555,-0.4247382879257202,0.010369453579187393,-1.8792970180511475,-0.0008700487087480724,-1.044297695159912,1.5721536874771118,0.21539807319641113,-0.7829751968383789,0.3414910137653351
0.007903089746832848,0.2505965530872345,5.239381607680116e-06,0.04897969961166382,-0.007560085505247116,-0.06748614460229874,0.02102244645357132,-1.8383840322494507,-0.0010638409294188023,-1.0463848114013672,1.5730798244476318,0.23282811045646667,-0.7413199543952942,0.3831566572189331
-0.07772070914506912,0.42959684133529663,-3.8764133933000267e-05,-0.050827667117118835,0.008143450133502483,-0.16781149804592133,-0.03466450795531273,-1.7001092433929443,0.00020352743740659207,-1.0475136041641235,1.5692951679229736,0.45232298970222473,-0.7567906975746155,0.40172094106674194
-0.012340249493718147,-0.13786710798740387,-1.9583442281145835e-06,-0.2079281359910965,-0.016268672421574593,-0.2660793662071228,-0.033371105790138245,-1.5315699577331543,0.001017946982756257,-1.0446674823760986,1.5671051740646362,-0.10021011531352997,-0.49495092034339905,0.3658428490161896
-0.023144353181123734,-0.1696740984916687,-1.5862588043091819e-06,-0.1860686093568802,-0.012664440087974072,-0.33339041471481323,-0.026873374357819557,-1.5565605163574219,0.000885502842720598,-1.0461071729660034,1.567849040031433,-0.13339863717556,-0.5366226434707642,0.3146795630455017
0.005793004762381315,-0.18306711316108704,-1.2848696542278049e-06,0.02357056736946106,0.01283776294440031,-0.6946125030517578,-0.016515228897333145,-1.5840771198272705,0.0017138473922386765,-1.0403000116348267,1.5700753927230835,-0.16913288831710815,-0.602910578250885,0.27997854351997375
-0.020748542621731758,0.08069846034049988,8.399784564971924e-05,-0.6775654554367065,-0.022138729691505432,-0.10332311689853668,-0.023662934079766273,-1.3828140497207642,-0.0026057332288473845,-1.049547553062439,1.567757248878479,0.11143495887517929,-0.332922101020813,0.1542552411556244
0.011261727660894394,0.06464303284883499,6.803825817769393e-05,-0.4844135344028473,-0.019124966114759445,-0.4945637285709381,-0.025092659518122673,-1.4181767702102661,-0.002194088650867343,-1.0484095811843872,1.5677367448806763,0.09663007408380508,-0.35605117678642273,0.11487460881471634
-0.09641890227794647,-0.058836448937654495,2.9793807698297314e-05,-0.9184824228286743,-0.011002019979059696,0.5640680193901062,-0.03569769859313965,-1.5738983154296875,-0.0023497703950852156,-1.0482680797576904,1.5667740106582642,-0.015117385424673557,-0.3654239773750305,0.15975376963615417
-0.04559088870882988,-0.1661480814218521,1.9547676856745966e-05,-0.6891995072364807,-0.007225540466606617,0.4017419219017029,-0.013684393838047981,-1.5975652933120728,-0.0020651542581617832,-1.047911286354065,1.5687650442123413,-0.1278572678565979,-0.37510231137275696,0.26124194264411926
-0.13132250308990479,-0.2532256543636322,0.00023923336993902922,0.2747669219970703,0.002577570267021656,-0.7768666744232178,0.03316229581832886,-1.43781316280365,-0.0006059841252863407,-1.0465786457061768,1.5747747421264648,-0.2839602828025818,-0.8067532181739807,0.33503276109695435
-0.049989569932222366,-0.16722121834754944,1.9233535567764193e-05,-0.2075047791004181,-0.00697187939658761,-0.27965736389160156,0.0036568129435181618,-1.5488319396972656,-0.0010337464045733213,-1.0477831363677979,1.570288896560669,-0.1564144343137741,-0.5571309924125671,0.3523237407207489
-0.09706088155508041,-0.21253103017807007,1.5579164028167725e-05,-0.29928696155548096,-0.023416394367814064,-0.22095292806625366,-0.020020617172122,-1.548783302307129,-0.0011813812889158726,-1.048129916191101,1.567173957824707,-0.1772056370973587,-0.5706275105476379,0.30458831787109375
-0.11230993270874023,-0.2451244741678238,1.2619123481272254e-05,-0.27070653438568115,-0.018171662464737892,-0.4216966927051544,-0.01816217042505741,-1.4712131023406982,-0.0008294099243357778,-1.0473480224609375,1.5677012205123901,-0.20970335602760315,-0.5863986611366272,0.27478066086769104
0.02523636817932129,-0.15349480509757996,0.00027413960197009146,-0.015907011926174164,-0.007639117073267698,-0.5261072516441345,-0.008534785360097885,-1.62693190574646,0.0031381912995129824,-1.0462918281555176,1.5673277378082275,-0.15023140609264374,-0.6231777667999268,0.2628920078277588
0.024121470749378204,-0.1415165364742279,0.00022205308778211474,0.049513764679431915,0.0020594329107552767,-0.6509537100791931,-0.004986496176570654,-1.5283962488174438,0.0025432973634451628,-1.0464637279510498,1.5688354969024658,-0.14509418606758118,-0.6076103448867798,0.29909345507621765
0.03533099964261055,-0.11320608854293823,0.00017986299644690007,0.0744403749704361,0.01786423660814762,-0.7785235643386841,0.003161969128996134,-1.5782711505889893,0.001049268408678472,-1.045472264289856,1.5721768140792847,-0.1333005130290985,-0.635758101940155,0.26253971457481384
-0.00714573310688138,0.059986501932144165,-5.133747617946938e-05,-0.31814584136009216,0.02634199894964695,-0.1527964174747467,0.013171671889722347,-1.5709187984466553,-0.0006272842292673886,-1.046818733215332,1.5748991966247559,0.019356288015842438,-0.5144266486167908,0.27468252182006836
0.04950245842337608,0.09728369116783142,-4.158335650572553e-05,-0.14584124088287354,0.01552584394812584,-0.2645701766014099,-0.0022714624647051096,-1.6074751615524292,-0.0003752669144887477,-1.0466737747192383,1.5725561380386353,0.06719642877578735,-0.48003098368644714,0.33172592520713806
0.08141912519931793,0.14552035927772522,-3.368251782376319e-05,-0.016367152333259583,0.018709074705839157,-0.39511218667030334,0.0002746575919445604,-1.6988340616226196,-0.0001631312770769,-1.045962929725647,1.5727885961532593,0.11427584290504456,-0.5398345589637756,0.34109970927238464
0.05797687545418739,0.1830248087644577,-2.727258288359735e-05,-0.10325831174850464,0.006838686298578978,-0.1691514402627945,-0.0033912984654307365,-1.735926866531372,-0.0002667306689545512,-1.046194314956665,1.5716018676757812,0.16100656986236572,-0.5827761292457581,0.33392417430877686
0.06275271624326706,0.2318553626537323,-2.20907913899282e-05,-0.0801064521074295,0.011924540624022484,-0.19830463826656342,0.006277473643422127,-1.712629795074463,-0.0003847754269372672,-1.0461286306381226,1.5726747512817383,0.20264281332492828,-0.5541813373565674,0.3770325183868408
0.038990337401628494,0.2694208025932312,-1.789354246284347e-05,-0.1985258311033249,0.005322940647602081,0.08176341652870178,-0.0037751984782516956,-1.7183836698532104,-5.736223829444498e-05,-1.0465847253799438,1.571197271347046,0.24714308977127075,-0.542901337146759,0.3897498548030853
-0.07069219648838043,0.11362677067518234,1.0759692486317363e-05,0.0178470928221941,0.006589158903807402,-0.4703916609287262,-0.038023896515369415,-1.647865891456604,0.0004163656267337501,-1.0456925630569458,1.568564534187317,0.1407981961965561,-0.7514224052429199,0.3323717713356018
-0.0966033786535263,0.10706000030040741,8.715350304555614e-06,-0.23424239456653595,0.021831708028912544,-0.18217572569847107,-0.024064166471362114,-1.614261269569397,0.0005920869880355895,-1.0495684146881104,1.5707772970199585,0.11642046272754669,-0.6732217669487,0.32878273725509644
-0.07529383897781372,0.11663307249546051,7.059434210532345e-06,-0.2994808852672577,0.029841894283890724,-0.27711158990859985,0.01070411130785942,-1.5128483772277832,9.695527842268348e-05,-1.048556923866272,1.5743257999420166,0.10110098868608475,-0.5747301578521729,0.3168451488018036
-0.04206285998225212,0.11747327446937561,8.717598393559456e-05,-0.34578844904899597,0.02750242128968239,-0.33223071694374084,0.013374553993344307,-1.5081037282943726,0.00021712429588660598,-1.048696517944336,1.5742417573928833,0.09717818349599838,-0.5260317921638489,0.2541786730289459
-0.01411414798349142,0.13085372745990753,6.780231342418119e-05,-0.43433064222335815,0.03158755972981453,-0.21211059391498566,0.026323720812797546,-1.4828970432281494,0.0006493959808722138,-1.049829363822937,1.5754311084747314,0.09943386912345886,-0.4730944037437439,0.22787253558635712
0.03856220841407776,0.1319529265165329,5.4919870308367535e-05,-0.43051666021347046,0.023681988939642906,-0.14331591129302979,0.0114055834710598,-1.56137216091156,0.0006443272577598691,-1.0492750406265259,1.5736302137374878,0.1093083843588829,-0.41188424825668335,0.2411368489265442
0.08722882717847824,0.11647497862577438,4.448509571375325e-05,-0.33643582463264465,0.011418827809393406,-0.3570360243320465,-0.025585949420928955,-1.5948857069015503,0.0008544676820747554,-1.0488492250442505,1.569782018661499,0.12065570056438446,-0.4041183292865753,0.24059708416461945
0.19034060835838318,0.17528733611106873,1.9151000742567703e-05,-0.004063446540385485,0.027401436120271683,-0.5232868194580078,-0.008182836696505547,-1.4848072528839111,0.002875933889299631,-1.0489428043365479,1.5708034038543701,0.15567880868911743,-0.4130304157733917,0.27640241384506226
-0.16174550354480743,0.09124333411455154,2.7662815682560904e-06,-0.12328368425369263,-0.0402887687087059,-0.4533368945121765,-0.06326175481081009,-1.605444312095642,-1.1478184205770958e-05,-1.0480551719665527,1.5649917125701904,0.1490328013896942,-0.7363128066062927,0.3237047791481018
-0.21603259444236755,0.07802511006593704,2.240687990706647e-06,-0.27553805708885193,-0.027283983305096626,-0.39264625310897827,-0.049682505428791046,-1.5286945104599,0.00040148504194803536,-1.0485379695892334,1.5664914846420288,0.12405126541852951,-0.746649444103241,0.25181931257247925
-0.19785715639591217,0.062276002019643784,8.74648176250048e-05,-0.23795801401138306,-0.02075091004371643,-0.48507699370384216,-0.039278145879507065,-1.4973409175872803,0.0004748120263684541,-1.0501874685287476,1.5674419403076172,0.10175696760416031,-0.7209542393684387,0.23231370747089386
-0.20148317515850067,0.061299316585063934,7.085225661285222e-05,-0.3396713137626648,-0.0028516638558357954,-0.2142389416694641,-0.024729063734412193,-1.5688940286636353,0.0015027993358671665,-1.049526333808899,1.5693320035934448,0.0805206224322319,-0.7052649855613708,0.24291715025901794
-0.12186587601900101,0.049697648733854294,-7.5607153121382e-05,-0.09379509091377258,-0.003990984987467527,-0.5343295931816101,-0.019196294248104095,-1.5639078617095947,0.001020328956656158,-1.045962929725647,1.5696510076522827,0.06682192534208298,-0.6810829043388367,0.27946737408638
-0.11116426438093185,0.04993858188390732,-6.124179344624281e-05,-0.20812708139419556,0.010833557695150375,-0.2956236004829407,-0.013598273508250713,-1.6680946350097656,0.0015813249628990889,-1.0461969375610352,1.5706145763397217,0.05402424558997154,-0.7211421728134155,0.2746502161026001
-0.10096394270658493,0.03925512731075287,-0.0002044418069999665,-0.35065487027168274,0.00562216155230999,0.05552541837096214,-0.01785280741751194,-1.5838671922683716,0.001331703388132155,-1.0463846921920776,1.5698508024215698,0.04777756333351135,-0.6200879812240601,0.321148157119751
0.020340869203209877,-0.08161111176013947,-5.36958577868063e-05,-0.5377378463745117,-0.004584430251270533,0.19787363708019257,0.006744867656379938,-1.7097889184951782,-0.00030700748902745545,-1.0465174913406372,1.5713125467300415,-0.08271587640047073,-0.4320681095123291,0.3086812496185303
0.021597733721137047,-0.08544669300317764,-4.34936628153082e-05,-0.6872783303260803,-0.002750311279669404,0.38662591576576233,-0.004503867123275995,-1.6029382944107056,-0.00039067509351298213,-1.046647071838379,1.570347547531128,-0.08151387423276901,-0.35318875312805176,0.28852614760398865
0.06230925768613815,-0.10492803156375885,-3.5229866625741124e-05,-0.5970100164413452,-1.1994312444585375e-05,0.08503974974155426,-0.023600317537784576,-1.586532473564148,-0.0007937003974802792,-1.0467485189437866,1.5684767961502075,-0.08675779402256012,-0.2888871133327484,0.2782765328884125
0.09293195605278015,-0.14082132279872894,-2.8536192985484377e-05,-0.5063971877098083,-0.0012912718812003732,-0.21455088257789612,-0.057689230889081955,-1.511470913887024,0.0001332698157057166,-1.0470590591430664,1.5658079385757446,-0.10268225520849228,-0.3138286769390106,0.20590470731258392
0.08360788226127625,-0.16403131186962128,-2.3114316718420014e-05,-0.6539374589920044,-0.0016365903429687023,0.05769311636686325,-0.04713502526283264,-1.5921679735183716,5.717520980397239e-05,-1.0474216938018799,1.5666568279266357,-0.1276393085718155,-0.3119112253189087,0.17836597561836243
0.07631521672010422,-0.16965316236019135,-1.872259599622339e-05,-0.833155632019043,-0.0027906501200050116,0.47296714782714844,-0.007434135302901268,-1.5314768552780151,-4.869396434514783e-05,-1.047448992729187,1.5700891017913818,-0.1555226445198059,-0.22772721946239471,0.2094288468360901
0.12859755754470825,-0.14441531896591187,0.0001532396418042481,-0.6241042017936707,-0.0059313224628567696,0.17768897116184235,0.03649645298719406,-1.5669087171554565,0.000702334800735116,-1.045706033706665,1.5744456052780151,-0.16400960087776184,-0.20690365135669708,0.27147555351257324
0.09835931658744812,-0.14018087089061737,0.00012412223441060632,-0.7686032652854919,-0.004091726150363684,0.3541242480278015,0.020721809938549995,-1.4736502170562744,0.0005062373238615692,-1.0465079545974731,1.5729049444198608,-0.15315237641334534,-0.18324872851371765,0.2621189057826996
0.07251138985157013,-0.07579895853996277,-0.0001963096874533221,-0.8938637971878052,-0.000672424619551748,0.6436712741851807,0.007194523233920336,-1.5782310962677002,-0.0004656365781556815,-1.0466927289962769,1.5718281269073486,-0.08106847107410431,-0.19686295092105865,0.22326071560382843
0.054529160261154175,-0.05820498988032341,-0.00012879878340754658,-0.7858439087867737,0.00039885216392576694,0.3784489333629608,-0.0027672983705997467,-1.6061590909957886,-0.0003708943841047585,-1.0468615293502808,1.570836067199707,-0.060263730585575104,-0.23703891038894653,0.23909197747707367
0.030058518052101135,-0.04440832510590553,-0.00010432701674290001,-0.8984708786010742,-0.0009031207300722599,0.5964646339416504,0.005439136642962694,-1.6597880125045776,0.00016962135850917548,-1.0469311475753784,1.571681261062622,-0.053310368210077286,-0.24755410850048065,0.21242794394493103
0.014506161212921143,-0.016478156670928,0.00015332191833294928,-0.828446090221405,-0.002718572737649083,0.48825374245643616,0.012452822178602219,-1.7155141830444336,0.0010641346452757716,-1.046989917755127,1.5721652507781982,-0.03516329824924469,-0.2831040024757385,0.20314466953277588
0.00752785662189126,0.002210472710430622,0.0001241907593794167,-0.8293189406394958,-0.001131196622736752,0.643875002861023,0.00442916713654995,-1.7400153875350952,0.0003395829990040511,-1.0470268726348877,1.5713194608688354,-0.008355703204870224,-0.3189527094364166,0.2236468493938446
-0.00741680059581995,0.018438026309013367,-5.411703227764519e-07,-0.527323305606842,0.0009772449266165495,0.1426776796579361,-0.007806303445249796,-1.6055999994277954,-0.0005078349495306611,-1.0467368364334106,1.5701618194580078,0.019817177206277847,-0.37384483218193054,0.3060501515865326
0.040176521986722946,0.2389528602361679,-0.00011931235349038616,-0.11933332681655884,0.012658558785915375,-0.507645308971405,0.030089441686868668,-1.4660166501998901,-0.0005808700225315988,-1.0501787662506104,1.5756107568740845,0.20352628827095032,-0.4725838601589203,0.3101266920566559
0.08653100579977036,0.26026788353919983,-9.664392564445734e-05,-0.042137350887060165,0.0005555140087381005,-0.5204603672027588,0.023759640753269196,-1.5457744598388672,-0.0009106019278988242,-1.0495857000350952,1.5741684436798096,0.23512421548366547,-0.5100828409194946,0.2852727472782135
0.11300136893987656,0.2933040261268616,-7.826853106962517e-05,0.022487496957182884,0.010588926263153553,-0.6287163496017456,0.021309463307261467,-1.5017050504684448,-0.0006698345532640815,-1.0480396747589111,1.5745164155960083,0.2632453143596649,-0.5058897137641907,0.2994765639305115
0.13949304819107056,0.31449055671691895,-6.344095891108736e-05,0.007026206236332655,-0.0010691463248804212,-0.6782343983650208,0.014640008099377155,-1.6115185022354126,-0.0003399536362849176,-1.0454552173614502,1.572628140449524,0.2950696349143982,-0.5169114470481873,0.26908665895462036
0.06286855787038803,0.2484743297100067,2.1988550997775747e-06,-0.8889554738998413,0.0007259614649228752,0.2320195734500885,-0.10420707613229752,-1.531817078590393,-0.005611153319478035,-1.0475620031356812,1.566450595855713,0.30875933170318604,-0.22711123526096344,0.07829315215349197
0.04218331724405289,0.19646568596363068,6.919893621670781e-06,-0.9142599105834961,0.0032212946098297834,0.33952924609184265,-0.18116405606269836,-1.542429804801941,-0.008811140432953835,-1.0487174987792969,1.5593945980072021,0.29434269666671753,-0.2330895960330963,0.10397955030202866
0.03847947344183922,0.140505850315094,5.6840617617126554e-06,-0.7241011261940002,0.03430971875786781,0.04946490004658699,-0.18269529938697815,-1.477728009223938,-0.009106463752686977,-1.043947458267212,1.5730960369110107,0.24637483060359955,-0.24445563554763794,0.1382751762866974
0.031240245327353477,0.09561172127723694,3.9901883610582445e-06,-0.6817421913146973,0.02746080607175827,0.20017236471176147,-0.12192772328853607,-1.5571823120117188,-0.007796327583491802,-1.0451469421386719,1.5747153759002686,0.17697107791900635,-0.2808995842933655,0.19238536059856415
0.17895641922950745,0.2703898251056671,1.2989591596124228e-05,-0.19214433431625366,-0.0007654391229152679,-0.17315903306007385,0.016368476673960686,-1.7552074193954468,-0.0015852361684665084,-1.0473865270614624,1.570733904838562,0.27282196283340454,-0.37533801794052124,0.3614265024662018
0.1630813330411911,0.2500247359275818,1.0521568583499175e-05,-0.21090349555015564,-0.004979810677468777,-0.3014678657054901,0.00777997262775898,-1.6676528453826904,-0.0013449236284941435,-1.049185872077942,1.5700278282165527,0.25737422704696655,-0.41937002539634705,0.2984410226345062
0.11788814514875412,0.21280014514923096,9.536965990264434e-06,-0.34211352467536926,-0.01800105907022953,-0.1399141401052475,-0.011376868933439255,-1.5681722164154053,-0.0014511054614558816,-1.0496927499771118,1.567839503288269,0.23888613283634186,-0.3793720006942749,0.28707417845726013
0.06869480013847351,0.18861058354377747,7.724942406639457e-06,-0.5068435072898865,-0.014967174269258976,0.17838402092456818,-0.004612570628523827,-1.492751955986023,-0.001328936661593616,-1.049342393875122,1.5687917470932007,0.21261584758758545,-0.30739229917526245,0.33340898156166077
-0.22522005438804626,0.31666532158851624,3.9697657484794036e-05,0.23252564668655396,0.015663370490074158,-0.7462015748023987,-0.0020797597244381905,-1.6641522645950317,0.0009083200711756945,-1.0464059114456177,1.5700552463531494,0.3020147681236267,-0.9860097765922546,0.2906867265701294
-0.24051082134246826,0.34552088379859924,3.2155101507669315e-05,0.13822297751903534,0.014596526511013508,-0.8124063611030579,0.0025789053179323673,-1.6477850675582886,-6.193748413352296e-05,-1.0463045835494995,1.5718976259231567,0.3242104947566986,-0.9917551875114441,0.2597852945327759
-0.11025479435920715,0.5146640539169312,7.356055903073866e-06,-0.2082720398902893,-0.01650329679250717,-0.11970029771327972,-0.00889871921390295,-1.658449411392212,0.0007180827087722719,-1.0470120906829834,1.5674275159835815,0.5271714329719543,-0.6891175508499146,0.3395242393016815
0.0012702648527920246,0.029781855642795563,0.0005574484821408987,-0.10439444333314896,-0.034122224897146225,-0.3821794092655182,-0.08344291150569916,-1.5680104494094849,0.0017918715020641685,-1.0491397380828857,1.5594477653503418,0.1294163316488266,-0.5737602710723877,0.3402298092842102
-0.038316644728183746,-0.042774543166160583,0.00045155466068536043,-0.25110185146331787,-0.01521635428071022,-0.19657662510871887,-0.06195955350995064,-1.4647351503372192,0.0019250299083068967,-1.0486644506454468,1.562885046005249,0.03698013722896576,-0.5363753437995911,0.3340318202972412
0.025088941678404808,-0.14453819394111633,0.0010297972476109862,-0.10271010547876358,0.030254481360316277,-0.30579277873039246,0.011459489353001118,-1.559910535812378,0.000953247188590467,-1.0475521087646484,1.573350429534912,-0.13166390359401703,-0.5139597654342651,0.380792498588562
0.039435118436813354,-0.17521530389785767,0.0008341358043253422,0.04960468411445618,0.05672420933842659,-0.6636633276939392,0.019327741116285324,-1.5600053071975708,0.0013956512557342649,-1.0417531728744507,1.5761059522628784,-0.18979628384113312,-0.5682439208030701,0.3196219801902771
-0.027523867785930634,-0.2796179950237274,1.3952745803180733e-06,-0.5231095552444458,0.010108130984008312,-0.08552944660186768,0.02052673138678074,-1.3532521724700928,-0.000170768573298119,-1.0461747646331787,1.5742769241333008,-0.29362568259239197,-0.3882167339324951,0.18587622046470642
-0.073590949177742,-0.1414574384689331,-0.00034605845576152205,-0.008754981681704521,-0.0030602840706706047,-0.5291196703910828,0.047610558569431305,-1.573422908782959,9.928704093908891e-05,-1.0450630187988281,1.5722837448120117,-0.1756054013967514,-0.6892053484916687,0.3257277309894562
-0.053058382123708725,-0.13897480070590973,-0.0002803073439281434,-0.027648163959383965,-0.023666394874453545,-0.49908971786499023,0.034500300884246826,-1.5423306226730347,-0.0001984583359444514,-1.046130895614624,1.5700827836990356,-0.15116925537586212,-0.6745392084121704,0.3027717173099518
-0.05348425358533859,-0.1225564107298851,-0.00022745293972548097,-0.17795637249946594,-0.012139302678406239,-0.2823272943496704,0.029668288305401802,-1.5732464790344238,0.00010963345266645774,-1.0459887981414795,1.570778489112854,-0.1375722587108612,-0.6176590323448181,0.3289441168308258
-0.0494253970682621,-0.08944591134786606,-0.00018423688015900552,-0.23862811923027039,0.00613513495773077,-0.21916484832763672,0.04063611105084419,-1.4673376083374023,0.0003647688135970384,-1.046432614326477,1.573376178741455,-0.12223536521196365,-0.5443262457847595,0.34206217527389526
-0.03843320161104202,-0.2505953311920166,-0.0004061540821567178,0.006265603005886078,-0.0039671980775892735,-0.27489009499549866,0.04175235703587532,-1.643722653388977,-0.0006423064623959363,-1.0473979711532593,1.5738011598587036,-0.2745532691478729,-0.6970115303993225,0.378536194562912
-0.01182672567665577,-0.10458163172006607,-0.00010101055522682145,0.33264005184173584,-0.0035997305531054735,-0.9691875576972961,0.023771706968545914,-1.550187110900879,-0.0001162656772066839,-1.0461888313293457,1.571524977684021,-0.12469057738780975,-0.7408967018127441,0.3040430545806885
-0.10656818002462387,-0.07381924241781235,6.000305438647047e-05,-0.062718465924263,-0.025413483381271362,-0.687725841999054,0.006685709115117788,-1.4656280279159546,-0.002015746431425214,-1.0479122400283813,1.5702056884765625,-0.06232724338769913,-0.6995811462402344,0.23038814961910248
-0.09450104832649231,-0.10201667249202728,4.8602472816128284e-05,-0.13785810768604279,-0.05274036526679993,-0.5542938709259033,0.005108586046844721,-1.5067343711853027,-0.003279628697782755,-1.0484130382537842,1.568956732749939,-0.07054779678583145,-0.6746906042098999,0.24617649614810944
-0.07967923581600189,-0.11523406952619553,4.001420893473551e-05,-0.1901743859052658,-0.03750413656234741,-0.48022615909576416,0.004095847252756357,-1.4506301879882812,-0.0022616181522607803,-1.0507676601409912,1.5694905519485474,-0.08916960656642914,-0.6193631887435913,0.25730714201927185
-0.06505180150270462,-0.1111699566245079,3.244017352699302e-05,-0.19632305204868317,-0.007045319769531488,-0.5903832912445068,0.006920814514160156,-1.3795839548110962,5.96450045122765e-05,-1.0500075817108154,1.5710684061050415,-0.10616187006235123,-0.56432044506073,0.25718435645103455
-0.04801415652036667,-0.11823082715272903,-0.00013827707152813673,-0.26695868372917175,-0.008886844851076603,-0.4979197084903717,0.0060305288061499596,-1.4237158298492432,-0.0003032518143299967,-1.0494730472564697,1.57111394405365,-0.11370261758565903,-0.5495440363883972,0.217163547873497
-0.01924712397158146,-0.11274093389511108,-0.00011200442531844601,-0.31339821219444275,0.004274106118828058,-0.34762096405029297,0.009436177089810371,-1.3460277318954468,0.0008147367043420672,-1.0490409135818481,1.5719451904296875,-0.11900462955236435,-0.4790551960468292,0.2436133623123169
0.057297538965940475,0.028717316687107086,0.00018912625091616064,-0.37498384714126587,0.013536324724555016,-0.3871679902076721,0.07811813056468964,-1.4252221584320068,-0.0012422275030985475,-1.0480196475982666,1.5787365436553955,-0.030861523002386093,-0.35073697566986084,0.24379998445510864
0.04431694373488426,0.054574381560087204,0.00015319226076826453,-0.34978511929512024,0.00795772299170494,-0.5223034024238586,0.06177874282002449,-1.4045335054397583,-0.0013525885296985507,-1.0481418371200562,1.5769942998886108,0.0023867576383054256,-0.39615073800086975,0.18450234830379486
0.016955705359578133,0.11527115851640701,9.950513049261644e-05,-0.40997588634490967,0.0074636382050812244,-0.26239946484565735,0.035014841705560684,-1.4332045316696167,-0.000563977169804275,-1.050893783569336,1.5741100311279297,0.07700823247432709,-0.41816312074661255,0.2023976445198059
0.025460902601480484,0.1507519781589508,8.059915126068518e-05,-0.4468997120857239,0.007292021065950394,0.054836101830005646,0.037665821611881256,-1.4852244853973389,-0.0006713573238812387,-1.050757646560669,1.5743433237075806,0.11198558658361435,-0.36671778559684753,0.2910292148590088
0.07487528771162033,-0.15273328125476837,-2.3702101316303015e-05,-0.06151971593499184,-0.008351217955350876,-0.6249337792396545,-0.04847705736756325,-1.5321590900421143,9.336678340332583e-05,-1.045915961265564,1.5646528005599976,-0.09421540796756744,-0.5207577347755432,0.2719029188156128
0.048859693109989166,-0.22174662351608276,-1.919870192068629e-05,-0.2578291893005371,-0.02387268655002117,-0.33245596289634705,-0.04018928110599518,-1.6145949363708496,-0.0009780467953532934,-1.046339750289917,1.5651357173919678,-0.1593238264322281,-0.5186776518821716,0.24665862321853638
0.022350424900650978,-0.2788746953010559,-1.5550949683529325e-05,-0.359398752450943,-0.01412742305546999,-0.3121887445449829,-0.02567700296640396,-1.5455520153045654,-0.000565440277568996,-1.046467661857605,1.5670706033706665,-0.22719721496105194,-0.46381810307502747,0.2524452209472656
-0.0022092328872531652,-0.31868040561676025,-1.2596268788911402e-05,-0.5550299286842346,-0.0026900810189545155,-0.011891503818333149,0.005209371447563171,-1.5848846435546875,-0.0002945339074358344,-1.0465694665908813,1.570414662361145,-0.2912236452102661,-0.43765395879745483,0.215663343667984
0.009378483518958092,-0.34975045919418335,0.00035480764927342534,-0.5518859028816223,-0.0009176595485769212,-0.038150396198034286,0.04780883714556694,-1.5932217836380005,-0.0010098280617967248,-1.044691562652588,1.5739057064056396,-0.34636661410331726,-0.39574775099754333,0.21770137548446655
0.02417858876287937,-0.36716601252555847,0.0002873942139558494,-0.5384101867675781,0.0030724008101969957,-0.16396458446979523,0.09682381898164749,-1.5786248445510864,-0.0019582202658057213,-1.0451067686080933,1.5779588222503662,-0.39260539412498474,-0.4025784730911255,0.19577419757843018
0.02055955119431019,-0.12007640302181244,-0.00014459116209764034,0.0007528502028435469,-0.00588975427672267,-0.41789090633392334,0.004697906784713268,-1.5819178819656372,-0.0014063635608181357,-1.046022891998291,1.5717204809188843,-0.119504414498806,-0.613098680973053,0.29246172308921814
-0.11993172764778137,-0.08877695351839066,-6.132916951173684e-06,0.5621850490570068,-0.0028107045218348503,-1.131603479385376,0.019995192065835,-1.5487948656082153,-0.0010384772904217243,-1.044694423675537,1.5747185945510864,-0.115996815264225,-0.9611348509788513,0.27698057889938354
-0.1343885213136673,-0.061014529317617416,0.00014536948583554476,0.5029234290122986,-0.002175490837544203,-1.1983168125152588,0.014015143737196922,-1.554577350616455,-0.0005132430233061314,-1.0451737642288208,1.5729516744613647,-0.08041754364967346,-0.991224467754364,0.19891579449176788
-0.12507885694503784,-0.046829260885715485,0.00011774928861996159,0.512514591217041,-0.001658610999584198,-1.1394256353378296,0.01005692407488823,-1.5792254209518433,-0.0002017177321249619,-1.0455600023269653,1.5718028545379639,-0.05696675553917885,-0.995756983757019,0.1901434063911438
-0.11414091289043427,-0.04717589169740677,9.53791823121719e-05,0.5102949738502502,-0.0011243494227528572,-0.9552033543586731,0.006253959611058235,-1.5040910243988037,9.86695013125427e-05,-1.0462515354156494,1.5707002878189087,-0.048569079488515854,-0.9536028504371643,0.24700160324573517
-0.052034202963113785,-0.40201568603515625,2.872937147913035e-05,0.16446267068386078,-0.008612709119915962,-0.6872009634971619,0.011041131801903248,-1.5383983850479126,0.00015521133900620043,-1.049468755722046,1.5702815055847168,-0.3936109244823456,-0.7114319205284119,0.36449944972991943
-0.08367970585823059,-0.4061710238456726,2.3271093596122228e-05,0.13422948122024536,-0.0009428521734662354,-0.868485689163208,0.016590232029557228,-1.4561448097229004,-0.0012171410489827394,-1.0514838695526123,1.5732753276824951,-0.4102475047111511,-0.7399215698242188,0.2751540243625641
-0.16197562217712402,-0.42206838726997375,1.8849585103453137e-05,-0.12573109567165375,-0.010817830450832844,-0.7358440160751343,0.01100747101008892,-1.3994145393371582,-0.000713234709110111,-1.0505627393722534,1.5715270042419434,-0.41693437099456787,-0.7343047261238098,0.22266924381256104
0.05279146879911423,-0.13031254708766937,1.3098367617203621e-06,-0.7403079271316528,0.010639539919793606,0.1296231746673584,-0.09053698182106018,-1.5692713260650635,0.0034783699084073305,-1.0444648265838623,1.5643889904022217,-0.10985048115253448,-0.29324865341186523,0.1346382200717926
0.0836140364408493,-0.1267521232366562,-0.0004842385824304074,-0.7003698945045471,0.010834353044629097,0.24864985048770905,-0.11987551301717758,-1.6576037406921387,0.0030510975047945976,-1.0450413227081299,1.5621283054351807,-0.08554892987012863,-0.2776205241680145,0.18349815905094147
0.11162445694208145,-0.12288640439510345,-0.0007856088341213763,-0.6180532574653625,0.011228964664041996,0.1900395005941391,-0.12237493693828583,-1.6257896423339844,0.002250390127301216,-1.045469045639038,1.5619539022445679,-0.07677185535430908,-0.2704100012779236,0.2392289787530899
0.18861356377601624,0.026233676820993423,-0.0003077678265981376,-0.18232862651348114,0.00754309119656682,-0.19000202417373657,0.0029961077962070704,-1.603230595588684,0.0005544306477531791,-1.0510673522949219,1.5733702182769775,0.0027062809094786644,-0.3162709176540375,0.3763160705566406
0.12274568527936935,0.04518423229455948,-0.00024929209030233324,-0.29998111724853516,-0.002809395082294941,0.02048220857977867,-0.020522169768810272,-1.5768290758132935,0.0009965195786207914,-1.0503262281417847,1.5700814723968506,0.039276350289583206,-0.35186517238616943,0.36707115173339844
-0.2095041573047638,-0.1558525562286377,-4.2776700865942985e-05,-0.11867989599704742,0.03006344474852085,-0.501552402973175,0.054259855300188065,-1.4166738986968994,-0.0015263912500813603,-1.0470647811889648,1.5781949758529663,-0.20444101095199585,-0.7048824429512024,0.3501192033290863
-0.21297040581703186,-0.14047758281230927,-3.464912515482865e-05,-0.15220794081687927,0.04084914177656174,-0.6766923069953918,0.04451759159564972,-1.4241530895233154,-0.00014839570212643594,-1.0470181703567505,1.5775614976882935,-0.19014310836791992,-0.7408769726753235,0.256728857755661
-0.045149460434913635,-0.18316467106342316,-7.375537825282663e-05,-0.005538334604352713,-0.049883510917425156,-0.6433780789375305,0.012551523745059967,-1.566548466682434,-0.002543254056945443,-1.0475422143936157,1.5708835124969482,-0.15499064326286316,-0.6896297335624695,0.23961593210697174
-0.05185135826468468,-0.19907915592193604,-5.97377002122812e-05,-0.12212726473808289,-0.03501074016094208,-0.2757043242454529,0.010708505287766457,-1.5664955377578735,-0.0018526724306866527,-1.0474886894226074,1.57114839553833,-0.17824572324752808,-0.6516162157058716,0.30030396580696106
-0.0678960308432579,0.38764962553977966,-4.4311505916994065e-05,0.2675838768482208,-0.006420926656574011,-0.6903004050254822,0.07324539870023727,-1.7795255184173584,-0.0002057942474493757,-1.0444648265838623,1.5742923021316528,0.31598255038261414,-0.9050719141960144,0.3122357726097107
0.0722256451845169,0.5915830135345459,7.561610982520506e-05,-0.3303772211074829,-0.040101394057273865,0.2270999401807785,-0.020834093913435936,-1.6732869148254395,0.001818926422856748,-1.0459309816360474,1.5642063617706299,0.6164358854293823,-0.4642980098724365,0.37616488337516785
-0.12349563837051392,-0.1066112294793129,5.008365633329959e-07,0.0026998913381248713,-0.010855665430426598,-0.27690738439559937,0.021539172157645226,-1.6941847801208496,0.0014517743838950992,-1.0477979183197021,1.5711138248443604,-0.12414957582950592,-0.7924930453300476,0.379712849855423
-0.18667851388454437,-0.08724303543567657,1.9206616343581118e-05,0.2923217713832855,-0.0005261258338578045,-0.6795742511749268,0.055237747728824615,-1.733687400817871,0.0009023742168210447,-1.0471577644348145,1.571128487586975,-0.11510076373815536,-0.9794069528579712,0.3393365442752838
-0.254923939704895,-0.09566286206245422,1.555735980218742e-05,-0.02071811817586422,-0.0021810622420161963,-0.41367819905281067,0.03992952033877373,-1.753609538078308,0.0013246993767097592,-1.049613356590271,1.5696123838424683,-0.10803915560245514,-0.9827926754951477,0.3009333908557892
-0.26691192388534546,-0.12030720710754395,1.2601461094163824e-05,-0.22922424972057343,-0.016843827441334724,-0.06149280443787575,0.02255767211318016,-1.7773317098617554,0.0009084304911084473,-1.049408197402954,1.5680650472640991,-0.11592616140842438,-0.8961460590362549,0.3177793323993683
-0.21793027222156525,-0.16109052300453186,1.0207183549937326e-05,-0.20077456533908844,-0.020434368401765823,-0.16575032472610474,-0.02483263611793518,-1.77139413356781,0.0020743233617395163,-1.0490182638168335,1.5641268491744995,-0.1318591833114624,-0.8236056566238403,0.33934256434440613
-0.16279639303684235,-0.21558040380477905,9.84930284175789e-06,-0.2137499302625656,-0.034076493233442307,-0.09516651183366776,-0.059614088386297226,-1.8281378746032715,0.0023343525826931,-1.049164891242981,1.5607560873031616,-0.161214217543602,-0.803748369216919,0.31415799260139465
-0.1490011066198349,-0.25613439083099365,7.986597665876616e-06,-0.32784050703048706,-0.02924765646457672,0.21546168625354767,-0.05305301025509834,-1.7134029865264893,0.0020024445839226246,-1.0487903356552124,1.562139630317688,-0.20319999754428864,-0.7256230711936951,0.3542887270450592
-0.1193801760673523,-0.2685915231704712,0.00036235153675079346,-0.5082097053527832,-0.0199719425290823,0.16337518393993378,0.057698849588632584,-1.7350972890853882,0.002257093321532011,-1.0479443073272705,1.5746269226074219,-0.29197144508361816,-0.5484039783477783,0.3290307819843292
-0.11713165789842606,-0.23590952157974243,0.00029351774719543755,-0.5607160329818726,-0.016825314611196518,0.1321745067834854,0.08153628557920456,-1.633516788482666,0.0013102579396218061,-1.0477938652038574,1.5766781568527222,-0.27553823590278625,-0.5590963363647461,0.2655930519104004
-0.12061765044927597,-0.18834973871707916,0.00023774936562404037,-0.6721969842910767,-0.015690980479121208,0.32846173644065857,0.1064613088965416,-1.6148176193237305,0.000819496635813266,-1.0477445125579834,1.5789545774459839,-0.24932484328746796,-0.4846693277359009,0.2701902389526367
-0.12376438081264496,-0.1546972692012787,0.00019257699023000896,-0.5994311571121216,-0.01230334397405386,0.043782953172922134,0.07957921922206879,-1.5389894247055054,0.000708153413143009,-1.0475223064422607,1.5768283605575562,-0.20727145671844482,-0.4606645107269287,0.26343607902526855
-0.14658185839653015,-0.13769274950027466,0.00015598736354149878,-0.752228856086731,-0.009934423491358757,0.2533166706562042,0.026940442621707916,-1.5083414316177368,0.0013249595649540424,-1.0477023124694824,1.5726374387741089,-0.16527535021305084,-0.4652382433414459,0.21299919486045837
-0.11434675753116608,-0.12410352379083633,-0.00021745238336734474,-0.652385413646698,-0.006053437478840351,0.06467751413583755,-0.005151604302227497,-1.45171320438385,0.0010508180130273104,-1.0477832555770874,1.5700761079788208,-0.13187241554260254,-0.4231812357902527,0.2147384136915207
-0.1138552874326706,-0.0956006720662117,-0.0001761361927492544,-0.748589277267456,-0.005064424127340317,0.32561713457107544,0.003929429221898317,-1.3858805894851685,0.0007013724534772336,-1.0476713180541992,1.570936918258667,-0.10719457268714905,-0.3854392170906067,0.2475389689207077
-0.06815854460000992,-0.0796876922249794,-0.00011227787763345987,-0.6060545444488525,-0.00028831622330471873,0.098139189183712,-0.0068412418477237225,-1.5774630308151245,0.00015777003136463463,-1.0441993474960327,1.570318341255188,-0.07238718122243881,-0.37822461128234863,0.25836804509162903
-0.016109876334667206,-0.0641876682639122,-9.094543929677457e-05,-0.3290576636791229,0.0022675602231174707,-0.33933353424072266,0.03211825713515282,-1.6667248010635376,-0.0005213835393078625,-1.0459985733032227,1.5735681056976318,-0.07888077944517136,-0.4992603659629822,0.22045600414276123
0.008968088775873184,-0.07608901709318161,-5.938324466114864e-05,-0.2755352854728699,-0.010265758261084557,0.03341131657361984,0.005733839701861143,-1.7952110767364502,-0.0006445319158956409,-1.0491256713867188,1.5706998109817505,-0.07221820205450058,-0.5845575928688049,0.2886298894882202
-0.014313411898911,-0.10586468130350113,-4.810042810277082e-05,-0.2911432981491089,-0.009615369141101837,0.18997342884540558,-0.04041193798184395,-1.7630841732025146,0.00047514590551145375,-1.0487377643585205,1.5663777589797974,-0.07829129695892334,-0.5457779765129089,0.3875310719013214
-0.022060535848140717,-0.19211530685424805,-2.556254003138747e-05,0.1329663097858429,-0.02271234430372715,-0.48557746410369873,-0.044730521738529205,-1.704211711883545,0.0007900671334937215,-1.049623966217041,1.5648016929626465,-0.14520511031150818,-0.6960321664810181,0.3577229082584381
-0.0402052067220211,-0.2219517081975937,-2.070565642497968e-05,0.21746250987052917,-0.017838764935731888,-0.43643733859062195,-0.0323202908039093,-1.766979694366455,0.0002979915007017553,-1.0499860048294067,1.5668307542800903,-0.18614646792411804,-0.7801927924156189,0.3486286997795105
-0.02350863814353943,0.34249618649482727,0.0002084406150970608,0.0191289484500885,-0.021602168679237366,-0.7305975556373596,-0.05280822515487671,-1.5459094047546387,0.0018733086762949824,-1.0425218343734741,1.5616698265075684,0.39518070220947266,-0.6633467674255371,0.27485984563827515
-0.06457380205392838,-0.19344788789749146,2.72320303338347e-05,-0.5783519148826599,-0.0033981066662818193,-0.02582605369389057,0.009866944514214993,-1.4156047105789185,-0.0006974710850045085,-1.0459933280944824,1.5715751647949219,-0.16355860233306885,-0.42567870020866394,0.18344473838806152
-0.045232661068439484,-0.22958528995513916,2.2057944079278968e-05,-0.6003612279891968,-0.002886128379032016,0.3198058307170868,0.056663911789655685,-1.5391656160354614,-0.00149846903514117,-1.0460472106933594,1.5757050514221191,-0.2274620234966278,-0.37267613410949707,0.2950587868690491
0.0052719153463840485,-0.29801684617996216,0.00034060730831697583,-0.08535784482955933,0.0298122838139534,-0.16410689055919647,0.0868077501654625,-1.6644645929336548,-0.0007663831929676235,-1.0462646484375,1.5807465314865112,-0.33847421407699585,-0.5818285942077637,0.3825205862522125
-0.016107317060232162,-0.29757118225097656,0.0002234724524896592,-0.01928301714360714,0.04020274803042412,-0.406505823135376,0.07718712091445923,-1.6570870876312256,-0.0007603191770613194,-1.0462379455566406,1.5806390047073364,-0.3487270176410675,-0.6448047161102295,0.351718932390213
-0.027816155925393105,-0.2954370975494385,0.00018103048205375671,-0.11234773695468903,0.04635583981871605,-0.22959336638450623,0.06680114567279816,-1.7061880826950073,-0.0003435841354075819,-1.0464890003204346,1.580016851425171,-0.34448742866516113,-0.6543838381767273,0.32962968945503235
0.02585655450820923,-0.25999167561531067,2.6520565370447002e-05,0.18060413002967834,0.006859196349978447,-0.6834429502487183,0.011729283258318901,-1.5408198833465576,-0.0008745107334107161,-1.0474863052368164,1.573752999305725,-0.2772158980369568,-0.6409304141998291,0.3607235848903656
0.022939519956707954,-0.22638091444969177,2.1481429939740337e-05,0.21319971978664398,0.009352455846965313,-0.7627944946289062,0.01755191944539547,-1.5385441780090332,-0.002022319007664919,-1.0474034547805786,1.5761263370513916,-0.25469815731048584,-0.6749963760375977,0.3003259301185608
0.01341803278774023,-0.20271529257297516,1.73999578692019e-05,0.22821226716041565,0.00597147224470973,-0.6891717910766602,0.0091128870844841,-1.4989572763442993,-0.0007861946942284703,-1.0473843812942505,1.5731849670410156,-0.22188083827495575,-0.677539587020874,0.3132650852203369
0.048676442354917526,0.13588504493236542,0.00018210912821814418,0.2500472664833069,0.00017297003068961203,-0.6908575892448425,0.019020624458789825,-1.499423861503601,-0.0011490762699395418,-1.0480976104736328,1.574238657951355,0.1000189483165741,-0.6494216322898865,0.3612459599971771
-0.03296180069446564,0.41848090291023254,-0.0002599958679638803,-0.04894332215189934,0.013407575897872448,-0.5149012804031372,-0.0307314395904541,-1.6362735033035278,0.0014966611051931977,-1.04914391040802,1.5673270225524902,0.43019410967826843,-0.6582804918289185,0.34792011976242065
0.23453058302402496,-0.12089385837316513,-1.669108314672485e-05,0.3647577166557312,0.005159084219485521,-0.624671995639801,0.005991215817630291,-1.6582682132720947,-0.0034063966013491154,-1.0444815158843994,1.5749351978302002,-0.11448843032121658,-0.5608945488929749,0.2808663547039032
-0.18355141580104828,0.09141228348016739,-1.8068072904497967e-06,-0.04605676233768463,0.02891145646572113,-0.4094098210334778,0.022147303447127342,-1.6257319450378418,-0.0006888688658364117,-1.042932391166687,1.5743765830993652,0.054204776883125305,-0.7666629552841187,0.37978193163871765
-0.20293234288692474,0.14473743736743927,-1.463513967792096e-06,-0.2652142643928528,0.054332077503204346,-0.15792100131511688,0.031380411237478256,-1.7504398822784424,0.0002805510303005576,-1.0437877178192139,1.5767135620117188,0.08972800523042679,-0.805130124092102,0.29957786202430725
-0.2012946903705597,0.1833639144897461,-1.185446308227256e-06,-0.4630717933177948,0.0456068255007267,0.2227656990289688,0.0265936441719532,-1.7186274528503418,0.0002559857093729079,-1.0445866584777832,1.5757977962493896,0.13255459070205688,-0.7193923592567444,0.30859801173210144
-0.1200028583407402,-0.16890500485897064,-6.996879875487139e-08,0.08745505660772324,-0.006469548214226961,-0.6743453741073608,-0.06236839294433594,-1.475001573562622,-0.0011546415043994784,-1.0485681295394897,1.5706583261489868,-0.10460668057203293,-0.7662295699119568,0.32939618825912476
-0.11954177916049957,-0.21527007222175598,-6.106527905558323e-08,0.013087025843560696,0.0064336019568145275,-0.6711590886116028,-0.04545930400490761,-1.478493332862854,-0.0015437218826264143,-1.0490137338638306,1.5727615356445312,-0.1674119383096695,-0.7368710041046143,0.2857021391391754
-0.11532974988222122,-0.24563895165920258,-4.074298587397607e-08,-0.07097352296113968,0.0301064345985651,-0.5162956714630127,-0.032928138971328735,-1.5572627782821655,-0.0009811717318370938,-1.0506105422973633,1.574586033821106,-0.2216925472021103,-0.7173731923103333,0.27762171626091003
-0.1224498450756073,-0.2613948881626129,1.0622292165862746e-06,-0.07449489831924438,0.05420682579278946,-0.6491625308990479,-0.02493896149098873,-1.4655485153198242,0.0004794722481165081,-1.0477279424667358,1.5754891633987427,-0.2611657977104187,-0.6983341574668884,0.27452945709228516
-0.10880343616008759,-0.26400938630104065,8.604056347394362e-07,-0.1297689974308014,0.07851672917604446,-0.5496509671211243,-0.02004505880177021,-1.5582199096679688,0.0023421805817633867,-1.0477010011672974,1.575975775718689,-0.28374290466308594,-0.7028536796569824,0.2376205325126648
-0.06932161003351212,-0.2524578273296356,6.969285664126801e-07,-0.09746547043323517,0.0968356728553772,-0.4773010313510895,-0.01483161747455597,-1.4696149826049805,0.004005881957709789,-1.0480070114135742,1.5764052867889404,-0.29255810379981995,-0.6571020483970642,0.2685909867286682
0.031214697286486626,0.0899047777056694,-7.529759022872895e-05,-0.05253377556800842,0.008573093451559544,-0.4899405837059021,0.023718342185020447,-1.548251986503601,-0.0011804935056716204,-1.0453519821166992,1.574205756187439,0.06478345394134521,-0.5279805660247803,0.3311552107334137
-0.013876873068511486,0.08633608371019363,-6.099104575696401e-05,-0.1809822916984558,-0.015165225602686405,-0.3907623589038849,0.015981871634721756,-1.5076403617858887,-0.0018560088938102126,-1.0459649562835693,1.5720367431640625,0.08248241245746613,-0.5550844073295593,0.3036985397338867
-0.040412940084934235,0.07401753216981888,-0.000966677675023675,-0.27006110548973083,-0.03169187903404236,-0.2713276743888855,0.00607575848698616,-1.5936702489852905,-0.0027645337395370007,-1.045725703239441,1.5704669952392578,0.08789150416851044,-0.5415127277374268,0.28735265135765076
-0.053819190710783005,0.05022210255265236,-0.0007830089307390153,-0.2886025309562683,-0.040722399950027466,-0.19624483585357666,-0.017140140756964684,-1.4854587316513062,-0.0026112280320376158,-1.0460923910140991,1.5676406621932983,0.08423975855112076,-0.534865140914917,0.2970060408115387
-0.02579728327691555,0.01175004057586193,-0.0006342372507788241,-0.1722724437713623,-0.046755097806453705,-0.23298974335193634,-0.044003576040267944,-1.4871878623962402,-0.0018094535917043686,-1.0460541248321533,1.564468264579773,0.06958971172571182,-0.5091218948364258,0.35618171095848083
-0.05719200149178505,-0.2026393860578537,-0.00014794510207138956,0.4040696322917938,-0.009810147807002068,-0.7715244293212891,0.09341320395469666,-1.548364281654358,-0.0019326707115396857,-1.0512560606002808,1.578669548034668,-0.2674437463283539,-0.8279916644096375,0.3536750376224518
-0.03968126326799393,0.24767495691776276,-7.91183629189618e-06,-0.2304166704416275,-0.007772806566208601,-0.053259894251823425,-0.002400777069851756,-1.6975606679916382,2.7026051157008624e-06,-1.047688364982605,1.568416953086853,0.2688429355621338,-0.6356824040412903,0.3877285420894623
-0.011570315808057785,0.20853057503700256,-6.408587069017813e-06,-0.41743287444114685,-0.007142721675336361,0.1505114883184433,-0.01676112785935402,-1.7294985055923462,0.0004199068353045732,-1.0476959943771362,1.5674487352371216,0.23539887368679047,-0.5354943871498108,0.3476164638996124
0.04238114506006241,0.1796654760837555,-5.311820132192224e-06,-0.44750499725341797,-0.005931250285357237,-0.009433477185666561,-0.0008121384307742119,-1.7735142707824707,0.00011995301611023024,-1.047386884689331,1.5691392421722412,0.19958576560020447,-0.4717487394809723,0.29874515533447266
0.007546423934400082,0.43317660689353943,-1.880518425423361e-07,-0.6283900141716003,-0.0038108043372631073,0.25015386939048767,-0.057352177798748016,-1.5428212881088257,0.0003079551097471267,-1.046592354774475,1.5661958456039429,0.4568166136741638,-0.3385319113731384,0.25337040424346924
0.11787085235118866,-0.14088140428066254,-1.315114332101075e-06,-0.05146412178874016,-0.0009578786557540298,-0.34185588359832764,0.015125560574233532,-1.601331353187561,-0.0013098173076286912,-1.050315499305725,1.57395339012146,-0.15393312275409698,-0.46396300196647644,0.37387794256210327
0.1303723156452179,-0.13324320316314697,-9.600047405911027e-07,-0.06647595763206482,-0.00925594475120306,-0.23456363379955292,0.008486606180667877,-1.6467701196670532,-0.0012086951173841953,-1.051267385482788,1.572470784187317,-0.1389566957950592,-0.4754082262516022,0.36408814787864685
-0.060881033539772034,0.05556214600801468,-9.614145528757945e-05,-0.0793531984090805,0.0028892604168504477,-0.4822291135787964,0.01941879279911518,-1.5703305006027222,-0.0012261682422831655,-1.0428019762039185,1.5736632347106934,0.030357182025909424,-0.6236135363578796,0.3401334881782532
-0.09011037647724152,0.06802723556756973,-0.0005414271727204323,-0.1632004976272583,-0.01820814236998558,-0.43637406826019287,0.014702596701681614,-1.6422171592712402,-0.0022180320229381323,-1.0443274974822998,1.572295904159546,0.05927574634552002,-0.6731792092323303,0.2682330012321472
-0.09106505662202835,0.08916010707616806,-6.54844770906493e-05,-0.2565632164478302,-0.0440823994576931,-0.3504975140094757,-0.0006725434213876724,-1.5267384052276611,-0.0029764268547296524,-1.0397050380706787,1.569609522819519,0.11445146799087524,-0.6265594363212585,0.2421029806137085
-0.07157241553068161,0.05903423950076103,-5.304242586134933e-05,-0.15571817755699158,-0.0538189671933651,-0.5092692375183105,-0.009703878313302994,-1.490398645401001,-0.0036053156945854425,-1.0411795377731323,1.5680382251739502,0.10328136384487152,-0.5815759301185608,0.27734673023223877
-0.08191925287246704,0.04336224123835564,-4.47103229817003e-05,-0.15347875654697418,-0.03442760184407234,-0.6265734434127808,-0.008089750073850155,-1.5989694595336914,-0.0022696584928780794,-1.0396898984909058,1.5687198638916016,0.07446158677339554,-0.6524998545646667,0.23433612287044525
-0.0726248025894165,-0.0008093926007859409,-2.376108204771299e-05,-0.08311823755502701,-0.03801831230521202,-0.5220685601234436,-0.004300141241401434,-1.5125155448913574,-0.0019580877851694822,-1.0432403087615967,1.5687962770462036,0.03018648363649845,-0.6702173352241516,0.23094220459461212
-0.07274270057678223,-0.01629786565899849,-1.9246475858381018e-05,-0.14816078543663025,-0.02420991286635399,-0.25796401500701904,-0.001715068588964641,-1.5996580123901367,-0.0013276481768116355,-1.042604923248291,1.5696972608566284,0.00709163723513484,-0.6281337141990662,0.3276580274105072
-0.05441908538341522,-0.043250322341918945,-0.00022779867867939174,-0.04883222281932831,-0.026502002030611038,-0.2961363196372986,-0.004646615590900183,-1.5047763586044312,-0.0012500116135925055,-1.0437177419662476,1.5692119598388672,-0.015768015757203102,-0.6100698709487915,0.3777726888656616
-0.08337894827127457,-0.45250606536865234,-0.0002559975255280733,0.20020753145217896,-0.006184972357004881,-0.4609028100967407,0.013113907538354397,-1.7737191915512085,-0.0007682504947297275,-1.0460033416748047,1.572921633720398,-0.4480333626270294,-0.8857091665267944,0.3419913947582245
-0.11882422119379044,-0.4535539150238037,-0.00020738079911097884,-0.07760956883430481,-0.0016888838727027178,-0.0827842652797699,0.02038564905524254,-1.659142017364502,-0.0010046096285805106,-1.0464518070220947,1.574009895324707,-0.4592140316963196,-0.7796770930290222,0.3920963704586029
-0.06077722832560539,-0.4553256928920746,-5.755274469265714e-05,-0.33997008204460144,0.016849642619490623,-0.14263105392456055,0.1272021234035492,-1.6498342752456665,-0.004816122818738222,-1.045828104019165,1.584120273590088,-0.5237610936164856,-0.5586063265800476,0.3077141344547272
-0.07257609814405441,-0.40936556458473206,-4.66177225462161e-05,-0.4133906066417694,0.02590336836874485,-0.08910474926233292,0.15795612335205078,-1.5329205989837646,-0.004843987058848143,-1.0465773344039917,1.5870451927185059,-0.5062189102172852,-0.537381649017334,0.2831410765647888
-0.03618893772363663,-0.378508985042572,-3.776035373448394e-05,-0.20609720051288605,0.017980871722102165,-0.4736449122428894,0.12719136476516724,-1.4011496305465698,-0.0041412776336073875,-1.046445369720459,1.5836763381958008,-0.4723300337791443,-0.4990406334400177,0.2871774435043335
-0.017470117658376694,-0.33825209736824036,-3.256531272199936e-05,-0.18775741755962372,0.030846834182739258,-0.38834020495414734,0.1050388365983963,-1.4364407062530518,-0.002198366681113839,-1.0480608940124512,1.5819858312606812,-0.42683571577072144,-0.5166216492652893,0.2872646749019623
0.08363578468561172,-0.19383065402507782,5.872730253031477e-05,-0.38481032848358154,-0.009955771267414093,-0.3081676661968231,-0.025948677211999893,-1.432236909866333,0.0010466199601069093,-1.046181082725525,1.568192481994629,-0.17204266786575317,-0.35154998302459717,0.27393171191215515
0.07367084175348282,-0.17774994671344757,4.75691122119315e-05,-0.5598503351211548,-9.901106386678293e-05,-0.14184309542179108,0.004340866580605507,-1.3836090564727783,0.001018501236103475,-1.0467246770858765,1.5713616609573364,-0.17922241985797882,-0.29504498839378357,0.21586589515209198
0.09925664216279984,-0.17407120764255524,3.853098314721137e-05,-0.5946891903877258,8.322302164742723e-05,-0.1169189065694809,0.004549046047031879,-1.4069381952285767,0.0008113099029287696,-1.0464967489242554,1.5713520050048828,-0.17882367968559265,-0.23696404695510864,0.1954621523618698
0.1386309415102005,-0.18898959457874298,3.1210096494760364e-05,-0.5481443405151367,-0.0026766282971948385,-0.153925359249115,-0.027606887742877007,-1.5171325206756592,0.0011845692060887814,-1.0466830730438232,1.5686568021774292,-0.17492079734802246,-0.24014486372470856,0.18140821158885956
0.13980071246623993,0.13885535299777985,0.00043346628081053495,0.1715662181377411,-0.01721177063882351,-0.7684435248374939,-0.0037239049561321735,-1.5081813335418701,0.0027120953891426325,-1.0454643964767456,1.5681586265563965,0.13380196690559387,-0.5771182775497437,0.2309175431728363
0.18811602890491486,0.15515320003032684,0.0003511076793074608,0.41584908962249756,-0.015468575060367584,-0.9143470525741577,-0.007798837032169104,-1.401896357536316,0.003012286964803934,-1.0457878112792969,1.566779375076294,0.15767259895801544,-0.520928680896759,0.32133060693740845
0.1179896667599678,0.170268714427948,0.00018659302440937608,0.4078580141067505,-0.007971392013132572,-0.9952796697616577,-0.007708454504609108,-1.4699711799621582,0.002096006413921714,-1.0459041595458984,1.5671674013137817,0.17668481171131134,-0.6438598036766052,0.2667270004749298
0.07629074156284332,0.15776142477989197,0.00015114035340957344,0.3151085078716278,-0.00644901767373085,-0.8394452333450317,-0.010270283557474613,-1.4092458486557007,0.0023322738707065582,-1.0461398363113403,1.5661100149154663,0.17230165004730225,-0.6289772987365723,0.294359028339386
0.06720021367073059,0.088312067091465,9.916318231262267e-05,0.2959752678871155,-0.0064269015565514565,-0.8649924397468567,-0.02035282738506794,-1.515270471572876,0.003578095929697156,-1.0463529825210571,1.562782645225525,0.12153244018554688,-0.6304212808609009,0.3295954167842865
0.02587631344795227,0.05568980053067207,8.032203186303377e-05,0.14369508624076843,-0.0037639241199940443,-0.7564568519592285,-0.012489430606365204,-1.5793733596801758,0.0021407443564385176,-1.0465238094329834,1.5659762620925903,0.0789872258901596,-0.6786616444587708,0.2677575647830963
0.022083211690187454,0.031344566494226456,-0.00036609641392715275,0.09849383682012558,0.0023144171573221684,-0.6279051899909973,-0.0064158509485423565,-1.6146327257156372,0.0011660298332571983,-1.0472716093063354,1.5682101249694824,0.04686994105577469,-0.6715060472488403,0.2783065140247345
-0.013344774954020977,0.02015680819749832,-0.00029653808451257646,-0.12946563959121704,0.01484714075922966,-0.1650332659482956,0.0010942997178062797,-1.642517328262329,0.0005994529346935451,-1.0491185188293457,1.5707240104675293,0.022083135321736336,-0.6355668902397156,0.3348120450973511
0.04873538017272949,0.064898282289505,0.0002018328959820792,0.11573391407728195,0.00920817069709301,-0.7802793383598328,0.034629449248313904,-1.3766582012176514,-0.00038211586070246994,-1.044952630996704,1.574777603149414,0.037906210869550705,-0.5636610984802246,0.30485236644744873
0.037786222994327545,0.05156398564577103,0.00016348464123439044,0.06914085894823074,-0.006141886580735445,-0.7706717848777771,0.018825072795152664,-1.3888741731643677,0.001267248415388167,-1.045910358428955,1.5702935457229614,0.04577631130814552,-0.5564078688621521,0.2836052477359772
0.047678831964731216,0.05171030014753342,0.0001324225595453754,0.08021470904350281,0.0013842926127836108,-0.9163913130760193,0.0178444255143404,-1.422210693359375,0.0006019326974637806,-1.0452172756195068,1.5715540647506714,0.04256412386894226,-0.5749753713607788,0.2471734583377838
0.09158464521169662,-0.1366787850856781,0.0001343786861980334,0.3895924687385559,0.0042882151901721954,-0.9000687599182129,0.003206538502126932,-1.4036632776260376,0.0006213043234311044,-1.0464146137237549,1.5710803270339966,-0.13305160403251648,-0.6315373182296753,0.2903865873813629
0.06642471998929977,-0.034780729562044144,-4.802640887646703e-06,-0.14025196433067322,0.019601138308644295,-0.23227068781852722,0.010792204178869724,-1.5914702415466309,0.0004329954681452364,-1.046676754951477,1.573881983757019,-0.0638246238231659,-0.5168062448501587,0.38864728808403015
0.07840318977832794,0.003922855947166681,0.00022454993450082839,-0.21179264783859253,0.020975815132260323,-0.39789384603500366,0.01283817458897829,-1.6148755550384521,0.00044590351171791553,-1.0423133373260498,1.5740200281143188,-0.030439460650086403,-0.47385624051094055,0.3190884590148926
-0.20635752379894257,0.13143111765384674,0.00013055551971774548,-1.113844633102417,0.00628540338948369,0.4595336616039276,0.018331827595829964,-1.4480087757110596,-0.0011902009136974812,-1.0472438335418701,1.5708378553390503,0.11459232121706009,-0.39070966839790344,-0.03205427899956703
-0.15262757241725922,0.12270595133304596,0.00010575867054285482,-0.8352169394493103,0.00721918698400259,0.27583444118499756,-0.0011367473052814603,-1.4844679832458496,-0.00160971749573946,-1.047265648841858,1.568740963935852,0.1220879852771759,-0.39634719491004944,0.09748955816030502
-0.07366188615560532,0.09841157495975494,8.566452015656978e-05,-0.4497435390949249,0.006969929207116365,-0.13098713755607605,-0.03263542801141739,-1.569422960281372,-0.0010197836672887206,-1.0471670627593994,1.5663238763809204,0.11626230180263519,-0.44794759154319763,0.21595126390457153
-0.04914582148194313,0.0850875973701477,6.938842125236988e-05,-0.3962422013282776,0.005437815561890602,0.14276903867721558,-0.024328628554940224,-1.6621248722076416,-0.0009151982958428562,-1.047173261642456,1.5673530101776123,0.1015358716249466,-0.523254930973053,0.29061758518218994
-0.09867262095212936,-0.1241932362318039,0.00011940931290155277,-0.5172441601753235,-0.034097153693437576,-0.08699590712785721,-0.09514246135950089,-1.5340484380722046,0.00014498592645395547,-1.045922040939331,1.5640407800674438,-0.03554435446858406,-0.5171709060668945,0.2602311372756958
-0.0858420729637146,-0.17308568954467773,9.726682037580758e-05,-0.6719333529472351,-0.027793383225798607,0.11046303063631058,-0.07198098301887512,-1.610595703125,1.3501065950549673e-05,-1.0465211868286133,1.5656721591949463,-0.09674227982759476,-0.475308358669281,0.2051030844449997
-0.05081307142972946,-0.2049168050289154,7.878612814238295e-05,-0.7135175466537476,-0.0235250573605299,0.166540265083313,-0.01411457359790802,-1.5942836999893188,-0.0005931903142482042,-1.0467097759246826,1.5701162815093994,-0.16038726270198822,-0.4209561049938202,0.18501019477844238
-0.02484535239636898,-0.22298535704612732,6.381676212185994e-05,-0.6534148454666138,-0.019670261070132256,-0.09797702729701996,0.045768991112709045,-1.5038326978683472,-0.001363210380077362,-1.0466398000717163,1.5747387409210205,-0.21298560500144958,-0.3851091265678406,0.16681431233882904
-0.0959404930472374,0.23084422945976257,-0.0005996227846480906,-0.19938154518604279,-0.03317352756857872,-0.19083671271800995,0.004664125386625528,-1.5340781211853027,-0.0012350862380117178,-1.0475499629974365,1.570207118988037,0.2443293184041977,-0.6469488739967346,0.31064537167549133
-0.04518996924161911,0.2379407435655594,-0.00021011313947383314,-0.10282253473997116,-0.019787877798080444,-0.47546422481536865,0.01253500860184431,-1.4478529691696167,-6.674516771454364e-05,-1.0470887422561646,1.5718156099319458,0.23574964702129364,-0.5675765872001648,0.33619222044944763
-0.08510773628950119,0.23084013164043427,-0.00017019164806697518,-0.3386227488517761,-0.03794371709227562,-0.19906969368457794,0.000933160656131804,-1.4439215660095215,-0.0010932082077488303,-1.0472462177276611,1.5694913864135742,0.24651490151882172,-0.5467955470085144,0.31613242626190186
-0.09428702294826508,0.20880360901355743,-0.0001379859895678237,-0.4483075737953186,-0.03962789848446846,-0.08667928725481033,-0.03895090892910957,-1.3765811920166016,-0.00017577558173798025,-1.0477375984191895,1.565629005432129,0.25057724118232727,-0.46558651328086853,0.3139572739601135
-0.047321759164333344,0.1985257863998413,-0.00011176865518791601,-0.37096667289733887,-0.03253072500228882,-0.27504897117614746,-0.03743823245167732,-1.454781413078308,3.3107651688624173e-05,-1.0476304292678833,1.5660655498504639,0.24180671572685242,-0.44053173065185547,0.2969681918621063
-0.03457660973072052,0.17894083261489868,-9.281801612814888e-05,-0.3783789873123169,-0.034471455961465836,-0.4830104112625122,-0.04298514127731323,-1.4276823997497559,-0.000531294324900955,-1.0466035604476929,1.5653499364852905,0.22594091296195984,-0.4810550808906555,0.2132628858089447
0.1967909038066864,0.18554064631462097,-5.636896094074473e-05,-0.7267698645591736,-0.02220972068607807,0.24346132576465607,0.004881669767200947,-1.5124160051345825,-0.0026442725211381912,-1.0471957921981812,1.5714513063430786,0.2002630978822708,-0.10541770607233047,0.18952599167823792
0.21322813630104065,0.1716667115688324,-4.565885683405213e-05,-0.6466360688209534,-0.017388837411999702,0.31744152307510376,-0.0024033156223595142,-1.5119034051895142,-0.0022174257319420576,-1.0471957921981812,1.5706870555877686,0.18759018182754517,-0.08826079964637756,0.2760893404483795
-0.11092537641525269,-0.35412463545799255,3.808485416811891e-06,-0.06242023780941963,0.00552661856636405,-0.2744147777557373,0.012322214432060719,-1.647840142250061,-0.0022945343516767025,-1.0481306314468384,1.575851559638977,-0.3640422224998474,-0.7566978335380554,0.3606404960155487
-0.04749132692813873,-0.35690781474113464,3.0848732421873137e-06,0.09671071171760559,-0.005117649678140879,-0.6563077569007874,0.005548783112317324,-1.5308730602264404,-0.0017917732475325465,-1.047951340675354,1.573604941368103,-0.3578357398509979,-0.6908066272735596,0.34635648131370544
-0.03261669725179672,-0.37511247396469116,2.498747335266671e-06,0.05435565114021301,-0.016918515786528587,-0.673125147819519,-0.004183096345514059,-1.512259840965271,-0.00014769606059417129,-1.0478222370147705,1.569779634475708,-0.3595086634159088,-0.6874704360961914,0.28443196415901184
0.026255305856466293,-0.380583256483078,2.023985189225641e-06,0.20289932191371918,-0.007320436183363199,-0.8762602806091309,0.0008762587676756084,-1.534275770187378,-0.0008714293944649398,-1.0477814674377441,1.5717085599899292,-0.3733355700969696,-0.6774154901504517,0.26259541511535645
0.02079697698354721,-0.3717290461063385,1.6863103837749804e-06,0.12922725081443787,-0.00039370334707200527,-0.7478340268135071,0.007963909767568111,-1.5246152877807617,-0.002223540097475052,-1.0486030578613281,1.5746017694473267,-0.378121018409729,-0.6876121163368225,0.25299689173698425
0.053399037569761276,-0.3737298548221588,1.3659114301844966e-06,0.2344743311405182,-0.0045363097451627254,-0.8850864171981812,0.0010939881904050708,-1.517168402671814,-0.000785362790338695,-1.0483332872390747,1.571734070777893,-0.37190955877304077,-0.6434183716773987,0.2770349979400635
0.08714906126260757,-0.36622774600982666,1.072454097084119e-06,0.33253616094589233,-0.002505652839317918,-1.1321340799331665,0.004193933214992285,-1.5346615314483643,-0.00134995486587286,-1.047444462776184,1.5731134414672852,-0.37152963876724243,-0.696029007434845,0.21946537494659424
0.12850448489189148,0.13744185864925385,-0.0002096479875035584,-0.2410164475440979,-0.012549757026135921,-0.19364207983016968,-0.012779119424521923,-1.7375625371932983,-0.0018458077684044838,-1.0480849742889404,1.5707778930664062,0.12455128133296967,-0.44902369379997253,0.29369115829467773
0.10906173288822174,0.18708360195159912,-0.0001698148698778823,-0.2391098439693451,-0.0069414288736879826,-0.27061137557029724,-0.006048941984772682,-1.739977478981018,-0.0014514247886836529,-1.0454429388046265,1.571346640586853,0.17002274096012115,-0.46490851044654846,0.2819521129131317
0.07684441655874252,0.2536875009536743,-0.0001375500432914123,-0.33555275201797485,0.005730810575187206,-0.08427992463111877,0.015317426063120365,-1.7038161754608154,-0.0010444594081491232,-1.0504777431488037,1.5735806226730347,0.2179701179265976,-0.4709325432777405,0.27298545837402344
0.09107119590044022,0.33535394072532654,-0.00011141553841298446,-0.26281309127807617,0.010919186286628246,-0.07745076715946198,0.05613432079553604,-1.753352165222168,-0.001954482402652502,-1.049936056137085,1.5772143602371216,0.27590423822402954,-0.4570721387863159,0.3073517978191376
0.11493859440088272,0.4039687514305115,-9.48965098359622e-05,-0.19155855476856232,0.009921402670443058,0.05792707949876785,0.05010071024298668,-1.6855125427246094,-0.0017186659388244152,-1.0517315864562988,1.57656991481781,0.34446001052856445,-0.46037557721138,0.36534491181373596
-0.05123541131615639,0.6667664647102356,0.000263949012150988,0.17776940762996674,-0.0014857552014291286,-0.4671533703804016,-0.10149938613176346,-1.7442139387130737,0.0006158399046398699,-1.0467019081115723,1.5656304359436035,0.7164826989173889,-0.802406370639801,0.36203619837760925
-0.06563476473093033,0.6425765156745911,0.00021379820827860385,0.09905963391065598,-0.002672499045729637,-0.31718745827674866,-0.0916609913110733,-1.686616063117981,0.0011927534360438585,-1.0467554330825806,1.5646977424621582,0.6958662867546082,-0.7807151079177856,0.36817634105682373
-0.08593074977397919,-0.2694483995437622,7.207225735328393e-06,0.03549982234835625,0.027963783591985703,-0.5170808434486389,0.02153388038277626,-1.6339982748031616,-0.00021336435747798532,-1.0471454858779907,1.5755219459533691,-0.27860403060913086,-0.7152741551399231,0.34996289014816284
-0.11740872263908386,-0.27278658747673035,5.837312528456096e-06,0.024685010313987732,0.04173358529806137,-0.5891013145446777,0.02546664886176586,-1.551352858543396,-0.0008161676814779639,-1.047148585319519,1.5775511264801025,-0.2977072298526764,-0.752456545829773,0.29631954431533813
-0.14104926586151123,-0.26272711157798767,4.728223302663537e-06,-0.07576601952314377,0.05859079584479332,-0.3288283348083496,0.026940414682030678,-1.5806883573532104,-0.0006298447260633111,-1.0473222732543945,1.578927755355835,-0.3028170168399811,-0.7382242679595947,0.3188745081424713
-0.16937746107578278,-0.2389061003923416,4.026978331239661e-06,-0.16794301569461823,0.06891199201345444,-0.1621352583169937,0.03754298388957977,-1.630022406578064,-0.00032964529236778617,-1.047444224357605,1.5802805423736572,-0.2948031723499298,-0.7117381691932678,0.3770851492881775
-0.15625596046447754,-0.22711804509162903,3.2618522709526587e-06,-0.13279631733894348,0.05377468839287758,-0.16972240805625916,0.026872653514146805,-1.6897406578063965,-0.00020579519332386553,-1.0483299493789673,1.5779986381530762,-0.272192120552063,-0.7351391315460205,0.36873292922973633
-0.1234147697687149,-0.23069418966770172,2.6421005259180674e-06,0.019227107986807823,0.02437901496887207,-0.5015067458152771,0.00726167019456625,-1.6233201026916504,-0.00021251177531667054,-1.047333836555481,1.5740653276443481,-0.24930769205093384,-0.7596461772918701,0.34457480907440186
-0.10708606243133545,-0.24899807572364807,2.1401012872956926e-06,0.04692531377077103,0.0001712868397589773,-0.6837915182113647,-0.0010108870919793844,-1.5560780763626099,0.0002704730723053217,-1.048317313194275,1.5708017349243164,-0.24401073157787323,-0.7684863209724426,0.2899121642112732
0.1031515970826149,0.3192552924156189,6.838641274953261e-05,-0.4896141588687897,-0.0005941712879575789,-0.27370065450668335,-0.08978787064552307,-1.5778872966766357,0.0015041318256407976,-1.0475764274597168,1.5644659996032715,0.3497159481048584,-0.30695563554763794,0.16320766508579254
0.06488007307052612,0.21715551614761353,0.00045364428660832345,-0.07006793469190598,0.04109059274196625,-0.46803393959999084,-0.02301759459078312,-1.4933624267578125,0.00432221544906497,-1.0481183528900146,1.569764494895935,0.21091578900814056,-0.5166166424751282,0.24695579707622528
-0.028361912816762924,-0.010740736499428749,2.5482861019554548e-05,0.1594475656747818,0.0031539606861770153,-0.33183297514915466,-0.006709538400173187,-1.8514827489852905,-0.0005525208543986082,-1.0474861860275269,1.572024941444397,-0.0003044760087504983,-0.8113607168197632,0.3860049843788147
-0.0715160220861435,-0.012675241567194462,2.0686857169494033e-05,0.06627991795539856,0.004277829546481371,-0.3384276032447815,0.006893893238157034,-1.7752810716629028,-0.0009222970111295581,-1.0481626987457275,1.573337435722351,-0.01470447238534689,-0.7929189205169678,0.36055102944374084
-0.09642906486988068,-0.024996215477585793,1.6756353943492286e-05,-0.012988624162971973,-0.002253551734611392,-0.2458321899175644,-0.000639350269921124,-1.6640626192092896,-0.0006271105376072228,-1.0516998767852783,1.5718650817871094,-0.019181737676262856,-0.7549191117286682,0.37576058506965637
-0.18543599545955658,-0.460803747177124,0.0001298241113545373,0.42188045382499695,-0.004932287614792585,-0.9381604790687561,-0.009653476998209953,-1.6925140619277954,-0.0005361779476515949,-1.0451488494873047,1.5712982416152954,-0.4446064531803131,-1.0482089519500732,0.29486283659935
0.13865332305431366,-0.05294487625360489,0.00031304158619605005,-0.6989434361457825,0.026463394984602928,0.10238434374332428,-0.08718326687812805,-1.4999572038650513,0.0033272472210228443,-1.0446449518203735,1.5653371810913086,-0.053761955350637436,-0.20752480626106262,0.19509685039520264
0.19864580035209656,-0.03273231163620949,0.0002535636886022985,-0.6155011057853699,0.021428370848298073,-0.024314405396580696,-0.1324843466281891,-1.5993355512619019,0.003887724131345749,-1.0451710224151611,1.5614542961120605,-0.0027489636559039354,-0.1838499903678894,0.18004335463047028
0.18422487378120422,0.04412251338362694,7.17759394319728e-05,-0.36961686611175537,0.0032431925646960735,-0.3270040452480316,-0.09318335354328156,-1.5076147317886353,0.001990926219150424,-1.0843794345855713,1.5640318393707275,0.0827353224158287,-0.25195738673210144,0.21212001144886017
0.14797110855579376,0.024753926321864128,5.813851021230221e-05,-0.444992333650589,-0.01053479965776205,-0.079622283577919,-0.10938259214162827,-1.5552901029586792,0.0012991061666980386,-1.0772510766983032,1.5618903636932373,0.08231936395168304,-0.28727737069129944,0.2516084313392639
0.09522825479507446,-0.008298222906887531,4.7092195018194616e-05,-0.5942532420158386,-0.01016323547810316,0.3288539946079254,-0.1425367295742035,-1.553938388824463,0.0021044269669800997,-1.0718284845352173,1.5589691400527954,0.07123567163944244,-0.2629966735839844,0.3106907606124878
-0.011641478165984154,-0.2331627905368805,-3.6251065466785803e-05,0.3934272527694702,-0.0035692632663995028,-0.7696682810783386,-0.02595936320722103,-1.560448169708252,-0.000472798477858305,-1.0515172481536865,1.5716999769210815,-0.21787181496620178,-0.7934754490852356,0.3298831284046173
-0.08389584720134735,-0.171316459774971,7.882402860559523e-05,0.4335169792175293,0.0025315170641988516,-0.720545768737793,-0.021746443584561348,-1.772390365600586,0.00039782849489711225,-1.0448449850082397,1.5688669681549072,-0.15821582078933716,-0.9394758343696594,0.3322189748287201
-0.05406200513243675,-0.18733687698841095,0.00023023744870442897,0.5392711758613586,0.0022900979965925217,-0.7234734296798706,-0.02000831626355648,-1.7736880779266357,0.0005072952480986714,-1.0452895164489746,1.568690299987793,-0.1720440685749054,-0.9591915607452393,0.31037265062332153
-0.14490528404712677,-0.1835825890302658,7.129120058380067e-05,0.3553248345851898,0.0002485582372173667,-0.6472209095954895,-0.006029688753187656,-1.699615240097046,-0.00018504481704439968,-1.0459378957748413,1.5713305473327637,-0.1846587061882019,-0.9630330204963684,0.3126271367073059
-0.16470776498317719,-0.18652746081352234,5.77458631596528e-05,0.29555588960647583,0.0008597572450526059,-0.5716277956962585,-0.010791990906000137,-1.7329384088516235,0.00034951858106069267,-1.045949101448059,1.5698022842407227,-0.18013526499271393,-0.9492852687835693,0.34751516580581665
-0.16415935754776,-0.20407617092132568,4.677414835896343e-05,0.3525815010070801,0.0013791623059660196,-0.73218834400177,-0.015748856589198112,-1.6664237976074219,0.0008965978631749749,-1.0440078973770142,1.5682777166366577,-0.18844781816005707,-0.9617963433265686,0.33456557989120483
-0.16429321467876434,-0.21322469413280487,3.788706089835614e-05,0.3414064347743988,0.000719247036613524,-0.6354159712791443,-0.00858056265860796,-1.7146023511886597,0.0002835059422068298,-1.0446172952651978,1.5700174570083618,-0.2058812975883484,-0.9706511497497559,0.3206610083580017
-0.015917744487524033,0.302864134311676,-4.2546947952359915e-05,-0.13617053627967834,0.01818949170410633,-0.4288073778152466,0.017360253259539604,-1.552532434463501,-0.0016754259122535586,-1.0472657680511475,1.5733507871627808,0.2883753478527069,-0.5623175501823425,0.3065248429775238
-0.026924964040517807,0.27704134583473206,-3.446302798693068e-05,-0.03414548560976982,-0.012353877536952496,-0.7253133058547974,0.011629223823547363,-1.5681710243225098,-0.002767086261883378,-1.044095754623413,1.5714393854141235,0.2848438620567322,-0.6134799718856812,0.256664514541626
-0.031483933329582214,0.20690089464187622,-1.828171116358135e-05,0.06052270159125328,-0.020781666040420532,-0.6485346555709839,-0.002823806134983897,-1.5205212831497192,0.0005918538081459701,-1.0460317134857178,1.5671377182006836,0.23279832303524017,-0.7050419449806213,0.23761139810085297
-0.03503762558102608,0.18317201733589172,-1.4808185369474813e-05,-0.05270923674106598,-0.008630787022411823,-0.15519598126411438,0.0011143202427774668,-1.5951948165893555,0.0004455895395949483,-1.046294927597046,1.5688832998275757,0.20125271379947662,-0.6324432492256165,0.3682689964771271
-0.11608824878931046,-0.32908305525779724,0.00012873158266302198,0.49739372730255127,-0.0027685563545674086,-0.892233669757843,0.002037663711234927,-1.625234603881836,-7.392574480036274e-05,-1.0467956066131592,1.5710698366165161,-0.31334784626960754,-0.9385285377502441,0.30063170194625854
-0.14438998699188232,-0.37050503492355347,0.00010427258530398831,0.491104394197464,-0.0017109811305999756,-0.8207963109016418,-0.0018751966999843717,-1.552977204322815,0.0002863993577193469,-1.0468711853027344,1.5698422193527222,-0.34741324186325073,-0.9536601305007935,0.3138768970966339
-0.1902245134115219,-0.5071316957473755,5.541471909964457e-05,0.4902195334434509,-0.0012271427549421787,-0.9915074706077576,0.0020755792502313852,-1.5998971462249756,-0.0002716820454224944,-1.0459764003753662,1.5716485977172852,-0.4922547936439514,-1.018765926361084,0.26783397793769836
-0.17518484592437744,-0.5283898115158081,-0.00023786087695043534,0.47514721751213074,-0.00114520825445652,-0.8188645839691162,0.004832358565181494,-1.690809965133667,-0.000607115332968533,-1.0462393760681152,1.5725897550582886,-0.5195632576942444,-1.0396087169647217,0.27261266112327576
-0.19275759160518646,-0.537487804889679,-0.0001926672994159162,0.412581205368042,-0.00158339471090585,-0.7598024010658264,0.008108708076179028,-1.7006449699401855,-0.0008700984762981534,-1.0464197397232056,1.573487401008606,-0.5367045402526855,-1.026535153388977,0.31836652755737305
-0.17451730370521545,-0.5320149660110474,-0.0001560604723636061,0.4122520685195923,-0.001952759106643498,-0.637004554271698,0.011362556368112564,-1.7188578844070435,-0.0011481705587357283,-1.0465656518936157,1.5743374824523926,-0.5396291017532349,-1.0225175619125366,0.32436805963516235
-0.08383065462112427,-0.00802039634436369,-7.434310100506991e-05,-0.06587778031826019,-0.019757138565182686,-0.5673494935035706,0.08808577060699463,-1.4430361986160278,0.00041318475268781185,-1.0435069799423218,1.5725356340408325,-0.0762370377779007,-0.6383809447288513,0.3430853486061096
-0.08967714756727219,0.061329185962677,-6.0218626458663493e-05,-0.2617049515247345,-0.005597074516117573,-0.36694368720054626,0.07210458815097809,-1.5649738311767578,0.001012301305308938,-1.044273018836975,1.5726666450500488,-0.00571396853774786,-0.6291639804840088,0.2650887370109558
-0.050647638738155365,0.11907970905303955,-4.8777084884932265e-05,-0.2975257933139801,-0.011111033149063587,-0.31623414158821106,0.05152014642953873,-1.535884976387024,0.0004111217858735472,-1.0457816123962402,1.5713411569595337,0.06626599282026291,-0.5759084224700928,0.25130489468574524
0.02340594120323658,0.15966153144836426,-3.950943937525153e-05,-0.19663523137569427,-0.027667973190546036,-0.4591246545314789,0.02781028114259243,-1.601255178451538,-0.0008221314637921751,-1.044579029083252,1.5689839124679565,0.13219569623470306,-0.5378764867782593,0.2536693513393402
0.0386754609644413,0.25883010029792786,-0.0005840029334649444,-0.6169121861457825,-0.03354179859161377,0.1853209286928177,-0.0038022056687623262,-1.6591572761535645,-0.001746425754390657,-1.046849012374878,1.56771981716156,0.2591473460197449,-0.42258813977241516,0.2109891027212143
0.09237263351678848,0.284458190202713,-0.0004730423679575324,-0.5172238349914551,-0.026857562363147736,0.09725167602300644,-0.01348359789699316,-1.5468487739562988,-0.0012716158526018262,-1.046900987625122,1.5674352645874023,0.2895517647266388,-0.3126358687877655,0.2717164158821106
0.12735125422477722,0.29286229610443115,-0.0003831643261946738,-0.4770989716053009,-0.02171817421913147,0.06513149291276932,-0.04965030774474144,-1.5454117059707642,-0.00015712132153566927,-1.0468571186065674,1.5646659135818481,0.3154616355895996,-0.26936015486717224,0.31832683086395264
0.03444039821624756,0.1888810396194458,-8.764740050537512e-05,-0.455780953168869,-0.002732720458880067,-0.11306487768888474,-0.058463651686906815,-1.5953820943832397,-0.00012722804967779666,-1.0469316244125366,1.5649560689926147,0.23046177625656128,-0.3832041621208191,0.28399670124053955
-0.0170811228454113,-0.10316236317157745,-7.52345149521716e-05,-0.18833701312541962,-0.0041513508185744286,-0.5558454394340515,-0.004625380039215088,-1.4116543531417847,-0.001502378610894084,-1.0482594966888428,1.5685718059539795,-0.08385831862688065,-0.5137458443641663,0.1961095929145813
-0.0019151089945808053,-0.10952746868133545,-6.0939957620576024e-05,-0.2225007265806198,0.01785857602953911,-0.18245141208171844,0.002962738275527954,-1.4649416208267212,0.0002683709317352623,-1.0493866205215454,1.5706363916397095,-0.10994169861078262,-0.4972347021102905,0.3091057240962982
0.007535712793469429,-0.21496781706809998,4.705993433162803e-06,0.00866878405213356,-0.012128850445151329,-0.7594090700149536,0.018779326230287552,-1.455453634262085,-0.0014610177604481578,-1.0432932376861572,1.5719475746154785,-0.2155221551656723,-0.558066725730896,0.29550984501838684
0.1847182959318161,-0.16370202600955963,0.00019068436813540757,-0.12991435825824738,0.010131212882697582,-0.5132553577423096,-0.017471356317400932,-1.4711002111434937,0.001750878058373928,-1.0403980016708374,1.5699260234832764,-0.16199906170368195,-0.33777183294296265,0.24722616374492645
0.18433286249637604,-0.17620506882667542,0.00015445433382410556,-0.22403641045093536,-0.008012712001800537,-0.07822144776582718,-0.021135253831744194,-1.565704584121704,0.0007025253144092858,-1.0441123247146606,1.5685405731201172,-0.16151094436645508,-0.33688536286354065,0.33274176716804504
-0.07892633229494095,0.052577342838048935,-0.0001020016788970679,-0.20454852283000946,-0.03729695454239845,-0.2512977123260498,-0.10056287050247192,-1.5757663249969482,0.0032911067828536034,-1.047698736190796,1.5571902990341187,0.11423861235380173,-0.6294968724250793,0.3441897928714752
-0.03470331430435181,0.026424957439303398,-8.262136543635279e-05,-0.42451104521751404,-0.05016906559467316,0.1770445555448532,-0.1350465565919876,-1.6377029418945312,0.0036852373741567135,-1.0506372451782227,1.553313136100769,0.10928092896938324,-0.553215742111206,0.3396555483341217
0.2516670227050781,-0.07954271137714386,-2.3334712750511244e-05,-0.1421053111553192,-0.01671011745929718,-0.46770939230918884,-0.034362610429525375,-1.5980634689331055,0.0007575259660370648,-1.0465044975280762,1.5663414001464844,-0.04383983835577965,-0.2935411036014557,0.2961600422859192
0.24683387577533722,-0.17066629230976105,-0.0007303817546926439,-0.14999625086784363,-0.00867145974189043,-0.593174397945404,-0.009013132192194462,-1.3929766416549683,-0.00034281957778148353,-1.046870231628418,1.5701069831848145,-0.14660526812076569,-0.25654885172843933,0.23507346212863922
0.2688031494617462,-0.20164895057678223,-0.0005916092195548117,-0.016846798360347748,-0.01746198534965515,-0.7900564074516296,-0.007390856277197599,-1.3353586196899414,-0.0008181058219633996,-1.0456382036209106,1.5697579383850098,-0.1744401454925537,-0.27223411202430725,0.24998238682746887
0.2497347742319107,-0.220233753323555,-0.0004792034742422402,-0.010006210766732693,-0.0029792601708322763,-0.7544654011726379,-0.004395763389766216,-1.3227360248565674,-0.000625669548753649,-1.0459336042404175,1.5709866285324097,-0.20328658819198608,-0.29458504915237427,0.24073591828346252
0.23354002833366394,-0.22158892452716827,-0.0003881548182107508,0.01815114915370941,0.023915786296129227,-0.7608473896980286,0.000754284264985472,-1.4470620155334473,-0.0004700820136349648,-1.0460041761398315,1.5735516548156738,-0.22629806399345398,-0.32611599564552307,0.2607041001319885
0.09063506126403809,-0.01591024175286293,-0.00037122837966308,0.3428252935409546,0.04568320885300636,-0.85691899061203,0.013109789229929447,-1.4909330606460571,-0.002981991972774267,-1.0471934080123901,1.5780797004699707,-0.06568019837141037,-0.6227700114250183,0.28915178775787354
-0.04083630070090294,-0.4042891561985016,-3.980294059147127e-05,-0.6709084510803223,-0.0021599349565804005,0.26255637407302856,-0.0034884472843259573,-1.5496526956558228,0.0005446039722301066,-1.047715425491333,1.5711387395858765,-0.3808201253414154,-0.4035848379135132,0.30026423931121826
-0.012868061661720276,-0.43674007058143616,-3.224038300686516e-05,-0.6910339593887329,-0.0028449539095163345,0.13698339462280273,0.014718949794769287,-1.5853252410888672,0.0004043577937409282,-1.0476224422454834,1.5726169347763062,-0.42285507917404175,-0.356535941362381,0.22686657309532166
-0.008917703293263912,-0.47257182002067566,6.133413080533501e-06,-0.8437234163284302,-0.0024919449351727962,0.33139824867248535,0.014801803044974804,-1.5379976034164429,0.0003218752972315997,-1.0478147268295288,1.5724925994873047,-0.4603963792324066,-0.32752078771591187,0.1744474470615387
0.033905960619449615,-0.49443721771240234,4.968064786226023e-06,-0.7662897109985352,-0.0037045488134026527,0.16885118186473846,0.03183269873261452,-1.5882349014282227,0.0004542282840702683,-1.0476934909820557,1.574068546295166,-0.49423205852508545,-0.27363261580467224,0.16126741468906403
0.06460199505090714,-0.23146480321884155,6.120891384853167e-07,-0.5004801750183105,-0.0010657901875674725,0.2993856370449066,0.026429643854498863,-1.5200637578964233,-0.00011670734966173768,-1.048142910003662,1.5725661516189575,-0.26136237382888794,-0.3320745825767517,0.3157248795032501
-0.10039670020341873,0.36891594529151917,8.912147313822061e-05,-0.24866348505020142,-0.017635054886341095,-0.24984458088874817,0.030325213447213173,-1.5488662719726562,-0.001990413526073098,-1.045997142791748,1.5740725994110107,0.32698774337768555,-0.5818807482719421,0.34309157729148865
-0.07279607653617859,0.40297022461891174,7.218839164124802e-05,-0.1489754021167755,-0.04063026234507561,-0.44057464599609375,0.0001753579272190109,-1.6083569526672363,-0.002593142678961158,-1.0466684103012085,1.5697219371795654,0.395561158657074,-0.6294804215431213,0.2848320007324219
-0.07826390862464905,0.4258323907852173,5.847259672009386e-05,-0.29048120975494385,-0.0664135292172432,-0.12501811981201172,-0.015989257022738457,-1.7097502946853638,-0.0038064690306782722,-1.0472276210784912,1.5669981241226196,0.44146227836608887,-0.6557047963142395,0.27703699469566345
-0.05992836132645607,0.43228963017463684,5.425138442660682e-05,-0.1829386204481125,-0.06684576719999313,-0.369288831949234,-0.046602487564086914,-1.5747750997543335,-0.002773105865344405,-1.044348120689392,1.5639361143112183,0.47430533170700073,-0.6087338924407959,0.30525776743888855
-0.059363532811403275,0.42581743001937866,-0.0008631831733509898,-0.22173115611076355,-0.0887899100780487,-0.4224186837673187,-0.048411548137664795,-1.5696824789047241,-0.004481312818825245,-1.0455691814422607,1.5628724098205566,0.4883970022201538,-0.6078742146492004,0.2743918299674988
-0.08609677851200104,0.41815900802612305,-0.00045873093768022954,-0.5315871238708496,-0.06526613235473633,-0.008250142447650433,-0.05110403895378113,-1.5238392353057861,-0.0036952069494873285,-1.045853853225708,1.5637553930282593,0.47841447591781616,-0.5290386080741882,0.21421435475349426
-0.06576903164386749,0.38396039605140686,-0.0003715720376931131,-0.5247786641120911,-0.05439112335443497,-0.012617727741599083,-0.08581281453371048,-1.4546825885772705,-0.0018459396669641137,-1.0460929870605469,1.561314582824707,0.46471861004829407,-0.4218871593475342,0.27952760457992554
-0.016591863706707954,0.26772385835647583,-0.00024378842499572784,-0.5410312414169312,-0.03808261826634407,-0.1832505762577057,-0.18340584635734558,-1.440761923789978,0.0019409876549616456,-1.0466914176940918,1.5535086393356323,0.40272995829582214,-0.35233020782470703,0.24533669650554657
0.1274520307779312,0.14910443127155304,-8.518351387465373e-05,-0.781531810760498,0.006957855075597763,0.22505584359169006,-0.05291619524359703,-1.6045081615447998,0.0037648561410605907,-1.0480362176895142,1.5667401552200317,0.1784566342830658,-0.24408796429634094,0.13262732326984406
0.17533418536186218,0.11695621907711029,-6.899864820297807e-05,-0.7387195229530334,0.007518519181758165,0.17715807259082794,-0.0680183544754982,-1.6649526357650757,0.0029278856236487627,-1.0478730201721191,1.565385103225708,0.15679025650024414,-0.1826409548521042,0.16811935603618622
0.19138197600841522,0.09591192752122879,-5.588890417129733e-05,-0.7273713946342468,0.005620788317173719,0.15903474390506744,-0.043316688388586044,-1.5795756578445435,0.002273903926834464,-1.0477479696273804,1.5673375129699707,0.12692274153232574,-0.16724205017089844,0.16435123980045319
0.2190748006105423,0.06510759145021439,-4.527001146925613e-05,-0.6556454300880432,0.004846963565796614,0.12306991219520569,-0.04532114043831825,-1.6074612140655518,0.0019686396699398756,-1.0476374626159668,1.5671806335449219,0.09777585417032242,-0.14343316853046417,0.18804436922073364
0.26258236169815063,0.017295755445957184,-3.666870907181874e-05,-0.39353203773498535,0.0029453085735440254,-0.2468244731426239,-0.0699612945318222,-1.5359208583831787,0.0022066670935600996,-1.047607183456421,1.5651966333389282,0.06592514365911484,-0.16786883771419525,0.2183043211698532
0.26997414231300354,-0.046278923749923706,-2.9701654057134874e-05,-0.29274508357048035,-0.01208049152046442,-0.21929225325584412,-0.08607550710439682,-1.4531168937683105,0.001367276767268777,-1.0476375818252563,1.5628485679626465,0.026030316948890686,-0.18717126548290253,0.2720252275466919
0.24210625886917114,-0.22411949932575226,-9.080691233975813e-05,0.021366553381085396,-0.02190619520843029,-0.40449589490890503,-0.061702582985162735,-1.6835967302322388,0.0007534503238275647,-1.0465917587280273,1.564089298248291,-0.154149129986763,-0.35813501477241516,0.36794787645339966
0.1714574694633484,-0.2780038118362427,-7.35536013962701e-05,-0.01462047640234232,-0.011524180881679058,-0.4604889750480652,-0.04727200046181679,-1.6796576976776123,0.0005483953864313662,-1.0474216938018799,1.5661656856536865,-0.22319631278514862,-0.456125408411026,0.32588833570480347
0.12065979838371277,-0.3154543340206146,-5.957837129244581e-05,-0.05621718615293503,0.009670416824519634,-0.3796430826187134,-0.03414417430758476,-1.670007586479187,0.0007462383946403861,-1.0473464727401733,1.5686407089233398,-0.2812469005584717,-0.5044026970863342,0.3043007254600525
0.08468497544527054,-0.34505513310432434,0.00044621742563322186,-0.08034949749708176,0.026302503421902657,-0.18276441097259521,-0.02271507866680622,-1.7068225145339966,0.0012303241528570652,-1.0476566553115845,1.5703413486480713,-0.3270270526409149,-0.5163260102272034,0.3489529490470886
-0.18627621233463287,0.06410243362188339,8.88432714418741e-06,-0.11002681404352188,0.007278231903910637,-0.37768593430519104,0.009592712856829166,-1.4575731754302979,0.0013148703146725893,-1.045594334602356,1.5689963102340698,0.058089837431907654,-0.7500425577163696,0.34853440523147583
-0.15971556305885315,0.07977542281150818,7.196304522949504e-06,-0.1790209859609604,0.0289237592369318,-0.39972808957099915,0.015007516369223595,-1.3833987712860107,0.0020774793811142445,-1.0393506288528442,1.5715187788009644,0.05456002429127693,-0.6567569971084595,0.3468987047672272
-0.17552302777767181,0.08141233772039413,5.829006568092154e-06,-0.3896203637123108,0.022212140262126923,-0.21970197558403015,0.009055773727595806,-1.3731780052185059,0.0016788201173767447,-1.0406559705734253,1.5710375308990479,0.06045480817556381,-0.5813484787940979,0.31255263090133667
-0.16930562257766724,0.0928855612874031,3.221183078494505e-06,-0.5615283250808716,0.019764423370361328,0.013997173868119717,0.02039322257041931,-1.4052894115447998,0.001076173735782504,-1.0427511930465698,1.572222352027893,0.06852558255195618,-0.5098808407783508,0.2827546298503876
-0.13587580621242523,0.12265095859766006,2.6091584004461765e-06,-0.5167273879051208,0.01757786050438881,-0.10648644715547562,0.05381089448928833,-1.3707808256149292,-0.00011948144674533978,-1.0436939001083374,1.575204610824585,0.07890006899833679,-0.46648359298706055,0.2664784789085388
-0.11539570987224579,0.13906246423721313,8.964579478742962e-07,-0.5978038907051086,0.014862451702356339,0.13582415878772736,0.045603737235069275,-1.509134292602539,-0.00014085527800489217,-1.0450855493545532,1.574596643447876,0.09836222976446152,-0.4510301947593689,0.26729780435562134
0.06857095658779144,0.2687552273273468,1.625977915864496e-06,-0.5372001528739929,-0.0034425545018166304,0.08139699697494507,-0.017058078199625015,-1.7294652462005615,-0.0006725371349602938,-1.0504250526428223,1.5682897567749023,0.28493794798851013,-0.42593148350715637,0.27746182680130005
0.10934141278266907,0.2510238289833069,1.3170421198083204e-06,-0.650888979434967,-0.0026577541138976812,0.11574515700340271,-0.024780189618468285,-1.6848273277282715,-0.00037313412758521736,-1.04983389377594,1.5679388046264648,0.27018338441848755,-0.34053468704223633,0.2116042524576187
0.11882240325212479,0.24328117072582245,1.0668040886230301e-06,-0.879721462726593,-0.0029562111012637615,0.441029816865921,-0.007115395274013281,-1.5552891492843628,-0.0003040516749024391,-1.049346685409546,1.5695515871047974,0.2545371651649475,-0.2183297723531723,0.18369200825691223
0.15277694165706635,0.22523590922355652,8.641113140583911e-07,-0.7563406825065613,-0.0016154651530086994,-0.014504953287541866,-0.015746619552373886,-1.3380097150802612,-0.00031495228176936507,-1.0489373207092285,1.5687683820724487,0.241374209523201,-0.09892847388982773,0.1723766028881073
0.1846565455198288,0.1886395961046219,5.46138016943587e-06,-0.7890580296516418,-0.0017470570746809244,0.23633074760437012,-0.07239607721567154,-1.3498462438583374,-0.00012896637781523168,-1.1334165334701538,1.5656486749649048,0.23039279878139496,-0.09442239254713058,0.17156299948692322
-0.03154804930090904,0.23285461962223053,0.00010629999451339245,-0.6218695044517517,0.011871502734720707,0.3018519878387451,0.1420794427394867,-1.6263132095336914,-0.004145428538322449,-1.056105136871338,1.5844643115997314,0.15335232019424438,-0.4224366247653961,0.2860516309738159
0.06332622468471527,0.1992228627204895,3.706451752805151e-05,-0.4954564869403839,0.00636338721960783,-0.16659356653690338,0.059410497546195984,-1.5559676885604858,-0.0027636471204459667,-1.0500301122665405,1.575953722000122,0.1719924509525299,-0.33071640133857727,0.2666231095790863
-0.12633636593818665,-0.0007770330412313342,-0.00010455905430717394,-0.6520006656646729,-0.0043520377948880196,0.0800916999578476,-0.0232213344424963,-1.518892765045166,-0.0006622734945267439,-1.0486555099487305,1.5687474012374878,0.033794086426496506,-0.499836266040802,0.15934321284294128
-0.10507906228303909,-0.03688646852970123,-8.469283056911081e-05,-0.5949962139129639,-0.0033505039755254984,0.1089085191488266,-0.017809340730309486,-1.520313024520874,-0.0005992414662614465,-1.0483784675598145,1.5691890716552734,-0.007452620659023523,-0.4390921890735626,0.2479487508535385
-0.09389778971672058,-0.0639328733086586,-6.860119174234569e-05,-0.6824002861976624,-0.003684930270537734,0.3715573847293854,0.0025648558512330055,-1.5268751382827759,-0.0005457376828417182,-1.0487167835235596,1.5710400342941284,-0.04614576697349548,-0.4176276922225952,0.292388916015625
-0.05466188117861748,-0.15625381469726562,-4.4987165892962366e-05,-0.4528079628944397,-0.0014544462319463491,-0.20669372379779816,-0.037873394787311554,-1.5621243715286255,7.747187919449061e-05,-1.046692967414856,1.567392349243164,-0.11719802021980286,-0.4401390850543976,0.2644190788269043
0.04220608249306679,-0.21307121217250824,0.0004947374109178782,-0.09880709648132324,0.0655200332403183,-0.42712655663490295,0.0007786819478496909,-1.5078436136245728,0.005735472310334444,-1.049323558807373,1.5729347467422485,-0.2511231005191803,-0.508603036403656,0.31037139892578125
0.033050358295440674,-0.21151326596736908,0.00040074126445688307,-0.13228215277194977,0.048999812453985214,-0.1834317445755005,-0.001873692381195724,-1.5854490995407104,0.004566080402582884,-1.0490397214889526,1.5720410346984863,-0.2400839775800705,-0.5079554319381714,0.3563103675842285
-0.0735609382390976,-0.1896531879901886,-0.0001491430011810735,0.16168098151683807,0.0065831285901367664,-0.5599879026412964,0.0012846123427152634,-1.6983404159545898,0.0007608282612636685,-1.0446439981460571,1.5722768306732178,-0.20161646604537964,-0.8044341802597046,0.31380075216293335
-0.13578477501869202,-0.1810602992773056,0.00031209952430799603,0.007173118647187948,0.0016032933490350842,-0.25837478041648865,-0.0039070118218660355,-1.6273653507232666,0.0010407418012619019,-1.045140027999878,1.5707758665084839,-0.18605642020702362,-0.7850770950317383,0.3570595383644104
0.184494748711586,0.10907680541276932,-0.0002637241850607097,0.05606776475906372,0.02982492931187153,-0.5861436724662781,0.0252639539539814,-1.4927806854248047,-0.0014176956610754132,-1.044355869293213,1.5775636434555054,0.07130510360002518,-0.4355423152446747,0.33221396803855896
0.21540291607379913,0.14331425726413727,-0.00021361660037655383,0.14457201957702637,0.03312758728861809,-0.726172149181366,0.02634745091199875,-1.4904167652130127,-0.00191779516171664,-1.0444822311401367,1.5784320831298828,0.09934264421463013,-0.43265751004219055,0.31140291690826416
0.2160491943359375,0.1743001639842987,-0.00014124615699984133,0.15771672129631042,0.02652679570019245,-0.7324584126472473,0.02134244702756405,-1.4920580387115479,-0.001516668009571731,-1.0479605197906494,1.576924443244934,0.13548311591148376,-0.4436843991279602,0.301296204328537
0.19443771243095398,0.19108964502811432,-0.00011440938396845013,0.07649149000644684,0.01527267973870039,-0.48401135206222534,0.009370602667331696,-1.5828784704208374,3.3142935080832103e-06,-1.0478875637054443,1.5729315280914307,0.16873414814472198,-0.4536537528038025,0.3210640847682953
0.11696359515190125,-0.18883873522281647,0.0002114782837452367,-0.22181615233421326,-0.01740191876888275,-0.611768901348114,-0.06817787140607834,-1.5488474369049072,0.0020053787156939507,-1.0504716634750366,1.5625954866409302,-0.12673316895961761,-0.4094306230545044,0.23880986869335175
0.07258076220750809,0.056997232139110565,-6.40436383037013e-06,0.1511009931564331,0.030349642038345337,-0.6420478820800781,0.0044275689870119095,-1.6099897623062134,0.0001392999110976234,-1.0486031770706177,1.5736576318740845,0.022538449615240097,-0.6195719242095947,0.2947714924812317
0.06827336549758911,0.08955489844083786,-5.187534952710848e-06,0.17296887934207916,0.02279849722981453,-0.47715768218040466,-0.0006097844452597201,-1.5253347158432007,0.000642281083855778,-1.0483944416046143,1.5718308687210083,0.06256234645843506,-0.6127212643623352,0.35115841031074524
0.04723949730396271,0.19140173494815826,-0.0002747022663243115,-0.3473498225212097,-0.011430845595896244,-0.21786165237426758,-0.027081795036792755,-1.5458545684814453,0.0011983598815277219,-1.04740309715271,1.566929817199707,0.20663748681545258,-0.4164324104785919,0.3175487518310547
0.18525800108909607,0.17473319172859192,-7.706571341259405e-05,0.1317237764596939,-0.010331020690500736,-0.6018435955047607,-0.0010732247028499842,-1.5137593746185303,-0.0009392465581186116,-1.04987633228302,1.5712435245513916,0.18428979814052582,-0.4570986032485962,0.3099442422389984
0.20250661671161652,0.18753404915332794,-6.242322706384584e-05,0.2575148940086365,-0.0037498995661735535,-0.6074424982070923,0.010745708830654621,-1.5992671251296997,-0.002164651406928897,-1.045465111732483,1.574661135673523,0.1800796538591385,-0.49067267775535583,0.3635249435901642
0.14521250128746033,0.18989147245883942,-5.056281588622369e-05,0.2610512971878052,-0.002988184569403529,-0.6965414881706238,0.0037566146347671747,-1.5332850217819214,-0.0012257002526894212,-1.044876217842102,1.5725308656692505,0.18884222209453583,-0.540355920791626,0.3611396551132202
0.07856821268796921,0.1774059534072876,-4.095585973118432e-05,0.24068017303943634,-0.0034403041936457157,-0.9034066796302795,-0.0038057712372392416,-1.4820221662521362,2.4617538656457327e-05,-1.0444968938827515,1.5697511434555054,0.18704773485660553,-0.5927770137786865,0.3093322515487671
-0.02064286358654499,0.17493702471256256,-3.317424489068799e-05,0.004216894041746855,0.002697964897379279,-0.7965965867042542,0.0016326071927323937,-1.4622613191604614,-0.0009667293052189052,-1.0450607538223267,1.5720081329345703,0.17571572959423065,-0.645330548286438,0.2297162115573883
-0.08369728177785873,0.16052086651325226,-2.6871139198192395e-05,-0.16292132437229156,-0.011985388584434986,-0.5867542028427124,0.0009904972976073623,-1.402131199836731,-0.0013712835498154163,-1.045467734336853,1.5710817575454712,0.1706063449382782,-0.6244113445281982,0.2222878485918045
-0.10541526228189468,0.13084842264652252,-2.1765621568192728e-05,-0.31928980350494385,-0.0330241434276104,-0.17496134340763092,-0.0070439958944916725,-1.4944560527801514,-0.002839417662471533,-1.0467002391815186,1.569274663925171,0.15979500114917755,-0.5692094564437866,0.27803707122802734
-0.16690650582313538,-0.07251649349927902,-5.1491602789610624e-05,0.18817304074764252,0.00424600625410676,-0.7565957307815552,-0.0004578974621836096,-1.4211342334747314,-0.0001718558050924912,-1.0464969873428345,1.5717109441757202,-0.08036935329437256,-0.8061345219612122,0.35561275482177734
-0.1600160449743271,-0.06868413090705872,-4.170819738646969e-05,0.20383405685424805,0.0003283705154899508,-1.012861967086792,-0.006001166068017483,-1.3881642818450928,0.000939434627071023,-1.0462920665740967,1.5692620277404785,-0.06859203428030014,-0.824123203754425,0.27252647280693054
0.15796320140361786,0.00584776233881712,-3.586852699299925e-06,-0.46635302901268005,-1.020151648845058e-05,0.0059479302726686,-0.05004361271858215,-1.5307948589324951,0.0005661078612320125,-1.0478639602661133,1.5670063495635986,0.034985609352588654,-0.28328219056129456,0.23031626641750336
0.28917163610458374,-0.08090230077505112,-1.9062006231251871e-06,-0.07163830101490021,0.013249414972960949,-0.3529295027256012,-0.06875433027744293,-1.557240605354309,0.0021403273567557335,-1.047245979309082,1.5658398866653442,-0.043091267347335815,-0.28252431750297546,0.34039947390556335
0.2705560028553009,-0.10481959581375122,-1.543832809147716e-06,-0.08633856475353241,0.004835115745663643,-0.3570464849472046,-0.057932741940021515,-1.6488068103790283,0.001586833270266652,-1.0472506284713745,1.5662070512771606,-0.06898929923772812,-0.3011165261268616,0.3511892557144165
0.2075679451227188,-0.1180817261338234,-1.2505046242949902e-06,-0.16971918940544128,0.01654340699315071,-0.4716886281967163,-0.044927604496479034,-1.7187788486480713,0.0018316312925890088,-1.0457078218460083,1.5678149461746216,-0.0958438441157341,-0.3814556896686554,0.28207212686538696
0.08177298307418823,-0.11144693195819855,0.00016073498409241438,-0.4476245641708374,0.01924162544310093,0.021928030997514725,0.03398595377802849,-1.7562915086746216,0.0006223889067769051,-1.044560194015503,1.573803424835205,-0.1341315656900406,-0.41787856817245483,0.2512303292751312
0.07183016836643219,-0.07875789701938629,0.00013173908519092947,-0.3162703812122345,0.01989828050136566,-0.3168325424194336,0.07878212630748749,-1.6882718801498413,-0.0005419959779828787,-1.044350028038025,1.5775395631790161,-0.12783052027225494,-0.4422127604484558,0.2530103623867035
0.04199638217687607,-0.0007425047806464136,0.00028563139494508505,-0.3910631239414215,0.019111383706331253,0.1906462013721466,0.07099291682243347,-1.6046314239501953,-0.00039901636773720384,-1.0464725494384766,1.5772740840911865,-0.05637466534972191,-0.42271244525909424,0.34883931279182434
0.005228312220424414,0.17724497616291046,0.0001229535264428705,-0.2798008918762207,-0.0008425344130955637,-0.047550562769174576,0.000938135723117739,-1.6270610094070435,0.0019733302760869265,-1.046190857887268,1.570406198501587,0.15160764753818512,-0.5181429982185364,0.3470850884914398
-0.041123680770397186,-0.4232412278652191,8.034901838982478e-06,-0.05040009692311287,-0.017306026071310043,-0.5209609270095825,0.013435094617307186,-1.5321868658065796,-0.00043422248563729227,-1.042640209197998,1.5714095830917358,-0.408241331577301,-0.6343568563461304,0.3368871510028839
-0.07749930769205093,-0.4577174782752991,6.505494184239069e-06,-0.21369263529777527,-0.027699118480086327,-0.4109318256378174,0.009615582413971424,-1.477384090423584,-0.0010728224879130721,-1.043513536453247,1.57050621509552,-0.434368759393692,-0.6078310608863831,0.2804284691810608
-0.054425932466983795,-0.4798542559146881,6.903214398334967e-06,-0.2704761326313019,-0.015575297176837921,-0.27013325691223145,0.012825543992221355,-1.549263834953308,-0.0004914829623885453,-1.0449700355529785,1.5713765621185303,-0.463935524225235,-0.5623732805252075,0.2803921103477478
-0.024597620591521263,-0.48538482189178467,5.591603439825121e-06,-0.33456850051879883,-0.0005936273955740035,-0.13992838561534882,0.03526706248521805,-1.5714941024780273,-0.00038211591891013086,-1.0442616939544678,1.574226975440979,-0.49078744649887085,-0.5192409753799438,0.30113857984542847
0.027592996135354042,-0.476019948720932,4.529199031821918e-06,-0.2778662145137787,0.010295440442860126,-0.23962752521038055,0.07041305303573608,-1.6480265855789185,-0.0009513914701528847,-1.0406780242919922,1.577803373336792,-0.507796585559845,-0.49426472187042236,0.2942999601364136
0.040714479982852936,-0.45235463976860046,3.703383526953985e-06,-0.2793510854244232,0.02949722670018673,-0.24231953918933868,0.0873686894774437,-1.5286989212036133,-0.00022660076501779258,-1.0420879125595093,1.5804049968719482,-0.5107628703117371,-0.4789242446422577,0.28264451026916504
0.07592397183179855,-0.4433406591415405,2.999740672748885e-06,-0.13330447673797607,0.018193352967500687,-0.5313195586204529,0.0719669908285141,-1.4353328943252563,-0.0005628797225654125,-1.0419604778289795,1.5785958766937256,-0.4981154799461365,-0.4253710210323334,0.3038288354873657
0.03509553521871567,-0.42387261986732483,2.4297899017255986e-06,-0.2682334780693054,0.03139454871416092,-0.3722268044948578,0.060036320239305496,-1.391045093536377,0.0007410953403450549,-1.0430718660354614,1.5779322385787964,-0.4788355529308319,-0.43387851119041443,0.2748943865299225
0.02051875740289688,-0.4169481098651886,1.0367311915615574e-05,-0.2576056122779846,0.014448799192905426,-0.4695682227611542,0.04496194049715996,-1.3759937286376953,-0.00016237539239227772,-1.0406267642974854,1.5758692026138306,-0.45858457684516907,-0.4006280303001404,0.28114649653434753
-0.005891139153391123,-0.42694246768951416,8.397522833547555e-06,-0.23594588041305542,-0.014440061524510384,-0.7274843454360962,0.03191804885864258,-1.3807041645050049,-0.0027471506036818027,-1.0416977405548096,1.5736199617385864,-0.43852078914642334,-0.4700334072113037,0.2049454301595688
0.06252934783697128,-0.10723146796226501,0.00015828832692932338,-0.20054249465465546,0.011895265430212021,-0.29810431599617004,0.048682983964681625,-1.5390204191207886,5.4187130444915965e-05,-1.0456185340881348,1.5746525526046753,-0.13977371156215668,-0.47956910729408264,0.2798313796520233
0.06478419154882431,-0.09275726974010468,0.00012822059215977788,-0.13379235565662384,0.018819695338606834,-0.3901101052761078,0.045772451907396317,-1.4394561052322388,0.00035276179551146924,-1.0459660291671753,1.575110912322998,-0.13065654039382935,-0.43569812178611755,0.34425634145736694
0.03961793705821037,-0.09016487747430801,0.00010385867790319026,-0.12888221442699432,0.004115917254239321,-0.5125443935394287,0.03566586598753929,-1.447258710861206,-0.00026984550640918314,-1.044345498085022,1.573607325553894,-0.116177037358284,-0.45819181203842163,0.32136955857276917
0.013157081790268421,-0.07568394392728806,0.0003677846398204565,-0.07648270577192307,0.013857409358024597,-0.7341288924217224,0.02833126299083233,-1.43196439743042,0.0005551499780267477,-1.0447089672088623,1.573272943496704,-0.10349226742982864,-0.5222357511520386,0.24847698211669922
-0.003774727927520871,0.027723077684640884,6.81504316162318e-05,0.1325015127658844,-0.008502411656081676,-0.8694000244140625,-0.006293145939707756,-1.4874757528305054,0.0028314944356679916,-1.047546625137329,1.5660547018051147,0.03763175383210182,-0.6940950155258179,0.226258784532547
0.015147003345191479,0.02823551371693611,5.5201850045705214e-05,0.19513684511184692,-0.0009908480569720268,-0.842499315738678,-1.0861545888474211e-05,-1.4419606924057007,0.0012299076188355684,-1.0484553575515747,1.5691062211990356,0.029452644288539886,-0.6712753772735596,0.24982400238513947
0.023849323391914368,0.018334534019231796,4.471322972676717e-05,0.14347444474697113,-0.0038369183894246817,-0.5741340517997742,-0.005186782218515873,-1.564727544784546,0.001881674863398075,-1.048843502998352,1.5674911737442017,0.02641834132373333,-0.6492928862571716,0.31631436944007874
-0.07960324734449387,0.11526329815387726,0.00010884082439588383,-0.30768635869026184,-0.05445767194032669,-0.12376263737678528,-0.06822063028812408,-1.5460137128829956,0.0002888856688514352,-1.0520673990249634,1.562983512878418,0.1811702698469162,-0.5794937610626221,0.3649209439754486
-0.07158998399972916,0.06606552749872208,8.816106856102124e-05,-0.47658565640449524,-0.05319082736968994,-0.07714250683784485,-0.11418227106332779,-1.6301374435424805,0.001639989553950727,-1.0505027770996094,1.558797836303711,0.15619349479675293,-0.5355307459831238,0.2909616231918335
-0.0991571843624115,0.03125707805156708,7.336534326896071e-05,-0.7712752223014832,-0.04440859705209732,0.21350355446338654,-0.11157164722681046,-1.5473089218139648,0.0017531634075567126,-1.0503966808319092,1.559464693069458,0.1196657046675682,-0.4773535132408142,0.20134389400482178
-0.06917814165353775,-0.014594017527997494,5.9425929066492245e-05,-0.6723381876945496,-0.036164917051792145,-0.21137939393520355,-0.09462372213602066,-1.372494101524353,0.0015376866795122623,-1.0497891902923584,1.561299204826355,0.07779766619205475,-0.37736883759498596,0.13901887834072113
0.0543561652302742,-0.08585304021835327,2.2172591343405657e-05,-0.8571454882621765,-0.004325849004089832,0.5475927591323853,0.04657159000635147,-1.5578691959381104,0.0009415835957042873,-1.0493375062942505,1.5743452310562134,-0.10241135954856873,-0.2298654168844223,0.19600903987884521
-0.012484375387430191,-0.1793530285358429,-2.187217069149483e-05,0.19574320316314697,-0.007932310923933983,-0.5324171185493469,0.014302988536655903,-1.720146656036377,-0.0007760283770039678,-1.0508978366851807,1.5726330280303955,-0.18471133708953857,-0.7891586422920227,0.344016432762146
-0.016676556318998337,-0.1841774433851242,-1.7717286027618684e-05,0.11309245973825455,-0.007970507256686687,-0.4394925534725189,0.005496094468981028,-1.7210252285003662,-4.214305226923898e-05,-1.0502322912216187,1.570784568786621,-0.18119119107723236,-0.7468167543411255,0.3428882956504822
0.02410798892378807,-0.20392000675201416,-1.43510014822823e-05,0.23856016993522644,-0.009419010952115059,-0.5797566771507263,-0.004064281936734915,-1.756631851196289,0.0007379770395345986,-1.0499181747436523,1.568750262260437,-0.189363494515419,-0.7475094795227051,0.33462759852409363
0.07206971943378448,-0.21443800628185272,-1.1624310900515411e-05,0.4422779977321625,-0.007835050113499165,-0.7980068922042847,0.0005100896232761443,-1.8013339042663574,0.00020293626585043967,-1.0477068424224854,1.5702005624771118,-0.207999587059021,-0.7947759032249451,0.30311301350593567
0.102229043841362,-0.2328018993139267,-9.415692147740629e-06,0.6170896887779236,-0.005978638306260109,-0.8417609333992004,-0.0017167712794616818,-1.7967889308929443,0.0003673657774925232,-1.0476255416870117,1.5696237087249756,-0.22005639970302582,-0.8398047089576721,0.2729811370372772
0.09258843958377838,-0.24352779984474182,-7.648158316442277e-06,0.6967059969902039,-0.0053531331941485405,-0.9090624451637268,0.0010246054735034704,-1.8177388906478882,0.00012316927313804626,-1.0470939874649048,1.5705548524856567,-0.23864056169986725,-0.8660365343093872,0.28253448009490967
0.057377442717552185,-0.2398109883069992,-6.1950081544637214e-06,0.6003747582435608,-0.004775874316692352,-0.7699073553085327,0.0028255365323275328,-1.8062902688980103,-4.584945781971328e-05,-1.0480555295944214,1.5712131261825562,-0.24309100210666656,-0.9010156989097595,0.2761518359184265
0.028579052537679672,-0.22141778469085693,-5.01795648233383e-06,0.5438655018806458,-0.004793722182512283,-0.6128556132316589,0.006921365857124329,-1.7794773578643799,-0.00031484910869039595,-1.0473885536193848,1.572188377380371,-0.23276925086975098,-0.8750876784324646,0.3381909430027008
-0.06142454221844673,0.2051294445991516,3.993452628492378e-05,-0.177338644862175,0.015410718508064747,-0.32144084572792053,0.02099042758345604,-1.7022796869277954,0.0006762018310837448,-1.0506983995437622,1.5721266269683838,0.16306203603744507,-0.6741891503334045,0.3380011022090912
-0.07981929928064346,0.2487352043390274,3.2002353691495955e-05,-0.3784320056438446,0.005569645203649998,-0.26557013392448425,0.009640812873840332,-1.5880539417266846,0.00023829062411095947,-1.0503860712051392,1.5708931684494019,0.21658645570278168,-0.6165018677711487,0.250566691160202
0.06625720113515854,0.18419817090034485,4.770794839714654e-05,-0.8318909406661987,-0.01704743504524231,0.012533347122371197,-0.09855540096759796,-1.4839484691619873,-0.0007740076398476958,-1.0466914176940918,1.5624167919158936,0.2557244598865509,-0.23390989005565643,0.07980584353208542
0.03417637571692467,-0.053255610167980194,-1.1797753813880263e-06,-0.24856048822402954,-0.003701460547745228,-0.28069940209388733,0.003334969514980912,-1.487950086593628,0.0010052308207377791,-1.0500411987304688,1.5714529752731323,-0.08100705593824387,-0.4319957196712494,0.3501235842704773
0.020100032910704613,0.001985170179978013,0.0001151421238319017,-0.21645289659500122,6.964494241401553e-05,-0.5785073637962341,0.004280058201402426,-1.533389925956726,0.0010292168008163571,-1.0440025329589844,1.5715688467025757,-0.027110887691378593,-0.47930943965911865,0.2621528208255768
0.018116965889930725,0.17228347063064575,1.4024421034264378e-05,0.21309763193130493,-0.005604005418717861,-0.8260102272033691,-0.0043111578561365604,-1.6005419492721558,-0.00026208057533949614,-1.0437004566192627,1.5689643621444702,0.17702141404151917,-0.711926281452179,0.2614628076553345
0.0040022400207817554,0.18093730509281158,1.1359632480889559e-05,0.2674328684806824,-0.0027160895988345146,-0.8147407174110413,0.0009714336483739316,-1.5140010118484497,-0.0010888195829465985,-1.0443739891052246,1.571200966835022,0.17735755443572998,-0.722234845161438,0.26890289783477783
0.03274094685912132,0.18076203763484955,9.201302418659907e-06,0.3465966284275055,-0.0025255559012293816,-0.6012631058692932,-0.004301592241972685,-1.5369629859924316,-0.00017261634638998657,-1.0449068546295166,1.5693391561508179,0.18452201783657074,-0.7078722715377808,0.347389817237854
0.05162158980965614,-0.06507096439599991,-9.861722674031626e-07,-0.1282382756471634,0.0008945728186517954,-0.4981253445148468,0.020487941801548004,-1.637366771697998,-0.0019447618396952748,-1.0464204549789429,1.5749136209487915,-0.07730259746313095,-0.5379002690315247,0.29397085309028625
0.1218939870595932,-0.06130135804414749,-0.0005739654297940433,-0.13121908903121948,0.020578470081090927,-0.44423550367355347,0.012658688239753246,-1.559596300125122,0.00043769623152911663,-1.048182487487793,1.5739835500717163,-0.08091621845960617,-0.45808908343315125,0.25981342792510986
0.13297992944717407,-0.057125523686409,-0.00046491200919263065,-0.09633713960647583,0.008782646618783474,-0.5069600343704224,0.009569213725626469,-1.476710319519043,-3.068787191295996e-05,-1.0463924407958984,1.5729577541351318,-0.07035398483276367,-0.4253459870815277,0.2996886074542999
0.12656384706497192,-0.07050760090351105,-0.00037646866985596716,-0.18169352412223816,-0.016825348138809204,-0.28755974769592285,0.00358919077552855,-1.5397582054138184,-0.0012591320555657148,-1.0480941534042358,1.570896863937378,-0.06339206546545029,-0.40263831615448,0.3121757209300995
-0.14752505719661713,-0.16735416650772095,-9.671445150161162e-05,-0.26251089572906494,7.964789256220683e-05,-0.1591370552778244,0.02344825491309166,-1.5703154802322388,-0.0008650964009575546,-1.0501495599746704,1.5714162588119507,-0.16505952179431915,-0.6977315545082092,0.3476405441761017
-0.09389735013246536,-0.21623115241527557,-7.864422514103353e-05,-0.2983238399028778,-0.009178733453154564,-0.16704250872135162,-0.011202347464859486,-1.5002487897872925,-9.597529424354434e-05,-1.0509471893310547,1.5679208040237427,-0.19107061624526978,-0.5899658203125,0.3363969326019287
-0.0434286929666996,-0.25233563780784607,-6.370182381942868e-05,-0.31993183493614197,-0.007966679520905018,-0.14039066433906555,-0.010173494927585125,-1.4067727327346802,-6.966866203583777e-05,-1.0504658222198486,1.5683341026306152,-0.22435879707336426,-0.4910150468349457,0.34934133291244507
-0.029231058433651924,-0.236194908618927,-2.7294627216178924e-05,-0.6568014621734619,-0.0018192006973549724,0.22962705790996552,0.049004171043634415,-1.705248236656189,0.00011005084525095299,-1.0468639135360718,1.5759824514389038,-0.2749209702014923,-0.4242628514766693,0.22183270752429962
-0.028928717598319054,-0.20392850041389465,-2.210864840890281e-05,-0.6715205907821655,-0.0006507702637463808,0.3326108753681183,0.031256068497896194,-1.7004483938217163,-3.135273800580762e-05,-1.0469253063201904,1.5743045806884766,-0.23535096645355225,-0.4122782051563263,0.2371506690979004
-0.03602408617734909,-0.1623450517654419,-1.7906922948895954e-05,-0.6664300560951233,-0.0017009382136166096,0.4436710476875305,0.034095749258995056,-1.6338142156600952,0.0003198761842213571,-1.0470117330551147,1.5744551420211792,-0.19783541560173035,-0.38615351915359497,0.2877017557621002
0.007589560002088547,-0.17338193953037262,8.757392060942948e-05,0.2453848123550415,0.011399956420063972,-0.5052672028541565,0.014124543406069279,-1.6233137845993042,0.0006373768555931747,-1.0493892431259155,1.571481466293335,-0.19886232912540436,-0.7330027222633362,0.37778040766716003
-0.14712563157081604,-0.03525683283805847,5.890326065127738e-05,-0.3522093892097473,-0.025108996778726578,0.08017908036708832,-0.062132690101861954,-1.7738022804260254,-0.0017672487301751971,-1.0501636266708374,1.56692636013031,0.02280638925731182,-0.6680096983909607,0.36079245805740356
-0.11995802819728851,-0.08028154075145721,4.4751497625838965e-05,-0.26115739345550537,-0.022466817870736122,-0.3427983820438385,-0.05914953723549843,-1.720082402229309,-0.0012911560479551554,-1.0486164093017578,1.5668258666992188,-0.02430705353617668,-0.6949114203453064,0.286668062210083
0.06268922239542007,-0.09949879348278046,0.00014427751011680812,-0.832095205783844,0.012334225699305534,0.26174524426460266,0.042570456862449646,-1.5445071458816528,0.0018746746936812997,-1.0446460247039795,1.572961688041687,-0.13600917160511017,-0.2761780917644501,0.12940286099910736
0.08900333940982819,-0.0757422149181366,0.00011194121179869398,-0.850936770439148,0.010507871396839619,0.31407299637794495,0.060294732451438904,-1.5777400732040405,0.0036434647627174854,-1.0412516593933105,1.574257731437683,-0.11009260267019272,-0.19936874508857727,0.15239696204662323
0.09599878638982773,-0.07280091941356659,9.067237988347188e-05,-0.8873099088668823,0.008675336837768555,0.4332519769668579,0.048517100512981415,-1.5584559440612793,0.00286305183544755,-1.042387843132019,1.5735116004943848,-0.10342832654714584,-0.17623858153820038,0.16243144869804382
0.10586445033550262,-0.08551216125488281,7.344462937908247e-05,-0.8476641178131104,0.00926742423325777,0.46647170186042786,0.02489056997001171,-1.5682957172393799,0.0015153263229876757,-1.043235421180725,1.5712429285049438,-0.09782344102859497,-0.15645916759967804,0.19814814627170563
0.12388527393341064,-0.08725681155920029,5.949014666839503e-05,-0.6043731570243835,0.006565539166331291,0.11229933053255081,0.02953234873712063,-1.5129282474517822,0.001392182195559144,-1.0440126657485962,1.5720995664596558,-0.10332100838422775,-0.18178148567676544,0.23931753635406494
0.15132945775985718,-0.0721331462264061,4.818701927433722e-05,-0.47654616832733154,0.005281229503452778,0.1274293065071106,0.0597664974629879,-1.462836742401123,0.0003226501285098493,-1.0446243286132812,1.5749881267547607,-0.10473701357841492,-0.2124740332365036,0.30623823404312134
-0.21128031611442566,0.20725396275520325,6.708753062412143e-05,0.07429347187280655,-0.004187485668808222,-0.5972709655761719,0.0005646978388540447,-1.5667353868484497,0.0012504238402470946,-1.0487971305847168,1.568049669265747,0.20721258223056793,-0.8853420615196228,0.34882447123527527
-0.17345768213272095,0.19100655615329742,5.434089689515531e-05,-0.04175059124827385,-0.018560564145445824,-0.49848347902297974,-0.005561114754527807,-1.612315058708191,0.001510440488345921,-1.0484821796417236,1.566254734992981,0.20612916350364685,-0.8375158905982971,0.29341405630111694
-0.13618406653404236,0.15976449847221375,4.532740422291681e-05,-0.15343336760997772,-0.0404898039996624,-0.2879711091518402,-0.008639330044388771,-1.5477535724639893,0.00035466361441649497,-1.0499897003173828,1.5653260946273804,0.19275502860546112,-0.7354294657707214,0.3133554458618164
-0.11713887751102448,0.14216728508472443,3.6715198802994564e-05,-0.2539163827896118,-0.02938390150666237,-0.21533791720867157,-0.001632797415368259,-1.4594477415084839,0.00025074899895116687,-1.0494381189346313,1.567112684249878,0.1701834350824356,-0.610612154006958,0.36275285482406616
-0.09100586175918579,0.1416352242231369,2.973931077576708e-05,-0.23614951968193054,-0.007620092947036028,-0.46034228801727295,0.02000177837908268,-1.409399151802063,0.0005620565498247743,-1.0489704608917236,1.570884346961975,0.14482340216636658,-0.5562646985054016,0.3169477581977844
-0.057947881519794464,0.12793377041816711,2.4088840291369706e-05,-0.2971799075603485,-0.009370152838528156,-0.47432368993759155,0.016028108075261116,-1.4648197889328003,0.00014451784954871982,-1.048633337020874,1.570855736732483,0.13030631840229034,-0.5606023073196411,0.2248455137014389
-0.02027312107384205,0.0967278927564621,1.9511960999807343e-05,-0.2961586117744446,-0.02400609850883484,-0.530957043170929,0.006450400222092867,-1.4326870441436768,-0.00159338372759521,-1.0489014387130737,1.569617509841919,0.11692173033952713,-0.5245882272720337,0.19501394033432007
-0.06494645029306412,-0.21649503707885742,-7.630123582202941e-05,-0.7027567625045776,0.0035626764874905348,0.17892752587795258,0.03437373787164688,-1.5018446445465088,6.611229036934674e-05,-1.0399253368377686,1.5738741159439087,-0.2364848405122757,-0.39906203746795654,0.1854480504989624
-0.06866757571697235,-0.2137206494808197,-1.3537415952669107e-06,-0.7990916967391968,0.002367110922932625,0.44363605976104736,0.03316996619105339,-1.543410062789917,0.00011357110633980483,-1.0411981344223022,1.5737472772598267,-0.2323470115661621,-0.3468177914619446,0.2449532449245453
-0.0423242524266243,-0.1986047625541687,-1.095835159503622e-06,-0.7085450291633606,0.0001580511889187619,0.2631385624408722,0.03825563192367554,-1.6454577445983887,0.0007421132759191096,-1.042365312576294,1.5745378732681274,-0.22434091567993164,-0.3481753468513489,0.2482493668794632
-0.021163173019886017,-0.19376325607299805,-8.876264701029868e-07,-0.656491219997406,0.000827459036372602,0.030776794999837875,0.014492791146039963,-1.679291844367981,0.0007157021318562329,-1.043263554573059,1.5725250244140625,-0.20716926455497742,-0.41682469844818115,0.18817605078220367
0.004720724653452635,-0.1264815777540207,-3.801727928021137e-07,-1.0727827548980713,-0.0018157005542889237,0.5747576355934143,0.03192334994673729,-1.6898107528686523,0.0008410474983975291,-1.0456045866012573,1.5736758708953857,-0.15456357598304749,-0.3159889876842499,0.05043983459472656
0.07285352051258087,0.19868198037147522,4.265101597411558e-05,-0.9677954316139221,-0.0020504039712250233,0.27769550681114197,0.037571925669908524,-1.6057852506637573,0.0031336734537035227,-1.0473829507827759,1.5667763948440552,0.18013273179531097,-0.20820121467113495,0.04082757607102394
0.02792929671704769,0.23024992644786835,1.8213142539025284e-05,-0.6758899688720703,-0.003831794485449791,-0.011049292050302029,-0.008615291677415371,-1.5060337781906128,0.0017356316093355417,-1.0468227863311768,1.5672379732131958,0.23062296211719513,-0.31931355595588684,0.1388794332742691
0.0003084449272137135,0.24258776009082794,1.4752645256521646e-05,-0.6312804818153381,-0.002847465453669429,-0.10456262528896332,0.0023945244029164314,-1.5540721416473389,0.0012097402941435575,-1.0462658405303955,1.568631649017334,0.23903031647205353,-0.3362121284008026,0.15671952068805695
-0.01042925100773573,0.2451038807630539,-5.781421350548044e-07,-0.3944074511528015,-0.006209866609424353,-0.41132214665412903,-0.02050042152404785,-1.4096351861953735,0.0007826162036508322,-1.0468857288360596,1.5673606395721436,0.2557723820209503,-0.4233139157295227,0.16473668813705444
-0.012931671924889088,0.22369509935379028,-4.682951271206548e-07,-0.30465570092201233,-0.021597012877464294,-0.4958912432193756,-0.03235984221100807,-1.4120875597000122,-0.0010505365207791328,-1.0463027954101562,1.5656360387802124,0.25655290484428406,-0.45506784319877625,0.20187565684318542
-0.07833761721849442,0.21597257256507874,-3.793190614942432e-07,-0.4931703805923462,-0.018252171576023102,-0.18392011523246765,-0.023853406310081482,-1.4068105220794678,-0.0010029932018369436,-1.0478414297103882,1.56675386428833,0.24374878406524658,-0.46533674001693726,0.2143927961587906
-0.07156780362129211,0.1977788358926773,-3.0724842758900195e-07,-0.3322432339191437,-0.017546677961945534,-0.44212114810943604,-0.02720640040934086,-1.3666898012161255,-0.0009365198202431202,-1.0470683574676514,1.5666300058364868,0.23010437190532684,-0.4447983205318451,0.22846494615077972
-0.06265392899513245,0.18558678030967712,0.0002418635122012347,-0.16681978106498718,-0.009517157450318336,-0.7452719807624817,-0.022657126188278198,-1.4068844318389893,-0.00025474512949585915,-1.0452690124511719,1.5672943592071533,0.2104712277650833,-0.5563105940818787,0.19834375381469727
-0.08610914647579193,0.08179455995559692,8.404965774388984e-05,0.005330350715667009,0.03064880706369877,-0.6640744209289551,-0.00672727357596159,-1.5810353755950928,0.001341748284175992,-1.0456500053405762,1.5707780122756958,0.07533580809831619,-0.7160197496414185,0.2595035433769226
-0.07774918526411057,0.09865228086709976,6.808021862525493e-05,0.06379213184118271,0.05106286332011223,-0.6487976908683777,0.0009051997330971062,-1.5028945207595825,0.0006138945464044809,-1.0459792613983154,1.573804497718811,0.0722346156835556,-0.7298632264137268,0.26655951142311096
-0.10359732806682587,0.09942410886287689,5.514497752301395e-05,-0.13473959267139435,0.03780065104365349,-0.21818512678146362,0.00027377111837267876,-1.5814207792282104,0.0002905955770984292,-1.0468544960021973,1.5730817317962646,0.07888913154602051,-0.6762794256210327,0.3459857106208801
-0.07262299954891205,-0.04946272447705269,2.6090223400387913e-05,-0.16041794419288635,-0.03920895978808403,-0.20836226642131805,-0.1377485990524292,-1.740095853805542,0.004734072368592024,-1.047289490699768,1.5538734197616577,0.04159064590930939,-0.663986086845398,0.37237128615379333
-0.0694909393787384,-0.0940045416355133,2.113308073603548e-05,-0.16823191940784454,-0.037976641207933426,-0.32896167039871216,-0.11899498850107193,-1.6259647607803345,0.0038443771190941334,-1.0473355054855347,1.5560247898101807,-0.003915674518793821,-0.6714522242546082,0.30568796396255493
-0.04681558534502983,-0.11728234589099884,1.7117796232923865e-05,-0.27534037828445435,-0.02105836570262909,-0.03862261027097702,-0.08550722151994705,-1.6578342914581299,0.0032637077383697033,-1.047202229499817,1.5604168176651,-0.051175691187381744,-0.6086172461509705,0.32128652930259705
-0.018477359786629677,0.07448328286409378,1.8873583030654117e-05,-0.04158822447061539,0.01361183449625969,-0.39198750257492065,0.024155301973223686,-1.6919814348220825,-0.0014782424550503492,-1.0467185974121094,1.5739870071411133,0.06584367156028748,-0.6248703598976135,0.3633599281311035
-0.05420682206749916,0.0881095826625824,1.5292263924493454e-05,-0.05748146027326584,0.03827064856886864,-0.4081838130950928,0.025496724992990494,-1.7463018894195557,-0.0005276966257952154,-1.0468534231185913,1.5754393339157104,0.05976373702287674,-0.7018531560897827,0.2966255843639374
-0.18884366750717163,0.2538016736507416,0.00016497394244652241,-0.4609409272670746,0.040620334446430206,-0.15251094102859497,-0.026041828095912933,-1.4958282709121704,0.0020077768713235855,-1.0452301502227783,1.5698667764663696,0.22571209073066711,-0.6068783402442932,0.24565958976745605
-0.17961542308330536,0.25637081265449524,0.0001336288987658918,-0.49776652455329895,0.027012795209884644,-0.03995390236377716,-0.07347449660301208,-1.5736459493637085,0.0026258251164108515,-1.0457966327667236,1.5654563903808594,0.2627451717853546,-0.5873461365699768,0.24378061294555664
-0.1726699322462082,0.2440432906150818,0.00010823940101545304,-0.5845100283622742,0.019678503274917603,0.2544327676296234,-0.12963564693927765,-1.5526574850082397,0.003782314946874976,-1.0460582971572876,1.5605884790420532,0.2871963381767273,-0.5617918968200684,0.27776384353637695
-0.039080411195755005,0.2462112009525299,7.101587107172236e-05,-0.004033828619867563,0.005480316001921892,-0.4853711426258087,-0.09641827642917633,-1.5357704162597656,0.002020664745941758,-1.043168067932129,1.5627079010009766,0.2919505536556244,-0.5916423201560974,0.3483497202396393
-0.04926086962223053,0.22463002800941467,5.7522858696756884e-05,-0.13099461793899536,-0.022669248282909393,-0.15386565029621124,-0.0878804624080658,-1.6998754739761353,0.001323674456216395,-1.0446242094039917,1.5614047050476074,0.27810657024383545,-0.6590802669525146,0.349128395318985
-0.05303293466567993,0.13308994472026825,3.3695647289277986e-05,-0.26948919892311096,-0.02057402767241001,-0.08499941229820251,-0.09249123930931091,-1.7712123394012451,0.001962603535503149,-1.045425295829773,1.5609605312347412,0.1949945092201233,-0.6165319085121155,0.322269082069397
-0.05720987543463707,0.08202025294303894,2.5581313821021467e-05,-0.26885896921157837,-0.02643890492618084,-0.25701823830604553,-0.10974235087633133,-1.6258312463760376,0.0022567189298570156,-1.0452611446380615,1.559139609336853,0.1596650779247284,-0.6039583683013916,0.30519747734069824
-0.06721118837594986,0.045886848121881485,2.0720864995382726e-05,-0.45210230350494385,-0.02503919042646885,0.029855765402317047,-0.08879130333662033,-1.6887081861495972,0.0017119630938395858,-1.0475164651870728,1.5610097646713257,0.1165286973118782,-0.5644770860671997,0.2780132591724396
-0.0159223061054945,0.028107259422540665,1.6783900719019584e-05,-0.46606001257896423,-0.020060215145349503,0.1607179343700409,-0.02948806807398796,-1.762560248374939,0.0005307162064127624,-1.047424077987671,1.5663546323776245,0.06825301796197891,-0.5161898136138916,0.28478220105171204
0.051070552319288254,0.023585813120007515,1.3594959455076605e-05,-0.28921952843666077,-0.016512857750058174,-0.05322963744401932,0.033883191645145416,-1.639001727104187,-0.00059915566816926,-1.047346830368042,1.5720974206924438,0.030294492840766907,-0.4692656695842743,0.3238426148891449
0.08895989507436752,0.026751164346933365,0.0007949130376800895,-0.23394767940044403,-0.006723737344145775,-0.09987268596887589,0.07322582602500916,-1.6655911207199097,-0.001781161641702056,-1.0456968545913696,1.5766069889068604,0.006078225560486317,-0.4462617337703705,0.3588533401489258
0.08021342009305954,0.013552826829254627,0.0006432450609281659,-0.24684292078018188,-0.004781605675816536,-0.23301684856414795,0.0647880956530571,-1.600529670715332,-0.0016159595688804984,-1.0448492765426636,1.576027750968933,-0.007349082734435797,-0.44209301471710205,0.33590006828308105
0.07771337777376175,0.00975120346993208,0.0005210285307839513,-0.3178870677947998,0.0036853081546723843,-0.16780471801757812,0.0659378245472908,-1.525234580039978,-0.0012759135570377111,-1.0453232526779175,1.5767230987548828,-0.01841399446129799,-0.41455212235450745,0.30320262908935547
0.08754760026931763,-0.005497880280017853,0.00042203310295008123,-0.29522091150283813,8.574100320402067e-06,-0.3161725401878357,0.04553363472223282,-1.48075270652771,-0.0009680834482423961,-1.0456379652023315,1.5746995210647583,-0.024706313386559486,-0.36607807874679565,0.3080049455165863
0.10133329778909683,-0.03491292893886566,-0.00010201730037806556,-0.27513888478279114,-0.014632790349423885,-0.5625951886177063,0.026816334575414658,-1.4400714635849,-0.001917095622047782,-1.045169711112976,1.5724599361419678,-0.03192749246954918,-0.3868734836578369,0.23321209847927094
0.20331136882305145,-0.040149152278900146,-0.00012880521535407752,-0.4493596851825714,0.02298101782798767,-0.059107210487127304,0.017895780503749847,-1.7038065195083618,0.0021345089189708233,-1.04736328125,1.5715469121932983,-0.06528016179800034,-0.2817465662956238,0.2442140430212021
0.15940333902835846,-0.030575769022107124,-0.00010433222632855177,-0.5257007479667664,0.017829444259405136,-0.061286721378564835,0.005934075452387333,-1.623794436454773,0.0019418493611738086,-1.0452227592468262,1.5706170797348022,-0.04930655658245087,-0.2754489481449127,0.23429284989833832
0.11033123731613159,-0.0392635241150856,-8.517727110302076e-05,-0.6831387281417847,0.013463661074638367,0.17109224200248718,-0.034656621515750885,-1.6337214708328247,0.0023547462187707424,-1.0459604263305664,1.5675681829452515,-0.03490805625915527,-0.26058676838874817,0.20384956896305084
0.07411424070596695,-0.03579828143119812,-6.899533764226362e-05,-0.8619807362556458,0.010677160695195198,0.5678556561470032,-0.030757194384932518,-1.6378439664840698,0.002102090045809746,-1.0462257862091064,1.5680384635925293,-0.02872416190803051,-0.22701159119606018,0.21305939555168152
0.04608069360256195,-0.01581583172082901,-5.588974818238057e-05,-0.8578001260757446,0.007427352014929056,0.5090663433074951,-0.018983274698257446,-1.675973892211914,0.0023938468657433987,-1.0463957786560059,1.5693464279174805,-0.02086886204779148,-0.2184077799320221,0.22900651395320892
0.026857934892177582,-0.004897169768810272,-4.5270695409271866e-05,-0.8936909437179565,0.007176070474088192,0.5933334231376648,-0.02145659364759922,-1.7062565088272095,0.0013880942715331912,-1.0465649366378784,1.5689400434494019,-0.003210196504369378,-0.26960182189941406,0.19432638585567474
0.011811824515461922,-0.008483929559588432,-3.666926204459742e-05,-0.9266864657402039,0.006961975712329149,0.6445897221565247,-0.022752312943339348,-1.6276097297668457,0.0004712480294983834,-1.0467549562454224,1.5686256885528564,0.0020390283316373825,-0.2617914080619812,0.20895707607269287
0.02556031569838524,0.028801660984754562,-8.601055924373213e-06,0.06743919104337692,0.006701516918838024,-0.33761510252952576,-0.008616667240858078,-1.6805171966552734,0.0005875841598026454,-1.0491325855255127,1.5703043937683105,0.029226774349808693,-0.5947495698928833,0.3876565992832184
-0.03374193236231804,-0.04842159152030945,4.229527257848531e-05,0.20660287141799927,-0.011772994883358479,-0.6244304180145264,-0.051151152700185776,-1.5839614868164062,-0.00023275853891391307,-1.0419635772705078,1.5692235231399536,-0.008803101256489754,-0.7258828282356262,0.381394624710083
-0.08147812634706497,-0.07683849334716797,3.425917020649649e-05,-0.004291361663490534,-0.01401866227388382,-0.41039568185806274,-0.04890589788556099,-1.5908429622650146,0.0006730781751684844,-1.0429625511169434,1.5672528743743896,-0.03421403467655182,-0.7318791151046753,0.3368748724460602
-0.05863155052065849,-0.05908817797899246,-0.0006192735163494945,0.09943633526563644,0.042474184185266495,-0.6714247465133667,0.059833869338035583,-1.5742214918136597,-0.002048561116680503,-1.0454226732254028,1.5805418491363525,-0.11030100286006927,-0.719610869884491,0.33310768008232117
-0.1263931840658188,-0.05700591951608658,-0.0005016115610487759,-0.1790415495634079,0.0302293598651886,-0.43104416131973267,0.049039699137210846,-1.5872751474380493,-0.0019481107592582703,-1.0477184057235718,1.578763484954834,-0.09519077092409134,-0.728394627571106,0.2676800489425659
-0.10754798352718353,-0.07143893837928772,-0.0004063053638674319,-0.14693087339401245,-0.0012472604867070913,-0.6609461903572083,0.03616126626729965,-1.5062061548233032,-0.0034581145737320185,-1.0473178625106812,1.5760489702224731,-0.0870637372136116,-0.6816401481628418,0.24138028919696808
-0.005680389702320099,-0.12295779585838318,-0.00017490112804807723,-0.4194476902484894,-0.01069565862417221,-0.2438899576663971,0.010057531297206879,-1.5138498544692993,-0.0029188115149736404,-1.0493934154510498,1.5720151662826538,-0.11213034391403198,-0.44389188289642334,0.20632746815681458
0.0839703157544136,-0.1196783110499382,-0.0001416699233232066,-0.16499431431293488,0.003913427237421274,-0.4871286451816559,0.027056844905018806,-1.5467156171798706,-0.001676577958278358,-1.0496630668640137,1.574069619178772,-0.12957142293453217,-0.45869845151901245,0.23846568167209625
0.13733814656734467,-0.1296575516462326,-0.00011475263454485685,0.015808729454874992,-0.0039550005458295345,-0.6942269802093506,0.021832695230841637,-1.5383778810501099,-0.0016125179827213287,-1.0484163761138916,1.5731498003005981,-0.1346462070941925,-0.48816341161727905,0.26106035709381104
0.13030466437339783,-0.12822659313678741,-9.294963092543185e-05,-0.021773388609290123,0.008845784701406956,-0.6861168146133423,0.019979462027549744,-1.4611990451812744,-0.00139163329731673,-1.048011302947998,1.5739153623580933,-0.14042024314403534,-0.4845704734325409,0.25771674513816833
0.144439697265625,-0.1103929877281189,-7.523732347181067e-05,-0.0010191589826717973,0.03088666871190071,-0.7881333827972412,0.018739337101578712,-1.493981957435608,-0.000822767149657011,-1.0410120487213135,1.575192928314209,-0.13849323987960815,-0.47440198063850403,0.23536105453968048
0.151891827583313,-0.06128654628992081,-4.9355086957802996e-05,0.07111335545778275,0.0315781906247139,-0.8948679566383362,0.013712652027606964,-1.4635303020477295,-0.0005417935317382216,-1.0426404476165771,1.574619174003601,-0.09503401815891266,-0.4761335253715515,0.20987144112586975
0.1825564205646515,-0.033320508897304535,-3.9977621781872585e-05,0.2503684461116791,0.02958761155605316,-0.9811773300170898,0.014327646233141422,-1.4451611042022705,-0.0011895033530890942,-1.0434646606445312,1.5753525495529175,-0.06669816374778748,-0.5236532688140869,0.21070724725723267
0.20135851204395294,0.008936180733144283,-3.239542638766579e-05,0.3876851201057434,0.026005147024989128,-1.0797537565231323,0.017549585551023483,-1.448538064956665,-0.0022356121335178614,-1.0441012382507324,1.5772895812988281,-0.03173772618174553,-0.5411971211433411,0.241979718208313
0.1717381626367569,0.0650288313627243,-2.6240295483148657e-05,0.2769230604171753,0.021402381360530853,-0.9213191270828247,0.01808830536901951,-1.5170822143554688,-0.0025485057849437,-1.044862151145935,1.5779685974121094,0.019080953672528267,-0.5669363141059875,0.24500420689582825
0.10849709063768387,0.1123482882976532,-2.1730045773438178e-05,0.04000119864940643,0.014001300558447838,-0.6630212664604187,0.010068810544908047,-1.5101655721664429,-0.0011657645227387547,-1.0473012924194336,1.5746791362762451,0.07693389803171158,-0.5436879992485046,0.2709311544895172
0.0688147246837616,0.1675157994031906,0.00015091791283339262,-0.20315203070640564,0.02131667733192444,-0.21176239848136902,0.00965671706944704,-1.5450432300567627,-0.0007215846562758088,-1.051124095916748,1.5747172832489014,0.12726841866970062,-0.4831753671169281,0.3102322518825531
0.20130106806755066,0.30378612875938416,8.020397217478603e-05,0.05873481184244156,0.0029154359363019466,-0.3953179121017456,-0.005961708724498749,-1.5753999948501587,-8.627429451735225e-06,-1.0500571727752686,1.5710276365280151,0.2818302810192108,-0.4195204973220825,0.36887094378471375
-0.15453027188777924,-0.08512501418590546,-0.00037587867700494826,-0.247393399477005,-0.040128957480192184,-0.521202027797699,-0.012717725709080696,-1.444756031036377,0.000381897552870214,-1.0504975318908691,1.5648117065429688,-0.05396140366792679,-0.6538054943084717,0.2552267014980316
0.19711820781230927,-0.21588535606861115,2.251988735224586e-05,-0.45321452617645264,-0.009288119152188301,-0.20081564784049988,0.015405584126710892,-1.5464569330215454,0.00036942577571608126,-1.0530478954315186,1.5778968334197998,-0.20520459115505219,-0.22079718112945557,0.20162183046340942
0.23713506758213043,-0.27000945806503296,1.8241109501104802e-05,-0.23307552933692932,-0.018723903223872185,-0.417224258184433,-0.015137936919927597,-1.606885552406311,-5.297234747558832e-05,-1.0519129037857056,1.573664903640747,-0.23478363454341888,-0.28201624751091003,0.2254573553800583
0.2414141148328781,-0.3100108802318573,1.4775298041058704e-05,-0.1205199584364891,-0.011515074409544468,-0.3475602865219116,-0.01238064281642437,-1.6114976406097412,0.00015021042781881988,-1.0510073900222778,1.5732096433639526,-0.2781534194946289,-0.3378748297691345,0.2705039083957672
0.26401886343955994,-0.3324900269508362,1.1967991667916067e-05,0.10498544573783875,0.010545195080339909,-0.42300719022750854,-0.0024050509091466665,-1.5778073072433472,0.000497158442158252,-1.0484423637390137,1.574811577796936,-0.31981611251831055,-0.35785895586013794,0.3614143133163452
-0.14256156980991364,0.3629685938358307,0.000500109454151243,-0.18670959770679474,0.011060849763453007,-0.3096044063568115,-0.06740269064903259,-1.5169434547424316,0.0014511870685964823,-1.0446356534957886,1.5659242868423462,0.3950197696685791,-0.6961228251457214,0.33492621779441833
-0.10651841759681702,0.34860759973526,0.0004062074003741145,-0.18151713907718658,0.003413442987948656,-0.36523404717445374,-0.05843426287174225,-1.5424842834472656,0.0009144693030975759,-1.0432263612747192,1.5661869049072266,0.3814763128757477,-0.6413309574127197,0.31250762939453125
-0.10321299731731415,0.3446780741214752,0.0003290274762548506,-0.270407110452652,0.011558989062905312,-0.19653642177581787,-0.041863422840833664,-1.5118941068649292,0.0011412490857765079,-1.0439497232437134,1.5680803060531616,0.3652648329734802,-0.6088773608207703,0.3091081976890564
-0.10082343220710754,0.3296543061733246,0.0002665113133843988,-0.30420565605163574,0.006696471478790045,-0.21490834653377533,-0.04273495450615883,-1.450581669807434,0.0010915115708485246,-1.0445678234100342,1.567598819732666,0.35231637954711914,-0.5407489538192749,0.3432295322418213
-0.09807239472866058,0.29700642824172974,0.00021648129040841013,-0.3583274483680725,-0.005347785539925098,-0.2694932818412781,-0.06161576136946678,-1.444464087486267,0.0009402715950272977,-1.042917251586914,1.5650728940963745,0.3390294313430786,-0.5252202749252319,0.29899975657463074
-0.07977192848920822,0.24958233535289764,0.00017534985090605915,-0.2983127534389496,-0.02076824940741062,-0.5055410861968994,-0.07363224774599075,-1.3662782907485962,-0.00020712711557280272,-1.0441241264343262,1.5630252361297607,0.3157472610473633,-0.520828902721405,0.23746906220912933
-0.0861893892288208,0.1886993795633316,0.00014190840010996908,-0.34671372175216675,-0.042123667895793915,-0.4647403955459595,-0.06837904453277588,-1.316840648651123,-0.0029030884616076946,-1.045189380645752,1.5627237558364868,0.27395007014274597,-0.5152729749679565,0.20516473054885864
-0.07957008481025696,0.11549771577119827,0.00011479407112346962,-0.40323206782341003,-0.050610337406396866,-0.41018176078796387,-0.07236267626285553,-1.438748836517334,-0.004021150525659323,-1.0459085702896118,1.5615956783294678,0.21399714052677155,-0.4982273280620575,0.204713836312294
-0.12551598250865936,-0.36356833577156067,2.6977149900631048e-05,-0.6132844686508179,0.02098884992301464,0.09302681684494019,0.02134009636938572,-1.5569188594818115,0.0034011832904070616,-1.048872947692871,1.5729376077651978,-0.361706405878067,-0.511201798915863,0.18692508339881897
-0.11349450796842575,-0.3788284957408905,2.1851490600965917e-05,-0.6901383996009827,0.014807771891355515,0.3833630681037903,0.06811791658401489,-1.545419692993164,0.0023610591888427734,-1.0485740900039673,1.5769585371017456,-0.40291568636894226,-0.44630903005599976,0.2775850296020508
0.011131223291158676,-0.4238892197608948,1.4336763342726044e-05,-0.286592036485672,0.012153948657214642,-0.2256893664598465,0.05698481202125549,-1.5501182079315186,0.0011729481630027294,-1.04567551612854,1.576005220413208,-0.4466285705566406,-0.4351683557033539,0.3316034972667694
0.028687072917819023,-0.42467108368873596,8.244923265010584e-06,-0.2511645257472992,0.026113132014870644,-0.2591463029384613,0.06974706798791885,-1.5506987571716309,0.0012026458280161023,-1.048473834991455,1.5781466960906982,-0.46410688757896423,-0.47689566016197205,0.2980775833129883
0.023941870778799057,-0.41192108392715454,6.678388217551401e-06,-0.3160346746444702,0.035353973507881165,-0.019402090460062027,0.09023769199848175,-1.5989409685134888,0.0006236652261577547,-1.048835277557373,1.5807206630706787,-0.46994346380233765,-0.4578667879104614,0.333975613117218
-0.22924666106700897,0.2117796391248703,-0.0002669844834599644,-0.07359129190444946,0.028097575530409813,-0.6226374506950378,0.03329756483435631,-1.5196818113327026,0.0012971932301297784,-1.0432262420654297,1.5722323656082153,0.1588483601808548,-0.8265080451965332,0.2890339195728302
-0.28709420561790466,0.24646198749542236,-0.00021625743829645216,-0.3029211759567261,0.009632705710828304,-0.43319636583328247,0.02648601122200489,-1.4949451684951782,6.58856297377497e-05,-1.0439276695251465,1.5714884996414185,0.2076643407344818,-0.8091567158699036,0.22395752370357513
-0.3066459596157074,0.2929621636867523,-0.00017579765699338168,-0.5259376764297485,0.01167444046586752,-0.03657751530408859,0.030166180804371834,-1.5304862260818481,0.00016631695325486362,-1.0458743572235107,1.5722317695617676,0.2512073814868927,-0.735653817653656,0.22300420701503754
-0.2746492624282837,0.34555357694625854,-4.5920032789581455e-06,-0.5811898708343506,0.009910518303513527,0.17182695865631104,0.040183406323194504,-1.5059200525283813,-0.00016813506954349577,-1.0461875200271606,1.5732611417770386,0.29710763692855835,-0.6432533860206604,0.2728835940361023
-0.165157750248909,0.09901251643896103,-2.739216506597586e-05,0.1824398636817932,-0.006069847382605076,-0.7363064289093018,-0.018379760906100273,-1.6106332540512085,-0.0003660904767457396,-1.0431448221206665,1.5704313516616821,0.12281111627817154,-0.8949564099311829,0.32906389236450195
-0.14099551737308502,0.060704223811626434,-2.218765439465642e-05,0.023627042770385742,-0.011379880830645561,-0.6701861023902893,-0.020761383697390556,-1.6390221118927002,0.0007522589876316488,-1.0439409017562866,1.5681867599487305,0.09303416311740875,-0.8670017719268799,0.25572824478149414
-0.09190717339515686,0.022845862433314323,-1.4557319445884787e-05,-0.2878135144710541,0.026614224538207054,-0.12132477015256882,-0.008685502223670483,-1.7445423603057861,0.0018622472416609526,-1.045515775680542,1.5710086822509766,0.025948358699679375,-0.7083538174629211,0.2667497992515564
-0.03775690123438835,0.02592785470187664,-1.1791428732976783e-05,-0.27954626083374023,0.028137801215052605,0.017309527844190598,0.033536482602357864,-1.7870371341705322,0.0004731945227831602,-1.0459105968475342,1.5749520063400269,0.007200479973107576,-0.6220822930335999,0.3170110285282135
-0.008441966958343983,0.017152277752757072,-9.551057701173704e-06,-0.24797557294368744,0.0228558462113142,-0.0429944209754467,0.030306709930300713,-1.7772310972213745,0.0003007679188158363,-1.0459927320480347,1.5744431018829346,-0.00046173454029485583,-0.5897768139839172,0.34620243310928345
0.019230568781495094,0.018022585660219193,-7.736356565146707e-06,-0.11893246322870255,0.02429145760834217,-0.37227824330329895,0.035972706973552704,-1.7398473024368286,0.00014405208639800549,-1.0441409349441528,1.5750499963760376,-0.005245260428637266,-0.6012722253799438,0.3115083873271942
0.012819566763937473,0.007114992011338472,-6.266448963287985e-06,-0.12661656737327576,0.011114846915006638,-0.3726547956466675,0.027647921815514565,-1.72820246219635,-0.0002874647325370461,-1.0452160835266113,1.5737587213516235,-0.005580241326242685,-0.628996729850769,0.2764928638935089
-0.03394641354680061,0.007282997481524944,-5.045821581006749e-06,-0.24674861133098602,0.019136346876621246,-0.1020752340555191,0.02757863700389862,-1.627754807472229,0.00012554624117910862,-1.0457152128219604,1.5741738080978394,-0.011165277101099491,-0.5915390849113464,0.3084857761859894
-0.06829308718442917,-0.04707681015133858,0.0007722928421571851,0.19783881306648254,-0.025984933599829674,-0.7573439478874207,-0.027474405243992805,-1.5471951961517334,0.0012995272409170866,-1.042183518409729,1.5657281875610352,-0.009360729716718197,-0.7398107051849365,0.3393050730228424
-0.07945456355810165,-0.08846385031938553,0.000625557207968086,0.24469369649887085,-0.024717507883906364,-1.027422308921814,-0.02958604507148266,-1.4871716499328613,0.002475507790222764,-1.0437648296356201,1.5636670589447021,-0.043893877416849136,-0.7972552180290222,0.24668404459953308
-0.19910751283168793,-0.09928113967180252,0.00032145652221515775,-0.42977795004844666,0.0032046386040747166,-0.2383885234594345,0.0031705719884485006,-1.531868815422058,-0.0001880030322354287,-1.045750617980957,1.570959448814392,-0.10615579783916473,-0.6353955864906311,0.22650210559368134
-0.14822079241275787,-0.06918186694383621,0.0002603797765914351,-0.38530004024505615,0.012550442479550838,-0.4084043502807617,0.026901626959443092,-1.5218148231506348,0.00029422325314953923,-1.0457991361618042,1.5735474824905396,-0.09683874994516373,-0.6371683478355408,0.19943588972091675
-0.13554556667804718,0.0040979813784360886,0.00017083517741411924,-0.7229892015457153,0.02148447558283806,0.21474899351596832,0.029005685821175575,-1.5257230997085571,0.0015672794543206692,-1.0465368032455444,1.5742906332015991,-0.039056532084941864,-0.49451062083244324,0.18813718855381012
-0.08298312872648239,0.04458938166499138,0.00013837649021297693,-0.6287115216255188,0.017132846638560295,0.11030063033103943,0.03095841035246849,-1.4458051919937134,0.001165182562544942,-1.046934962272644,1.5742933750152588,0.0008446498541161418,-0.40630286931991577,0.24028168618679047
-0.056009143590927124,0.0745149627327919,0.00011208495561731979,-0.6781614422798157,0.014445840381085873,0.25081467628479004,0.011689683422446251,-1.5341856479644775,0.00109487387817353,-1.0468326807022095,1.5724185705184937,0.04259203001856804,-0.3714013397693634,0.27044668793678284
0.11915978044271469,-0.4494640827178955,-2.5274390281992964e-05,-0.11064498871564865,0.0048277368769049644,-0.24587158858776093,0.017288625240325928,-1.646834135055542,-0.0006765008438378572,-1.047737956047058,1.5731053352355957,-0.43580853939056396,-0.428175687789917,0.37308642268180847
0.10381429642438889,-0.47254958748817444,-2.04722564376425e-05,-0.023831145837903023,0.026798859238624573,-0.5075774788856506,0.024696849286556244,-1.533180832862854,-0.00014764776278752834,-1.0474786758422852,1.5751413106918335,-0.47956928610801697,-0.47508901357650757,0.34525159001350403
0.09917508065700531,-0.4989038407802582,5.4045391152612865e-05,0.006878209300339222,0.03072231449186802,-0.5480082035064697,0.021109558641910553,-1.5284534692764282,0.00014638864377047867,-1.0492565631866455,1.574902057647705,-0.5096525549888611,-0.5021770000457764,0.3089119493961334
0.09704984724521637,-0.5113938450813293,4.373089541331865e-05,0.026207981631159782,0.042231686413288116,-0.6210950016975403,0.02206546999514103,-1.5978647470474243,-7.163332338677719e-05,-1.0481531620025635,1.5762050151824951,-0.5319442749023438,-0.5344930291175842,0.29941633343696594
0.02578270062804222,-0.5095779895782471,0.000547549338079989,-0.20856481790542603,0.0612465962767601,-0.40949684381484985,0.020797356963157654,-1.6612259149551392,0.0007312376401387155,-1.049709439277649,1.5769071578979492,-0.5423551797866821,-0.5649407505989075,0.26223114132881165
-0.030728943645954132,-0.4948073923587799,0.00044371216790750623,-0.411090224981308,0.07018154114484787,-0.12592674791812897,0.03213425725698471,-1.6013429164886475,0.0018345831194892526,-1.049484133720398,1.5779253244400024,-0.5433416366577148,-0.5370199680328369,0.2446703016757965
-0.00865384191274643,-0.46360692381858826,0.0003549737739376724,-0.3401699364185333,0.06310609728097916,-0.1963469535112381,0.06013825163245201,-1.5080212354660034,0.0008969265618361533,-1.049641489982605,1.5797911882400513,-0.5331453680992126,-0.4734247028827667,0.2745933532714844
0.04215773940086365,-0.44786009192466736,0.0002845877897925675,-0.30107247829437256,0.05184381455183029,-0.012471990659832954,0.0461389496922493,-1.6015373468399048,0.0008525276789441705,-1.049955129623413,1.5779075622558594,-0.507398247718811,-0.4456201195716858,0.33217883110046387
-0.2511923611164093,-0.03308441862463951,1.3731987564824522e-05,-0.011676673777401447,-0.007935532368719578,-0.300383985042572,0.05103158578276634,-1.8505859375,-0.0004790187522303313,-1.0456687211990356,1.574747085571289,-0.07645055651664734,-0.9590384364128113,0.3622507154941559
-0.3073943853378296,0.001490964787080884,1.1122910109406803e-05,-0.23684871196746826,-0.021116923540830612,-0.08002568036317825,0.031192664057016373,-1.8376232385635376,-0.0005350101855583489,-1.0459545850753784,1.5723263025283813,-0.02408263459801674,-0.9540207982063293,0.3111228942871094
-0.2590228319168091,0.04666527360677719,9.009557288663927e-06,-0.023124799132347107,-0.011581864207983017,-0.5024855136871338,0.027635004371404648,-1.6969832181930542,-0.00023575828527100384,-1.0461639165878296,1.5725200176239014,0.018030909821391106,-0.9200423955917358,0.2987123131752014
-0.27953478693962097,0.10959997773170471,7.29774137653294e-06,-0.1757722795009613,0.01168079860508442,-0.2935318350791931,0.026080723851919174,-1.659583568572998,0.0004239391128066927,-1.0469783544540405,1.573604702949524,0.06594182550907135,-0.9131965637207031,0.29118233919143677
-0.23539574444293976,0.15913189947605133,5.911170319450321e-06,-0.08917318284511566,-8.332516154041514e-05,-0.5205709338188171,0.01909739524126053,-1.5823701620101929,-0.00011986162280663848,-1.0416083335876465,1.572434663772583,0.12248817831277847,-0.8288210034370422,0.2971805930137634
-0.16747212409973145,0.21969611942768097,4.788089881913038e-06,-0.02561415173113346,0.011686845682561398,-0.5623198747634888,0.016218841075897217,-1.6255519390106201,0.000337916542775929,-1.0426852703094482,1.5727459192276,0.17823238670825958,-0.8310458064079285,0.2628178596496582
-0.13159725069999695,0.2682848572731018,3.878352799802087e-06,-0.0911901444196701,-0.0008514014189131558,-0.2686421871185303,0.011450453661382198,-1.6963390111923218,4.4473108573583886e-05,-1.043534278869629,1.5716091394424438,0.2369726002216339,-0.7860637903213501,0.2990807294845581
-0.09578724205493927,0.300800085067749,3.138895408483222e-06,-0.10989704728126526,-0.018566396087408066,-0.16103151440620422,-0.007442484609782696,-1.7181675434112549,7.023462239885703e-05,-1.0442360639572144,1.5687999725341797,0.288868248462677,-0.7156176567077637,0.37019476294517517
-0.07821805775165558,0.33453369140625,-0.0003145409282296896,-0.03322185203433037,-0.023988202214241028,-0.46816709637641907,-0.011753687635064125,-1.621131181716919,-6.715855852235109e-05,-1.0429834127426147,1.5681544542312622,0.33153870701789856,-0.6956502199172974,0.35074788331985474
-0.11044547706842422,0.38219961524009705,4.941766383126378e-05,-0.18141834437847137,-0.008554079569876194,-0.36880284547805786,-0.008784034289419651,-1.6320418119430542,0.0005223214393481612,-1.0448522567749023,1.56912362575531,0.3688870966434479,-0.6954905390739441,0.2883608341217041
-0.07684296369552612,0.4178159534931183,4.002830610261299e-05,-0.15519577264785767,-0.015580379404127598,-0.37977010011672974,-0.010048655793070793,-1.7157264947891235,-6.379937258316204e-05,-1.046021819114685,1.5688279867172241,0.4095536470413208,-0.6949806809425354,0.26826047897338867
-0.04034605994820595,0.4583321809768677,3.606398604460992e-05,-0.0786035880446434,-0.010052543133497238,-0.38470348715782166,-0.007460711989551783,-1.7085847854614258,8.780884672887623e-05,-1.0467872619628906,1.5693644285202026,0.4464515149593353,-0.6897512078285217,0.2835155129432678
-0.015819529071450233,0.4834740161895752,2.9102189728291705e-05,0.029705187305808067,-0.02327268198132515,-0.5753687024116516,-0.009167837910354137,-1.657495379447937,-0.00026647464255802333,-1.0455178022384644,1.5684664249420166,0.48236823081970215,-0.6849287748336792,0.2997073233127594
0.0035394320730119944,0.49379655718803406,2.3572772988700308e-05,0.17158600687980652,-0.032874125987291336,-0.8428587317466736,-0.014322914183139801,-1.5564751625061035,0.0007304351311177015,-1.0459376573562622,1.5661957263946533,0.5062825679779053,-0.703715443611145,0.26454558968544006
-0.02150954119861126,0.5034682154655457,0.0004615627694875002,0.0764983743429184,-0.031108004972338676,-0.7896231412887573,-0.015023780055344105,-1.5769375562667847,0.0012504725018516183,-1.046309232711792,1.5657482147216797,0.5171305537223816,-0.7172742486000061,0.24138511717319489
-0.043917860835790634,0.5318412184715271,0.0002452933695167303,0.009451468475162983,-0.03302854672074318,-0.6792585253715515,-0.012653367593884468,-1.400136947631836,0.0014545181766152382,-1.0461342334747314,1.5657137632369995,0.5523433685302734,-0.665086567401886,0.23553140461444855
-0.024806339293718338,0.5119028687477112,0.00019865571812260896,-0.030282532796263695,-0.05178484320640564,-0.37412989139556885,-0.015964342281222343,-1.3818073272705078,0.0010862331837415695,-1.047693133354187,1.563942551612854,0.5516823530197144,-0.5711032152175903,0.3552059233188629
-0.08482500165700912,-0.05283420532941818,-6.86430066707544e-05,0.005388378165662289,-0.0005862043472006917,-0.6931812167167664,-0.0036447718739509583,-1.3894970417022705,-0.001394200255163014,-1.0518490076065063,1.57346510887146,-0.03626803308725357,-0.6652654409408569,0.3173256814479828
-0.07570813596248627,-0.09343504905700684,-5.5600798077648506e-05,-0.08902735263109207,-0.017456378787755966,-0.7946977615356445,-0.004561004228889942,-1.4385541677474976,-0.0014878769870847464,-1.0483779907226562,1.5717071294784546,-0.06531009823083878,-0.6583318710327148,0.229860320687294
-0.09095916152000427,-0.3688913583755493,-0.0002931775525212288,-0.6720058917999268,-0.05652143433690071,0.05156397074460983,-0.034615132957696915,-1.4918365478515625,-0.005091266706585884,-1.0450105667114258,1.568056583404541,-0.2846474051475525,-0.43424341082572937,0.19360050559043884
-0.08671246469020844,-0.4336731731891632,-0.000237473810557276,-0.7594525814056396,-0.046171147376298904,0.23969723284244537,-0.011165790259838104,-1.4480916261672974,-0.004377810284495354,-1.0454654693603516,1.5700206756591797,-0.3657577931880951,-0.3767889440059662,0.20224018394947052
-0.0488070584833622,-0.4843232035636902,-0.00019235379295423627,-0.6407424211502075,-0.039700355380773544,0.10965500771999359,0.0345182828605175,-1.4505892992019653,-0.0038249045610427856,-1.0457124710083008,1.574280858039856,-0.4456898868083954,-0.34265077114105225,0.2347942441701889
-0.014811787754297256,-0.5197539329528809,-0.00015688285930082202,-0.5061289072036743,-0.031375400722026825,-0.12456004321575165,0.08524380624294281,-1.3885263204574585,-0.004424636717885733,-1.0454505681991577,1.5785351991653442,-0.514228105545044,-0.3484549820423126,0.25739794969558716
-0.009529007598757744,-0.5381017327308655,-0.00012590746337082237,-0.5922128558158875,-0.020912960171699524,0.1295560598373413,0.13154926896095276,-1.4412521123886108,-0.005074597429484129,-1.0465131998062134,1.5825854539871216,-0.5693723559379578,-0.3394175171852112,0.26957499980926514
-0.006629304960370064,-0.0014152120565995574,-5.8732377510750666e-05,-0.7774602174758911,-0.0011897326912730932,0.10468775033950806,0.0038611784111708403,-1.4147638082504272,-0.0009618818876333535,-1.0474934577941895,1.5692787170410156,0.0009600607445463538,-0.2759529948234558,0.20054765045642853
-0.027528559789061546,0.012358715757727623,-4.757322312798351e-05,-0.9493444561958313,-0.0019116282928735018,0.2561768591403961,0.036463793367147446,-1.4370783567428589,-0.001206191722303629,-1.0474839210510254,1.5724849700927734,-0.00471588596701622,-0.2548629939556122,0.11394791305065155
-0.020938603207468987,0.013951532542705536,-3.853431189781986e-05,-0.9634037613868713,-0.0016289183404296637,0.1488783359527588,0.025867106392979622,-1.3865931034088135,-0.0009284424013458192,-1.0493495464324951,1.5718791484832764,-0.0010301308939233422,-0.24747905135154724,0.05056995153427124
-0.007827365770936012,0.019597845152020454,-3.254932016716339e-05,-1.0551724433898926,-0.001317652058787644,0.344779372215271,0.03269587457180023,-1.4670636653900146,-0.00013548733841162175,-1.1232637166976929,1.5718430280685425,0.004722109995782375,-0.20833691954612732,0.023763738572597504
-0.018494319170713425,0.010569863952696323,-2.6364950826973654e-05,-1.1508708000183105,-2.7726415282813832e-05,0.6158372163772583,0.02003367990255356,-1.4969056844711304,-0.00047668805927969515,-1.108798861503601,1.5708553791046143,0.00500425323843956,-0.2330763190984726,0.03900672495365143
-0.04781681299209595,0.002576346043497324,-0.00024190526164602488,-1.0651755332946777,0.0008839428774081171,0.4173873960971832,0.009217371232807636,-1.483870506286621,-0.0022740173153579235,-1.0980587005615234,1.5720727443695068,0.001308582373894751,-0.23909695446491241,0.058411113917827606
-0.08722412586212158,-0.01650412566959858,-0.00019594283367041498,-1.1290017366409302,0.002467735670506954,0.5823175311088562,-0.0034111221320927143,-1.5013439655303955,-0.0024670022539794445,-1.0884169340133667,1.5704381465911865,-0.006009065080434084,-0.2810536026954651,0.04915981367230415
-0.0954374372959137,-0.025694429874420166,-0.00015871369396336377,-0.8977307677268982,0.0008356759208254516,0.16438709199428558,0.005747619550675154,-1.492079257965088,-0.0016333605162799358,-1.080772876739502,1.5715014934539795,-0.02251739241182804,-0.33348870277404785,0.0648031085729599
-0.09492263942956924,-0.04524335265159607,-0.0001285580947296694,-0.8766027688980103,0.0012493344256654382,0.2940380871295929,-0.01200142689049244,-1.551327109336853,-0.0011731707490980625,-1.0743943452835083,1.570049524307251,-0.03340151906013489,-0.3922514021396637,0.09190349280834198
-0.05467304214835167,-0.05416972190141678,-0.00010413205745862797,-0.6918090581893921,0.00034714225330390036,0.15118414163589478,0.00039414444472640753,-1.5994054079055786,-0.0009518450242467225,-1.0682764053344727,1.571036458015442,-0.04761432483792305,-0.3977467119693756,0.16417451202869415
-0.03481297194957733,-0.07290932536125183,-8.43469679239206e-05,-0.7588343024253845,0.0013375267153605819,0.4722031354904175,-0.011256570927798748,-1.6584402322769165,-0.0009277033968828619,-1.0634396076202393,1.5699927806854248,-0.06013377755880356,-0.3862616717815399,0.23058268427848816
0.032453909516334534,-0.08182869106531143,-6.832113285781816e-05,-0.5141473412513733,-0.0001761172607075423,0.2028888612985611,0.0007098464411683381,-1.684238076210022,-0.0004054457531310618,-1.0603450536727905,1.5710316896438599,-0.0761854276061058,-0.37795528769493103,0.28411418199539185
0.09556304663419724,-0.10111559182405472,-5.534011506824754e-05,-0.2556551396846771,-0.0005380839575082064,-0.15287254750728607,-0.016733871772885323,-1.7544419765472412,3.471260060905479e-05,-1.057799220085144,1.5694875717163086,-0.08762327581644058,-0.4391985833644867,0.31089964509010315
0.10335524380207062,-0.10983048379421234,-4.4883643568027765e-05,-0.2363416701555252,0.0018292631721124053,-0.12300695478916168,-0.005522354040294886,-1.7336605787277222,-0.0001249701454071328,-1.0577378273010254,1.5705376863479614,-0.10180908441543579,-0.489048033952713,0.3058483302593231
0.09517892450094223,-0.12882648408412933,-3.6355751944938675e-05,-0.16307537257671356,-0.004129130393266678,-0.3687572777271271,-0.013561424799263477,-1.6116814613342285,-6.090652823331766e-05,-1.0552207231521606,1.5694231986999512,-0.11417777836322784,-0.4635016918182373,0.3192731738090515
0.049251239746809006,-0.1366795152425766,-2.9448159693856724e-05,-0.17591655254364014,0.007390424143522978,-0.6427227258682251,-0.010083084926009178,-1.5113506317138672,0.0006722198450006545,-1.0513252019882202,1.570110559463501,-0.12918883562088013,-0.49759018421173096,0.2492433339357376
-0.04384225979447365,-0.13827501237392426,0.0002224856725661084,0.09160998463630676,0.0012198896147310734,-0.5111600756645203,0.0036692109424620867,-1.6100646257400513,-0.0010949167190119624,-1.0513877868652344,1.572966456413269,-0.14988818764686584,-0.7694150805473328,0.2632465362548828
0.010848852805793285,-0.03213975206017494,0.0002456196234561503,-0.05442323908209801,-9.431860235054046e-05,-0.4889407157897949,0.02331516705453396,-1.6285338401794434,-0.0015608116518706083,-1.0473016500473022,1.5737314224243164,-0.052775789052248,-0.5727340579032898,0.36127734184265137
-0.013070964254438877,-0.03655128553509712,0.00010572974861133844,-0.29007890820503235,-0.021188095211982727,-0.30090925097465515,-0.02422497607767582,-1.4782423973083496,-0.0011069949250668287,-1.0470160245895386,1.568053960800171,-0.01310525368899107,-0.47167888283729553,0.2661650776863098
0.013543408364057541,-0.06669528037309647,8.559224079363048e-05,-0.27698829770088196,-0.035548049956560135,-0.09817110002040863,-0.047236163169145584,-1.4842561483383179,-0.0013178446097299457,-1.0471749305725098,1.5648581981658936,-0.019125936552882195,-0.458196759223938,0.3261915147304535
-0.07841606438159943,0.029291151091456413,1.0377266335126478e-05,0.00589331891387701,-0.015506965108215809,-0.2695058286190033,0.03803515434265137,-1.6089614629745483,-0.0008849757141433656,-1.044992446899414,1.5735069513320923,0.00197139335796237,-0.7273274660110474,0.38691142201423645
-0.024687206372618675,0.014884281903505325,1.4905131138220895e-06,-0.23260273039340973,-0.019974833354353905,-0.34110501408576965,-0.017791420221328735,-1.617660641670227,-0.0007329793297685683,-1.0448875427246094,1.5665509700775146,0.03634246438741684,-0.5979675650596619,0.32044243812561035
-0.028724271804094315,0.013328018598258495,1.2073155630787369e-06,-0.3976301848888397,-0.009831100702285767,-0.311775267124176,-0.007155237719416618,-1.6004446744918823,-0.00022515076852869242,-1.045531153678894,1.5682919025421143,0.025582205504179,-0.5516867637634277,0.22560742497444153
0.030964158475399017,-0.028092941269278526,1.4524792959491606e-06,-0.7662922143936157,-0.007932150736451149,0.32878634333610535,-0.052661117166280746,-1.6495522260665894,0.00041650558705441654,-1.0471423864364624,1.565420389175415,0.006741384044289589,-0.3686188757419586,0.18506410717964172
0.10447484999895096,-0.07043056190013885,1.1765082490455825e-06,-0.6660395264625549,-0.003710378659889102,0.2007158249616623,-0.07055997103452682,-1.6406779289245605,-7.853280840208754e-05,-1.0472180843353271,1.5639996528625488,-0.018754130229353905,-0.2816903293132782,0.20933014154434204
0.1788071095943451,-0.10363218188285828,4.754558904096484e-05,-0.4808984696865082,-0.003012677887454629,-0.17488986253738403,-0.050770875066518784,-1.669382095336914,-0.0001514976902399212,-1.04713773727417,1.5657836198806763,-0.059924036264419556,-0.2769051790237427,0.21317189931869507
0.21071109175682068,-0.18333280086517334,3.119483153568581e-05,-0.6067602038383484,-0.00424269400537014,0.1766565442085266,-0.030940717086195946,-1.69823157787323,-0.00039762316737324,-1.0471645593643188,1.5675499439239502,-0.14628468453884125,-0.24116383492946625,0.20974509418010712
0.21281218528747559,-0.22804570198059082,2.5267814635299146e-05,-0.6050125956535339,-0.002984657883644104,0.14450563490390778,-0.03347846493124962,-1.6390637159347534,-0.00028462876798585057,-1.046888828277588,1.5674866437911987,-0.1901620328426361,-0.17797668278217316,0.2487887293100357
0.20128369331359863,-0.262648344039917,2.0466928617679514e-05,-0.6965070962905884,-0.0034986359532922506,0.36050429940223694,-0.012143450789153576,-1.7031192779541016,-0.00018573825946077704,-1.04695463180542,1.5693495273590088,-0.2353285849094391,-0.1684395968914032,0.24234433472156525
0.20786495506763458,-0.30639782547950745,-0.00015415939560625702,-0.6787204742431641,-0.0016107012052088976,0.4170134961605072,-0.016742803156375885,-1.6217938661575317,-0.0005049854516983032,-1.0470201969146729,1.5691395998001099,-0.2765443027019501,-0.1454293429851532,0.27336975932121277
0.22758112847805023,-0.3562905788421631,-0.00010114397446159273,-0.41196107864379883,-0.00206089299172163,-0.14469915628433228,0.03346969932317734,-1.6889019012451172,-0.0006597276660613716,-1.0448355674743652,1.5735783576965332,-0.3544563353061676,-0.22283922135829926,0.2644632160663605
0.12617763876914978,-0.3420182764530182,-6.662140367552638e-05,-0.7181685566902161,0.007883136160671711,0.13295544683933258,0.12348870933055878,-1.5343058109283447,-0.0021911675576120615,-1.0461517572402954,1.5808768272399902,-0.3983694016933441,-0.2354956865310669,0.1812928318977356
0.1118064671754837,-0.31385838985443115,-5.39817992830649e-05,-0.6370620131492615,0.006673626601696014,-0.1897025853395462,0.16066108644008636,-1.3956650495529175,-0.0028063724748790264,-1.0463173389434814,1.5834296941757202,-0.4007391035556793,-0.191279798746109,0.16690316796302795
0.04257458820939064,-0.10435450077056885,-2.6980529582942836e-05,-0.6836234927177429,0.026942357420921326,0.11436795443296432,0.09859324246644974,-1.4762182235717773,0.0016085969982668757,-1.0511364936828613,1.5797792673110962,-0.20270229876041412,-0.2963869869709015,0.16143560409545898
-0.11975865066051483,0.42899540066719055,-0.00018181122140958905,-0.18689152598381042,-0.026859035715460777,-0.060056958347558975,-0.09208206087350845,-1.7855509519577026,0.002882863162085414,-1.0502841472625732,1.5596520900726318,0.4682671129703522,-0.6817607283592224,0.3699414134025574
-0.1698213517665863,0.42218589782714844,-0.0001472670992370695,-0.2670724391937256,-0.03115038201212883,0.016958028078079224,-0.12914155423641205,-1.7298029661178589,0.00418446771800518,-1.0497819185256958,1.5558658838272095,0.4795772135257721,-0.7266942262649536,0.36159273982048035
-0.19793248176574707,0.37129974365234375,-0.0006976358708925545,-0.27047568559646606,-0.03365382179617882,-0.05700550600886345,-0.1344587504863739,-1.6814154386520386,0.004054374992847443,-1.0484058856964111,1.555419683456421,0.4455486834049225,-0.7688642144203186,0.34539714455604553
-0.1535547971725464,0.33531811833381653,-0.0002431567554594949,-0.37125736474990845,-0.012078968808054924,-0.1989561915397644,-0.06099027395248413,-1.4501194953918457,0.0017027854919433594,-1.0481866598129272,1.5640301704406738,0.38099220395088196,-0.559117317199707,0.2943823039531708
-0.09008027613162994,0.3039917051792145,-0.0004631099582184106,-0.2513214945793152,-0.017068281769752502,-0.26982471346855164,-0.06736744940280914,-1.5643826723098755,0.0014130005147308111,-1.048609972000122,1.5633288621902466,0.357421338558197,-0.5803789496421814,0.2929202616214752
-0.07360969483852386,0.2587713897228241,-0.0003751190670300275,-0.33142969012260437,-0.028497574850916862,-0.06074579805135727,-0.08679072558879852,-1.5949572324752808,0.0013405901845544577,-1.048364281654358,1.560929298400879,0.3265998363494873,-0.5751938819885254,0.3213687837123871
-0.06518048048019409,0.22627681493759155,-0.00030384643469005823,-0.38853901624679565,-0.023934975266456604,-0.02467641979455948,-0.07593980431556702,-1.678320288658142,0.0012578918831422925,-1.048149585723877,1.5622334480285645,0.2892501652240753,-0.5376051664352417,0.32885831594467163
-0.05810953676700592,0.21211126446723938,-0.000244659575400874,-0.39925819635391235,-0.01672213152050972,-0.06993559002876282,-0.025668304413557053,-1.6570923328399658,0.0001078715140465647,-1.048447608947754,1.5669832229614258,0.24830807745456696,-0.5429754257202148,0.2842870056629181
-0.047075312584638596,0.21453948318958282,-0.00019817425345536321,-0.5200567245483398,-0.010576874949038029,0.26004618406295776,0.036227840930223465,-1.7106430530548096,-0.001261145225726068,-1.0482637882232666,1.5726089477539062,0.2153908610343933,-0.515973687171936,0.2897398769855499
-0.038655661046504974,0.20182427763938904,-0.00016052114369813353,-0.4887009561061859,-0.009231180883944035,0.14236260950565338,0.03671843558549881,-1.6089993715286255,-0.000940296275075525,-1.0480326414108276,1.5728672742843628,0.19689565896987915,-0.44761979579925537,0.3367242217063904
0.07021263241767883,-0.0065188282169401646,-5.597026029136032e-05,-0.2721283733844757,0.004536238964647055,-0.09726342558860779,0.020433636382222176,-1.6296905279159546,-0.002254179446026683,-1.0468075275421143,1.572331190109253,0.006983521860092878,-0.4239429831504822,0.3528141677379608
0.07986071705818176,-0.047457560896873474,-4.533590981736779e-05,-0.14340853691101074,0.003293250221759081,-0.45029088854789734,0.022259805351495743,-1.5817204713821411,-0.0020807115361094475,-1.0465762615203857,1.5725598335266113,-0.03784548118710518,-0.4661288559436798,0.31227847933769226
0.08284614980220795,-0.0966312363743782,-0.0002779911446850747,-0.144508495926857,-0.003311716252937913,-0.46443042159080505,0.017710870131850243,-1.6310280561447144,-0.002124027581885457,-1.0466853380203247,1.5720200538635254,-0.07992663234472275,-0.5133444666862488,0.2578768730163574
0.09952689707279205,-0.12895257771015167,-0.0002251728146802634,-0.13614235818386078,0.014601312577724457,-0.36423590779304504,0.01657356694340706,-1.5996687412261963,-0.0006960209575481713,-1.0504103899002075,1.5726473331451416,-0.12340891361236572,-0.4985007047653198,0.2770712673664093
0.1202039122581482,-0.14640869200229645,-0.00018238998018205166,-0.16447632014751434,0.0321941152215004,-0.08700554072856903,0.027612578123807907,-1.6739131212234497,-9.98448085738346e-05,-1.0506563186645508,1.5747987031936646,-0.1581403613090515,-0.4537999927997589,0.3501139283180237
0.06934554129838943,0.3342322111129761,2.3646201441351877e-08,0.3136998414993286,0.0030046822503209114,-0.9543214440345764,-0.03914360702037811,-1.644402265548706,0.000775950844399631,-1.046466588973999,1.5663381814956665,0.3699914813041687,-0.7153553366661072,0.28898587822914124
0.020888151600956917,-0.10552314668893814,-7.265774911502376e-05,-0.4845271110534668,-0.006695329211652279,-0.017020156607031822,-0.009768380783498287,-1.5261939764022827,-0.0006997282616794109,-1.0458201169967651,1.5709164142608643,-0.07217901945114136,-0.39546480774879456,0.2433275580406189
0.061906080693006516,-0.15108267962932587,-5.880523531232029e-05,-0.44197797775268555,-0.0052029346115887165,0.1260383427143097,0.004659021273255348,-1.4987915754318237,-0.0008974845404736698,-1.0462361574172974,1.5720247030258179,-0.12420250475406647,-0.33575505018234253,0.33002710342407227
-0.05621339753270149,-0.0313376784324646,3.733372432179749e-05,-0.18431991338729858,0.005855137947946787,-0.008332316763699055,0.005960182286798954,-1.7087221145629883,0.0004628766037058085,-1.0501747131347656,1.570523977279663,-0.045928604900836945,-0.617280900478363,0.3867430090904236
-0.08937226235866547,-0.12655234336853027,2.2141632143757306e-05,0.01907378062605858,0.00866827741265297,-0.5586923956871033,-0.0046500712633132935,-1.51005220413208,-0.00016146551934070885,-1.0477827787399292,1.5712299346923828,-0.1303519904613495,-0.7188543081283569,0.32350024580955505
-0.0439932644367218,-0.10267926752567291,1.7934722563950345e-05,0.0016330917133018374,0.026237506419420242,-0.4847477078437805,0.0016584859695285559,-1.5581252574920654,-0.00020390009740367532,-1.0491104125976562,1.573381781578064,-0.12324045598506927,-0.6756346225738525,0.3195975422859192
-0.008606242947280407,-0.09213685989379883,1.4527023267874029e-05,-0.011932321824133396,0.014122908934950829,-0.5158830285072327,-0.0006878600106574595,-1.6294232606887817,-0.00019072575378231704,-1.048753023147583,1.5721299648284912,-0.10545457899570465,-0.6470170021057129,0.3235941231250763
0.016689585521817207,-0.0699014961719513,-1.5247919691319112e-06,-0.005217121914029121,0.023411879315972328,-0.7675053477287292,0.0010344914626330137,-1.533627986907959,3.065701821469702e-05,-1.0481233596801758,1.5727307796478271,-0.08956009894609451,-0.6440964341163635,0.25873127579689026
0.19642211496829987,0.031558044254779816,-9.66044535744004e-06,-0.5210850834846497,0.0022684845607727766,0.31518062949180603,0.022951846942305565,-1.7018554210662842,-0.0010918823536485434,-1.0475704669952393,1.5731234550476074,0.020922239869832993,-0.249285027384758,0.26148635149002075
-0.04375911131501198,-0.3283722400665283,6.625659352721414e-06,-0.17561979591846466,0.005976084619760513,-0.41546744108200073,-0.0030969614163041115,-1.634526014328003,-0.0001921393850352615,-1.0486223697662354,1.5710556507110596,-0.3158576488494873,-0.5898855328559875,0.3021687865257263
-0.005614972673356533,-0.3057606816291809,0.0003255194751545787,-0.3584396541118622,0.05332603305578232,0.12864898145198822,0.04062254726886749,-1.5858548879623413,0.0013091028667986393,-1.0489164590835571,1.576858401298523,-0.35047006607055664,-0.5071213841438293,0.3443893492221832
0.06847605854272842,-0.3968614339828491,9.150164987659082e-05,-0.16149909794330597,-0.0034791522193700075,-0.3141992390155792,-0.04200707748532295,-1.5822441577911377,0.0004276096588000655,-1.0486011505126953,1.5656816959381104,-0.36402684450149536,-0.46092286705970764,0.3456849157810211
0.06382929533720016,-0.4212374985218048,7.437067688442767e-05,-0.10378535091876984,0.0008934381185099483,-0.440435528755188,-0.03333887830376625,-1.5450466871261597,0.0005487755406647921,-1.0495686531066895,1.5668976306915283,-0.39179036021232605,-0.48973140120506287,0.31148475408554077
0.02586944028735161,-0.42784246802330017,6.0240250604692847e-05,-0.1404179483652115,0.023390619084239006,-0.3385486304759979,-0.023394787684082985,-1.468485713005066,0.0014876783825457096,-1.0490800142288208,1.5692100524902344,-0.41883039474487305,-0.49661949276924133,0.32092753052711487
-0.024851413443684578,-0.25601115822792053,1.1390980944270268e-05,0.16770333051681519,0.023910528048872948,-0.710015594959259,0.04818760231137276,-1.5991992950439453,-0.0022378000430762768,-1.044479489326477,1.5789858102798462,-0.3039623200893402,-0.7562436461448669,0.2899450361728668
-0.016805514693260193,-0.21034996211528778,9.226694601238705e-06,0.07207421958446503,0.025120628997683525,-0.4952329695224762,0.04583388566970825,-1.604325532913208,-0.0028581577353179455,-1.0458242893218994,1.5798522233963013,-0.2644733488559723,-0.7090056538581848,0.3082372844219208
-0.0011189931537956,-0.14918793737888336,7.471805929526454e-06,0.017802726477384567,0.031397558748722076,-0.42117583751678467,0.04523925483226776,-1.6046773195266724,-0.0028424817137420177,-1.0460363626480103,1.5803980827331543,-0.21279993653297424,-0.6446285247802734,0.36009153723716736
0.011264166794717312,-0.07381884008646011,5.0520302465884015e-06,-0.10429109632968903,0.04425185173749924,-0.13893422484397888,0.0460687093436718,-1.6956559419631958,-0.002264461014419794,-1.0476200580596924,1.5808767080307007,-0.14732038974761963,-0.6119087934494019,0.365544855594635
-0.014435801655054092,0.08099249750375748,0.00018852975335903466,-0.2529296278953552,0.034202974289655685,-0.02104165591299534,0.0334123894572258,-1.7380809783935547,-0.0015271345619112253,-1.0477818250656128,1.578047513961792,0.012167115695774555,-0.564518928527832,0.36088424921035767
-0.04325483366847038,0.15832892060279846,0.000231672907830216,-0.35993626713752747,0.027555715292692184,0.20034180581569672,0.029988108202815056,-1.7619138956069946,-0.0012783746933564544,-1.0487571954727173,1.5769474506378174,0.09509488195180893,-0.5573714375495911,0.3628060519695282
-0.08083301782608032,0.37517109513282776,4.292741868994199e-05,0.05513964965939522,-0.03691469877958298,-0.8369659185409546,-0.06608328968286514,-1.4881937503814697,0.0017617343692108989,-1.0473735332489014,1.561592698097229,0.42345353960990906,-0.7306222319602966,0.2772882580757141
0.061365868896245956,0.4163285493850708,1.8414953956380486e-05,-0.08385618776082993,-0.024350399151444435,-0.5224494338035583,-0.030533069744706154,-1.5316041707992554,0.0007554473704658449,-1.0456480979919434,1.5657721757888794,0.4408901333808899,-0.572909414768219,0.26015332341194153
0.13878950476646423,0.4248480200767517,1.4916112377250101e-05,0.06828707456588745,-0.007427836302667856,-0.6760820150375366,-0.023095957934856415,-1.4853475093841553,0.0008648937218822539,-1.0457383394241333,1.5676984786987305,0.4392501711845398,-0.4939333498477936,0.28869011998176575
0.17910952866077423,0.42193689942359924,1.208205139846541e-05,0.06619308143854141,-0.012005516327917576,-0.4869711399078369,-0.02259264513850212,-1.5367194414138794,0.0011938007082790136,-1.0460450649261475,1.566872477531433,0.43902266025543213,-0.468278706073761,0.3203183710575104
-0.12918807566165924,-0.048886001110076904,-0.00016762052837293595,-0.334514856338501,0.005979483015835285,-0.05591583624482155,0.06589003652334213,-1.5231496095657349,-4.517944034887478e-05,-1.0459723472595215,1.5743517875671387,-0.10034097731113434,-0.6051591038703918,0.3395683169364929
-0.029022246599197388,-0.18924325704574585,4.0995841118274257e-05,0.2454192042350769,-0.004647436086088419,-0.7467371821403503,0.02810862846672535,-1.617253065109253,-0.00012979070015717298,-1.047591209411621,1.5726226568222046,-0.20243580639362335,-0.7856677174568176,0.31334707140922546
-0.01646560989320278,-0.17715251445770264,3.3206633816007525e-05,0.21331118047237396,-0.0024599572643637657,-0.8574437499046326,0.02703191712498665,-1.564426064491272,-0.0008619788568466902,-1.0470751523971558,1.5739660263061523,-0.1957334578037262,-0.7624093890190125,0.2731264531612396
-0.006847498472779989,-0.0707663968205452,-0.00014608350466005504,0.08638546615839005,-0.006162621080875397,-0.6162264347076416,0.006154697388410568,-1.509939193725586,0.0005105347954668105,-1.0474687814712524,1.5701936483383179,-0.07903189957141876,-0.6784090995788574,0.2992536723613739
-0.003154580481350422,-0.04660545289516449,-0.00011832764721475542,-0.008861515671014786,0.0037760555278509855,-0.5096529126167297,0.00894917082041502,-1.6011289358139038,0.00011013510084012523,-1.0474135875701904,1.5717519521713257,-0.06264177709817886,-0.6309431791305542,0.32389208674430847
0.030711621046066284,-0.006375383120030165,-9.584538929630071e-05,0.10560261458158493,0.02168392203748226,-0.7503582835197449,0.012907247059047222,-1.5147044658660889,-0.00023315410362556577,-1.047480821609497,1.573920726776123,-0.0386381596326828,-0.6319340467453003,0.2846447825431824
0.021655501797795296,0.025787483900785446,-8.702419290784746e-05,0.002776550827547908,0.017131749540567398,-0.5609815716743469,0.010593588463962078,-1.556501865386963,-0.00023742695339024067,-1.0485963821411133,1.5733658075332642,-0.0035007596015930176,-0.6217601895332336,0.2761722207069397
0.06916623562574387,0.051168300211429596,0.0001825055223889649,0.19676293432712555,0.004575669765472412,-0.8326797485351562,0.005308569874614477,-1.510129690170288,5.690695616067387e-05,-1.048330307006836,1.5716121196746826,0.03100854530930519,-0.5983753204345703,0.2944379448890686
0.08257061243057251,0.0648941770195961,0.00014782947255298495,0.20125892758369446,-0.0006284982664510608,-0.7899384498596191,-0.0030374459456652403,-1.533660888671875,0.001503942534327507,-1.0481904745101929,1.5684267282485962,0.058425985276699066,-0.6368039846420288,0.2663041055202484
0.057074788957834244,0.06736591458320618,0.00035808479879051447,0.06236222758889198,-0.005380274262279272,-0.6282677054405212,-0.008904811926186085,-1.5824137926101685,0.0023824127856642008,-1.0472559928894043,1.566531777381897,0.07027778774499893,-0.6137965321540833,0.2909472584724426
0.053265560418367386,0.084100641310215,0.0002900486870203167,-0.06348410248756409,0.006995018105953932,-0.3655575215816498,-0.003682236187160015,-1.6031920909881592,0.001764390035532415,-1.0472853183746338,1.5687671899795532,0.07630550861358643,-0.5783277153968811,0.30635350942611694
-0.0007196168880909681,0.029169216752052307,1.2246612641320098e-05,-0.10989788919687271,0.019552720710635185,-0.1833922266960144,0.0026192606892436743,-1.6678156852722168,0.00044383262866176665,-1.0475660562515259,1.571697473526001,0.02400021441280842,-0.5864530801773071,0.38364800810813904
0.004113390576094389,0.01979903131723404,9.91975684883073e-06,-0.13706856966018677,0.014778516255319118,-0.09018787741661072,-0.0012039614375680685,-1.7298691272735596,0.00047122928663156927,-1.0498764514923096,1.5711084604263306,0.01705915667116642,-0.5890806317329407,0.3809732496738434
-0.005478434730321169,-0.007205148693174124,8.035002792894375e-06,-0.1612796187400818,0.0014389784773811698,-0.12708449363708496,-0.029097551479935646,-1.64097261428833,0.0013044435763731599,-1.0492295026779175,1.5676032304763794,0.01023219432681799,-0.5763490796089172,0.3890284597873688
-0.012075980193912983,-0.023037491366267204,7.96829117462039e-05,-0.19880464673042297,0.0005819576326757669,-0.07033488899469376,-0.02401631698012352,-1.6388643980026245,0.001064989948645234,-1.049001932144165,1.568134069442749,-0.004220048896968365,-0.5501652956008911,0.3861938714981079
-0.022589020431041718,-0.07413781434297562,3.425658724154346e-05,0.11379571259021759,0.00647475803270936,-0.6845243573188782,-0.0031031423714011908,-1.5141761302947998,0.0007333823596127331,-1.047653079032898,1.5700547695159912,-0.07124646753072739,-0.6411942839622498,0.36004531383514404
-0.10878664255142212,-0.074575275182724,2.7747835702029988e-05,-0.08104455471038818,0.015449421480298042,-0.6306202411651611,0.00103192834649235,-1.4569993019104004,0.0002314573066541925,-1.0475610494613647,1.5717524290084839,-0.0799609050154686,-0.6815575957298279,0.26855939626693726
-0.1252504289150238,-0.08756234496831894,2.247628799523227e-05,-0.03792611509561539,-0.0013870011316612363,-0.8062132000923157,0.000705266313161701,-1.4651029109954834,-0.0004696359974332154,-1.0462899208068848,1.5709673166275024,-0.08364349603652954,-0.698972761631012,0.22364412248134613
-0.03599735349416733,-0.23709093034267426,-0.00018971454119309783,0.7153303623199463,-0.002877072896808386,-1.3946218490600586,0.0032434514723718166,-1.4508613348007202,-0.0007867270614951849,-1.0465492010116577,1.5728232860565186,-0.2445884495973587,-0.9533141851425171,0.1332850605249405
0.004938033409416676,-0.23451147973537445,-0.00015366877778433263,0.7706570029258728,-0.0020250368397682905,-1.1800731420516968,0.0009173022117465734,-1.3987001180648804,-0.0004455200396478176,-1.0466796159744263,1.5715625286102295,-0.23420454561710358,-0.8836864829063416,0.2139798402786255
-0.07132621109485626,-0.25009098649024963,5.611600499833003e-05,-0.14746591448783875,0.016295483335852623,-0.35006260871887207,0.017652597278356552,-1.5877045392990112,-0.0011900586541742086,-1.0497303009033203,1.5756882429122925,-0.2729678153991699,-0.6514968872070312,0.3406476676464081
-0.0444013811647892,-0.2402610033750534,-0.00021144434867892414,-0.2802751660346985,0.008450126275420189,-0.20677123963832855,0.010391173884272575,-1.625686764717102,-0.0011527087772265077,-1.0499556064605713,1.5741950273513794,-0.2562348544597626,-0.5947693586349487,0.30190303921699524
-0.032700780779123306,-0.24683603644371033,-0.000171058505657129,-0.4079340696334839,-0.002751419320702553,-0.1713068187236786,-0.01887143962085247,-1.639279842376709,-0.0007214024080894887,-1.0481953620910645,1.5706337690353394,-0.2413630485534668,-0.5390946269035339,0.2709667682647705
0.08529707044363022,0.16696251928806305,-0.00020023407705593854,-0.7083780169487,-0.018425945192575455,-0.06853967905044556,-0.0009975683642551303,-1.434136986732483,-0.004079596139490604,-1.0458141565322876,1.5701395273208618,0.18347491323947906,-0.24346038699150085,0.1059892326593399
0.07499290257692337,0.18332494795322418,-0.0001616409863345325,-0.7659918665885925,-0.01406107284128666,0.14280439913272858,0.04263230040669441,-1.3906012773513794,-0.004201642703264952,-1.0465751886367798,1.5736746788024902,0.17304417490959167,-0.1924610286951065,0.15130522847175598
0.05328703671693802,0.21378648281097412,-0.00013092919834889472,-0.8320826888084412,-0.013729441910982132,0.30322808027267456,0.08816435933113098,-1.376511573791504,-0.0038997894152998924,-1.0464355945587158,1.5782699584960938,0.1708584427833557,-0.15453378856182098,0.2098669409751892
0.06477607786655426,0.2267310917377472,-8.590264769736677e-05,-0.604895293712616,-0.009593947790563107,-0.11054244637489319,0.02828851342201233,-1.37091064453125,-0.0017226943746209145,-1.0467983484268188,1.5732024908065796,0.2088162750005722,-0.19453664124011993,0.22097747027873993
0.04168608784675598,0.21148909628391266,-0.00025559792993590236,-0.6922513246536255,-0.010555225424468517,-0.04354054853320122,-0.025486527010798454,-1.4382328987121582,-0.0005045286379754543,-1.0470303297042847,1.568824291229248,0.2251652628183365,-0.25529593229293823,0.1723843812942505
0.04856997728347778,0.2586008906364441,4.825733412872069e-06,-0.5175945162773132,-0.01872737891972065,0.16645868122577667,-0.057357922196388245,-1.4787601232528687,-0.0004946735571138561,-1.0507222414016724,1.5656837224960327,0.29933589696884155,-0.3281095325946808,0.28345221281051636
-0.05099855735898018,0.21887125074863434,-0.00020816168398596346,-0.6544496417045593,-0.0063279191963374615,-0.15288308262825012,-0.03284041956067085,-1.3200583457946777,-0.0004510624858085066,-1.0463138818740845,1.5688287019729614,0.24670785665512085,-0.3168298602104187,0.20513178408145905
0.13996271789073944,0.12086812406778336,1.5086145140230656e-05,-0.40547725558280945,0.004997930023819208,-0.20765063166618347,0.044595200568437576,-1.5298125743865967,0.01440739631652832,-1.0472608804702759,1.5751360654830933,0.08638093620538712,-0.3035094738006592,0.1841886192560196
0.14047305285930634,0.13344930112361908,1.2219778000144288e-05,-0.3614790141582489,0.004280208609998226,0.13513898849487305,0.02977418340742588,-1.5609397888183594,0.011918886564671993,-1.0477193593978882,1.5737532377243042,0.10381299257278442,-0.2873609662055969,0.3291112184524536
-0.13314954936504364,0.19172392785549164,-0.0015319942031055689,-0.18474780023097992,-0.03858500346541405,-0.44508489966392517,-0.05955161526799202,-1.55723237991333,0.001701238565146923,-1.0498058795928955,1.5626839399337769,0.24606095254421234,-0.6799563765525818,0.2785343527793884
-0.06870384514331818,-0.18367142975330353,-0.0002504187577869743,-0.5342848896980286,-0.03814534470438957,-0.029926685616374016,0.003269295673817396,-1.5347753763198853,-0.002142661716789007,-1.0470871925354004,1.570420503616333,-0.1392422616481781,-0.5169117450714111,0.19714413583278656
-0.0537218414247036,-0.21162822842597961,-0.00020283920457586646,-0.5647732019424438,-0.02962661162018776,0.06731630861759186,0.04958071559667587,-1.5112888813018799,-0.0028671908657997847,-1.0471054315567017,1.5744189023971558,-0.19458696246147156,-0.4114939868450165,0.26611801981925964
-0.04056405648589134,-0.25361311435699463,-0.00016429975221399218,-0.4808220863342285,-0.02392907254397869,-0.19786058366298676,0.05225352197885513,-1.4928570985794067,-0.0025999911595135927,-1.0467740297317505,1.5747469663619995,-0.2435673326253891,-0.41391414403915405,0.24891406297683716
-0.027371538802981377,-0.28624850511550903,-0.00013308279449120164,-0.43893206119537354,-0.014336416497826576,-0.34025707840919495,0.05858241766691208,-1.4164931774139404,-0.0019524923991411924,-1.0468684434890747,1.5756524801254272,-0.28751593828201294,-0.44788309931755066,0.19197353720664978
0.017699450254440308,-0.3140247166156769,0.00024237485195044428,-0.414473295211792,-0.006045249290764332,-0.26708683371543884,0.057158488780260086,-1.5180017948150635,-0.001165785943157971,-1.0473403930664062,1.575738549232483,-0.32294076681137085,-0.4325107932090759,0.19858108460903168
0.0416678786277771,-0.32772764563560486,0.0001963236281881109,-0.4324324429035187,0.0019229196477681398,-0.0674460306763649,0.07289943844079971,-1.5069241523742676,-0.0010695373639464378,-1.0474910736083984,1.577417254447937,-0.3511985242366791,-0.390328586101532,0.25382253527641296
0.11397770047187805,-0.3261399269104004,0.00015902213635854423,-0.15839892625808716,0.010187609121203423,-0.36634743213653564,0.09407711029052734,-1.4490742683410645,-0.0014055457431823015,-1.0465134382247925,1.579777479171753,-0.37121230363845825,-0.3676069974899292,0.3219470679759979
0.1366935819387436,-0.26448002457618713,6.84538172208704e-05,0.1808805614709854,0.03372958302497864,-0.5917606353759766,0.046805448830127716,-1.6824837923049927,0.0005715021979995072,-1.0435956716537476,1.5763353109359741,-0.30076250433921814,-0.5860235691070557,0.3143705725669861
0.0969925969839096,-0.25487998127937317,-0.00018999750318471342,0.06382642686367035,0.03028722293674946,-0.3238401710987091,0.04304405674338341,-1.637058138847351,-2.7312642487231642e-05,-1.0442111492156982,1.5766205787658691,-0.29221758246421814,-0.5807713270187378,0.3523704707622528
0.1001056656241417,-0.19118550419807434,-0.00010164461127715185,0.09960319101810455,0.021998649463057518,-0.6268308162689209,0.031597115099430084,-1.5814913511276245,-0.0005993612576276064,-1.0438249111175537,1.5758137702941895,-0.22801417112350464,-0.5588952898979187,0.34945303201675415
0.11973287165164948,-0.1516827791929245,-8.23319423943758e-05,0.05606134235858917,0.028230376541614532,-0.6166890859603882,0.032900888472795486,-1.6613777875900269,-0.0015270098811015487,-1.0443984270095825,1.5775351524353027,-0.19647756218910217,-0.57905513048172,0.28105640411376953
0.1012515276670456,-0.12407097965478897,-6.66888736304827e-05,-0.1894393265247345,0.015454326756298542,-0.21606804430484772,0.025580892339348793,-1.7171437740325928,-0.0014525536680594087,-1.0481139421463013,1.5757511854171753,-0.15634341537952423,-0.54835444688797,0.2891930341720581
0.11251354217529297,-0.11211246252059937,-5.401798989623785e-05,-0.20574873685836792,-0.0032606031745672226,-0.2970751225948334,0.000724045850802213,-1.619615077972412,-0.0012694323668256402,-1.0478733777999878,1.5720258951187134,-0.12409000843763351,-0.44940611720085144,0.3185504078865051
0.13198530673980713,-0.09123604744672775,-5.44508766324725e-05,-0.3190058469772339,-0.004237525165081024,-0.06711933016777039,-0.0009898472344502807,-1.6873100996017456,-0.0010817857692018151,-1.047745704650879,1.571550965309143,-0.09958459436893463,-0.41817471385002136,0.2974032461643219
0.16575394570827484,-0.08335332572460175,-4.410521069075912e-05,-0.3271718919277191,-0.005829193163663149,0.04444780945777893,-0.02703101374208927,-1.6457328796386719,-0.0001073412349796854,-1.047722339630127,1.5688973665237427,-0.07827375829219818,-0.3458978235721588,0.339272677898407
-0.06045608967542648,-0.24298591911792755,3.1155530450632796e-05,-0.18785975873470306,0.007532658986747265,-0.3271305561065674,0.01873926818370819,-1.5058574676513672,-0.000979921780526638,-1.0459612607955933,1.5735070705413818,-0.26326319575309753,-0.5776139497756958,0.3295879662036896
-0.059685349464416504,-0.2309890240430832,2.523598050174769e-05,-0.16135765612125397,0.00948888435959816,-0.5040873885154724,0.015693387016654015,-1.5563547611236572,-0.0005736055900342762,-1.0459859371185303,1.5731865167617798,-0.24896202981472015,-0.5858218669891357,0.29546666145324707
0.07765766233205795,0.08036497235298157,9.287921329814708e-07,-0.5337233543395996,0.0019298613769933581,0.046038564294576645,0.026534108445048332,-1.7346082925796509,-0.00039122390444390476,-1.0471080541610718,1.572880744934082,0.05686581879854202,-0.3835113048553467,0.2243543565273285
0.08905603736639023,0.09672997146844864,7.523216254412546e-07,-0.5748517513275146,0.001945856143720448,0.2481391727924347,0.006592005491256714,-1.7566051483154297,-0.00013379697338677943,-1.0471274852752686,1.5713474750518799,0.08187766373157501,-0.3658011853694916,0.24538175761699677
0.09563343971967697,0.09745323657989502,6.093804927331803e-07,-0.5115255117416382,0.004041039384901524,0.11987658590078354,-0.026527095586061478,-1.7703547477722168,-0.0002544175658840686,-1.0471282005310059,1.5687898397445679,0.10158362984657288,-0.35391220450401306,0.2738988995552063
0.12341143190860748,0.10659094899892807,3.0188031814759597e-05,-0.33325791358947754,0.0034217301290482283,-0.19013795256614685,-0.019666098058223724,-1.8270879983901978,-0.00023763316858094186,-1.0471289157867432,1.5693190097808838,0.10942734777927399,-0.4287865459918976,0.24483893811702728
0.0586581751704216,0.08279895782470703,1.9806622731266543e-05,-0.34903067350387573,-0.01309362892061472,-0.0715089663863182,-0.05423297733068466,-1.7950648069381714,6.617814506171271e-05,-1.0465420484542847,1.5655584335327148,0.11346685886383057,-0.48037609457969666,0.28067830204963684
0.012056702747941017,0.0753089115023613,1.6043364666984417e-05,-0.4341256320476532,-0.010990498587489128,0.15076979994773865,-0.04232198745012283,-1.7567307949066162,1.202212388307089e-05,-1.0467171669006348,1.5666639804840088,0.10227422416210175,-0.4899657964706421,0.28861403465270996
-0.21855618059635162,0.14493781328201294,0.00023273615806829184,-0.13692981004714966,0.01101357489824295,-0.4290796220302582,0.06540734320878983,-1.6425068378448486,-0.00036343364627100527,-1.047476053237915,1.575283169746399,0.09529425948858261,-0.775322675704956,0.3341742753982544
-0.2106630951166153,0.2452205866575241,0.00012368553143460304,-0.4603705108165741,0.008028175681829453,-0.13985487818717957,0.024164218455553055,-1.48262357711792,-0.00023762884666211903,-1.0492171049118042,1.5720683336257935,0.21346479654312134,-0.6666420698165894,0.239503413438797
-0.16539742052555084,0.27470773458480835,0.0001001852797344327,-0.6480634212493896,0.0061190431006252766,0.3288969397544861,0.024115711450576782,-1.5863983631134033,-0.0002826139680109918,-1.0489321947097778,1.5722038745880127,0.24557766318321228,-0.5501171350479126,0.2740408182144165
0.017498472705483437,0.014695124700665474,8.341010106960312e-05,-0.34638121724128723,0.0008553285151720047,-0.07718785107135773,0.005830427631735802,-1.4708722829818726,-0.0009746309369802475,-1.0471751689910889,1.5707364082336426,0.030372094362974167,-0.3981926143169403,0.3455747067928314
-0.1014629676938057,-0.2205355018377304,0.00011283456115052104,0.3625601828098297,0.0020373230800032616,-0.7610476016998291,0.05902504175901413,-1.5092040300369263,-0.0016604637494310737,-1.048176646232605,1.5743927955627441,-0.24109666049480438,-0.8472209572792053,0.3561888635158539
-0.08751700818538666,-0.05810394138097763,-0.00012891106598544866,-0.1014651358127594,-0.01465362124145031,-0.5438768863677979,0.02345726080238819,-1.5838783979415894,-0.0006985929794609547,-1.0475326776504517,1.5709861516952515,-0.07257010042667389,-0.6476046442985535,0.33449631929397583
-0.1146383285522461,0.021193338558077812,-5.527967732632533e-05,-0.6938048005104065,-0.004508276470005512,-0.13383837044239044,0.0035722251050174236,-1.393154501914978,-0.0001438503823010251,-1.050460696220398,1.5703542232513428,0.010932786390185356,-0.45455214381217957,0.1043393537402153
0.06730601191520691,0.11010175198316574,0.0001841692574089393,-0.6563537120819092,-0.0095463702455163,0.22391362488269806,-0.06419578939676285,-1.7352726459503174,5.9788500948343426e-05,-1.0484366416931152,1.5653787851333618,0.14020349085330963,-0.36721062660217285,0.1890394240617752
0.10861780494451523,0.08696561306715012,-0.00036199542228132486,-0.5195214748382568,-0.004884480964392424,0.15054696798324585,-0.0858895480632782,-1.684072732925415,-0.00012800254626199603,-1.0482432842254639,1.564103364944458,0.1336906999349594,-0.3309118449687958,0.24884028732776642
0.13356496393680573,0.052605099976062775,-0.0002932162897195667,-0.36478301882743835,-0.004033670295029879,-0.06627042591571808,-0.10860386490821838,-1.618390440940857,0.0006685535190626979,-1.047967553138733,1.5620743036270142,0.11409632861614227,-0.3275960385799408,0.30532050132751465
0.15885214507579803,0.003267287975177169,-0.0002375051990384236,-0.19565537571907043,-0.012660677544772625,-0.3077394664287567,-0.12902647256851196,-1.6556274890899658,0.0012685161782428622,-1.0460832118988037,1.5597600936889648,0.08446653932332993,-0.37513381242752075,0.3026469051837921
0.06034310162067413,-0.5353297591209412,-0.00017145587480627,0.31567567586898804,-0.011600322090089321,-0.7073550820350647,-0.019480546936392784,-1.551751971244812,-0.001830484252423048,-1.0459429025650024,1.5707365274429321,-0.49734005331993103,-0.6972206234931946,0.31431517004966736
-0.007724201772361994,0.06657591462135315,-1.0888893484661821e-06,-0.42423176765441895,0.003901213174685836,-0.15940885245800018,0.004418305587023497,-1.6402363777160645,0.000501166854519397,-1.046615719795227,1.5704662799835205,0.03724177926778793,-0.4627531170845032,0.27722641825675964
0.06550013273954391,0.09617172926664352,-1.413813151884824e-06,-0.5566171407699585,-0.026112066581845284,-0.03713613748550415,-0.07650680094957352,-1.4690728187561035,-0.0006502573378384113,-1.0484282970428467,1.5626131296157837,0.14068810641765594,-0.3468049466609955,0.20579683780670166
0.09665227681398392,0.10377306491136551,8.986157627077773e-05,-0.4640498459339142,-0.01961011439561844,-0.21061889827251434,-0.06369656324386597,-1.35370671749115,-0.0005998070701025426,-1.0436598062515259,1.5645745992660522,0.14687217772006989,-0.25161775946617126,0.2538926303386688
0.10669385641813278,0.1296107918024063,7.278787961695343e-05,-0.48921218514442444,-0.009388674050569534,-0.18907716870307922,-0.027048492804169655,-1.4586669206619263,-0.0007485079695470631,-1.0396004915237427,1.5683404207229614,0.14590853452682495,-0.2589370012283325,0.23543354868888855
0.10936703532934189,0.14298036694526672,5.895818321732804e-05,-0.5138490200042725,-0.0077378638088703156,-0.28725409507751465,-0.021432530134916306,-1.4371607303619385,-0.0006548811215907335,-1.0408440828323364,1.5688345432281494,0.15208622813224792,-0.2779187858104706,0.19210441410541534
0.05486396700143814,0.1821345090866089,2.5379564249305986e-05,-0.8491837978363037,0.0014620883157476783,0.25829049944877625,-0.005487753544002771,-1.3374006748199463,0.000579045619815588,-1.050336241722107,1.5704821348190308,0.17678320407867432,-0.18901710212230682,0.14835570752620697
-0.09307293593883514,-0.4956848621368408,4.734505637316033e-05,-0.1420380026102066,-0.005118077155202627,-0.29798460006713867,-0.032813891768455505,-1.5598058700561523,0.0009731148602440953,-1.0485634803771973,1.568198800086975,-0.46831727027893066,-0.6515242457389832,0.36778977513313293
-0.06257276982069016,-0.4932372570037842,3.834949529846199e-05,-0.1962975561618805,0.012906838208436966,-0.24288485944271088,-0.013641792349517345,-1.5412118434906006,0.0011789774289354682,-1.0489362478256226,1.5710113048553467,-0.4871590733528137,-0.600653350353241,0.34433138370513916
-0.0018832618370652199,-0.47548967599868774,0.0006571383564732969,-0.06359080970287323,0.03634301573038101,-0.49994200468063354,0.0024207483511418104,-1.5407277345657349,0.0019460347248241305,-1.0472831726074219,1.5735876560211182,-0.4961431920528412,-0.5743672251701355,0.3267397880554199
0.016428764909505844,-0.44507119059562683,0.0005318691255524755,-0.13739924132823944,0.06511357426643372,-0.48154905438423157,0.005306881852447987,-1.632004737854004,0.003112298669293523,-1.047926664352417,1.5751489400863647,-0.4866615831851959,-0.5911261439323425,0.27911144495010376
0.11368339508771896,-0.29129689931869507,0.0005115611129440367,0.07941413670778275,0.020327022299170494,-0.590135395526886,-0.002223243471235037,-1.5574349164962769,0.0025769153144210577,-1.0476562976837158,1.5707703828811646,-0.31517326831817627,-0.5621082782745361,0.27212586998939514
-0.13015757501125336,-0.35553282499313354,0.00032770130201242864,0.08871391415596008,-0.010172954760491848,-0.8673015832901001,0.039610523730516434,-1.461429476737976,0.0004576316277962178,-1.0399302244186401,1.5724867582321167,-0.3621640205383301,-0.7598228454589844,0.31850630044937134
0.06527027487754822,0.024393588304519653,-0.00011348975385772064,-0.31479158997535706,0.008655466139316559,-0.3276084065437317,0.004905752371996641,-1.5539841651916504,0.001412208890542388,-1.0416260957717896,1.5720901489257812,-0.006656026002019644,-0.42886921763420105,0.21335665881633759
0.0531526654958725,0.06578895449638367,-9.19267040444538e-05,-0.2894856631755829,0.00209618778899312,-0.17307741940021515,-0.005028595216572285,-1.5515671968460083,0.0010356938000768423,-1.0429936647415161,1.570764183998108,0.04273659735918045,-0.42064833641052246,0.28034257888793945
0.057906873524188995,0.11798170208930969,-7.446054223692045e-05,-0.18922743201255798,0.004641493782401085,-0.20874692499637604,0.005157420877367258,-1.6230138540267944,0.000634278985671699,-1.043792963027954,1.5718308687210083,0.08994594216346741,-0.44363728165626526,0.34541308879852295
0.07297864556312561,0.18744352459907532,-6.031303564668633e-05,0.07831747829914093,0.023569699376821518,-0.5993064641952515,0.016424842178821564,-1.5520061254501343,0.000788973702583462,-1.0426907539367676,1.5740811824798584,0.13914254307746887,-0.5275987386703491,0.3325943052768707
0.003953338135033846,0.24246253073215485,-4.88519981445279e-05,-0.05158322677016258,0.016040846705436707,-0.33931055665016174,0.013132759369909763,-1.6126750707626343,0.0005462957778945565,-1.0474002361297607,1.5732882022857666,0.20069767534732819,-0.5979196429252625,0.3278711140155792
0.03285844251513481,0.28080612421035767,-3.9516289689345285e-05,0.16135774552822113,-0.004180461633950472,-0.5033233761787415,0.0017835142789408565,-1.5978277921676636,0.0005221802857704461,-1.0487875938415527,1.5704636573791504,0.25782036781311035,-0.6224140524864197,0.3626881539821625
-0.10843367129564285,0.3314858675003052,-8.290088590001687e-05,0.04185875877737999,0.0003103582712356001,-0.5339868068695068,-0.02006746269762516,-1.4768081903457642,0.0021036698017269373,-1.047674298286438,1.5657514333724976,0.35468363761901855,-0.7520778775215149,0.34972259402275085
-0.05451253801584244,0.28540220856666565,-6.714971823384985e-05,0.11052514612674713,-0.013396084308624268,-0.7255558967590332,-0.02375810593366623,-1.4047995805740356,0.002453652210533619,-1.0474791526794434,1.5639897584915161,0.3233540952205658,-0.6758584380149841,0.3301965892314911
0.006910927593708038,0.22587993741035461,-5.439127198769711e-05,0.1907307505607605,-0.021603453904390335,-0.8600073456764221,-0.029490459710359573,-1.5006248950958252,0.0037887697108089924,-1.0448473691940308,1.5612571239471436,0.2772098481655121,-0.6756126880645752,0.2822326421737671
0.025673961266875267,0.15313099324703217,-4.405693107401021e-05,0.13645245134830475,-0.02461889758706093,-0.9208630919456482,-0.03300057351589203,-1.4643685817718506,0.005009614862501621,-1.0464125871658325,1.559187412261963,0.2140437662601471,-0.6751827597618103,0.2401408851146698
-0.05512739717960358,0.117311492562294,-2.8457375265134033e-06,-0.43978151679039,0.055674124509096146,-0.18453434109687805,-0.011648552492260933,-1.5593892335891724,0.0010252295760437846,-1.0475765466690063,1.5720008611679077,0.07744921743869781,-0.5179339647293091,0.2046174705028534
-0.0674787238240242,0.1251678168773651,-1.683468667579291e-06,-0.5416092872619629,0.03993191942572594,0.025167718529701233,-0.051332227885723114,-1.5715762376785278,0.0015634970040991902,-1.0470715761184692,1.5681263208389282,0.1143312007188797,-0.47599127888679504,0.2431672364473343
-0.05873216688632965,0.11841923743486404,-1.363609612781147e-06,-0.7018793225288391,0.03403168544173241,0.463981568813324,-0.0963088721036911,-1.6448785066604614,0.0017316634766757488,-1.0472084283828735,1.5639688968658447,0.1416785717010498,-0.42253050208091736,0.2722875475883484
0.02909780852496624,0.11668253690004349,-7.246780455716362e-07,-0.5775918960571289,0.02127455361187458,0.017002202570438385,-0.0928393006324768,-1.6101911067962646,0.0007071536383591592,-1.0471988916397095,1.5632308721542358,0.15343809127807617,-0.3358738422393799,0.26590901613235474
0.027714094147086143,-0.014433154836297035,3.07750997308176e-05,-0.6495093703269958,-0.006008841563016176,0.06698627769947052,-0.08580092340707779,-1.5754585266113281,-0.0019549590069800615,-1.049960732460022,1.5591082572937012,0.048787426203489304,-0.3391159772872925,0.1492680460214615
0.0311599038541317,-0.024757370352745056,2.4793360353214666e-05,-0.5986526012420654,-0.005220314022153616,0.1417742818593979,-0.030657634139060974,-1.592120885848999,-0.0022862667683511972,-1.0490325689315796,1.564436912536621,0.008018160238862038,-0.3360571265220642,0.22936993837356567
0.051601484417915344,-0.020830677822232246,2.0082621631445363e-05,-0.596243143081665,-0.007126823998987675,0.40317416191101074,0.02207959070801735,-1.6301054954528809,-0.0018943616887554526,-1.0487265586853027,1.5697232484817505,-0.020863354206085205,-0.3228437602519989,0.3014044463634491
0.08792302012443542,0.15181823074817657,1.2997286376048578e-06,0.13547180593013763,0.001395657891407609,-0.6197746396064758,-0.00618298863992095,-1.5665531158447266,-0.00044558398076333106,-1.0502140522003174,1.569801926612854,0.14843535423278809,-0.5837188959121704,0.33209428191185
0.06982573121786118,0.1552269458770752,0.0003312146582175046,0.07360648363828659,-0.0053410097025334835,-0.6363909244537354,-0.010336951352655888,-1.4780060052871704,0.00029999538674019277,-1.0510045289993286,1.568255066871643,0.1592143028974533,-0.5685585141181946,0.32072287797927856
0.037874870002269745,0.1425454020500183,0.0002682838821783662,-0.017290346324443817,-0.020545905455946922,-0.6457927227020264,-0.015118529088795185,-1.4161102771759033,0.00093087088316679,-1.0477656126022339,1.5659981966018677,0.16245102882385254,-0.5343639254570007,0.30253538489341736
0.04917044937610626,0.11409923434257507,0.00021730993466917425,0.013539591804146767,-0.04256509616971016,-0.808170735836029,-0.01606844551861286,-1.3868327140808105,0.0005808886489830911,-1.0443086624145508,1.5644901990890503,0.15232092142105103,-0.5347375869750977,0.25944647192955017
0.08840615302324295,0.1011386513710022,0.00017602104344405234,0.14532320201396942,-0.027761563658714294,-1.058658242225647,-0.010469600558280945,-1.3981653451919556,-5.3328185458667576e-05,-1.0447198152542114,1.5668951272964478,0.12793096899986267,-0.5701241493225098,0.199636772274971
0.03106284886598587,-0.013013750314712524,9.35502685024403e-05,0.04523387551307678,-0.02285769023001194,-0.5852776765823364,-0.018743611872196198,-1.5363248586654663,0.0031231509055942297,-1.0479199886322021,1.5624066591262817,0.03114991821348667,-0.6258088946342468,0.2573997378349304
-0.02690170891582966,-0.0541844479739666,7.57757225073874e-05,-0.16788987815380096,-0.00620964216068387,-0.23072728514671326,-0.01129611674696207,-1.535695195198059,0.0026934854686260223,-1.0475679636001587,1.565325379371643,-0.021517599001526833,-0.5637009739875793,0.35118570923805237
0.0938350185751915,0.011602305807173252,0.0002684754435904324,0.37780147790908813,0.027386531233787537,-0.8924803733825684,0.06101001426577568,-1.5390584468841553,-0.0008913698839023709,-1.0453753471374512,1.5773969888687134,-0.047554027289152145,-0.6354241371154785,0.337846040725708
0.0982106402516365,0.024106189608573914,0.00021746511629316956,0.28191471099853516,0.0223196130245924,-0.7488337159156799,0.0459396094083786,-1.7091832160949707,-0.0002211543614976108,-1.0457252264022827,1.574731469154358,-0.011192000471055508,-0.702787458896637,0.27631160616874695
0.09009023010730743,0.023572253063321114,0.00017579198174644262,0.22571803629398346,0.017527880147099495,-0.6367620229721069,0.03259909525513649,-1.622591495513916,0.0004981108359061182,-1.047422170639038,1.57233726978302,0.0019917869940400124,-0.6697470545768738,0.3065660297870636
0.07616813480854034,0.008317390456795692,0.00014239284791983664,0.17854636907577515,0.01281469315290451,-0.6486560702323914,0.019242851063609123,-1.573136568069458,0.0013168319128453732,-1.0474241971969604,1.5698225498199463,-0.00011633012763923034,-0.6237514019012451,0.34083613753318787
0.08595330268144608,-0.021830566227436066,0.00011533852375578135,0.13123178482055664,0.0067108008079230785,-0.5208462476730347,0.007404496427625418,-1.615945816040039,0.002206799341365695,-1.0474165678024292,1.5673291683197021,-0.015300426632165909,-0.6115554571151733,0.3301699757575989
0.07646095007658005,-0.43701040744781494,2.1478464987012558e-05,0.054329317063093185,-0.0018144430359825492,-0.4006105661392212,-0.009024964645504951,-1.6919810771942139,0.000860295258462429,-1.0489814281463623,1.5686055421829224,-0.40456151962280273,-0.6374771595001221,0.35708650946617126
0.033359233289957047,-0.48261380195617676,1.7397556803189218e-05,-0.16459980607032776,0.0093438271433115,-0.34816068410873413,-0.002854075049981475,-1.6720269918441772,0.0008062509587034583,-1.0464732646942139,1.5702049732208252,-0.4602348208427429,-0.5792220234870911,0.32411813735961914
0.006484178360551596,-0.5120948553085327,1.409632295690244e-05,-0.3564950227737427,0.024890558794140816,-0.23270711302757263,0.01097203604876995,-1.584280014038086,0.0014147708425298333,-1.0467519760131836,1.5723680257797241,-0.5083526372909546,-0.5157974362373352,0.26717251539230347
0.032612528651952744,-0.5262746214866638,1.144280395237729e-05,-0.35812726616859436,0.03220656141638756,-0.4525549113750458,0.03480340167880058,-1.5597752332687378,0.0015745830023661256,-1.046901822090149,1.574965476989746,-0.5451201796531677,-0.4699939489364624,0.21850371360778809
0.20011676847934723,-0.28375303745269775,3.1151241728366585e-06,-0.399231493473053,0.0016542106168344617,-0.017631694674491882,-0.01616016775369644,-1.5648980140686035,0.0011754876468330622,-1.0478050708770752,1.5693833827972412,-0.29328593611717224,-0.28054511547088623,0.24827279150485992
-0.061683107167482376,-0.37163567543029785,-2.6420395442983136e-05,-0.09477797895669937,-0.02817451022565365,-0.5409398078918457,-0.02841048501431942,-1.4293437004089355,0.0003584552905522287,-1.0447319746017456,1.5662310123443604,-0.3250313699245453,-0.5660123825073242,0.32698068022727966
-0.08501873165369034,-0.41466024518013,-0.000316568766720593,-0.07335777580738068,-0.03305085375905037,-0.6539227962493896,-0.022845938801765442,-1.4769407510757446,-0.0003869040810968727,-1.0446795225143433,1.5667577981948853,-0.365744948387146,-0.6286871433258057,0.26415005326271057
-0.20299892127513885,-0.46085137128829956,-0.000113978203444276,-0.469708114862442,0.021930288523435593,-0.015850255265831947,0.010979619808495045,-1.6320886611938477,0.00185407605022192,-1.0479315519332886,1.5720584392547607,-0.47251635789871216,-0.688060462474823,0.23069150745868683
-0.17473672330379486,-0.4434468746185303,-9.01260573300533e-05,-0.38392943143844604,0.01992550864815712,-0.15883566439151764,0.050135497003793716,-1.5728892087936401,0.00048316363245248795,-1.0468860864639282,1.575292706489563,-0.47660478949546814,-0.6261842846870422,0.27768585085868835
-0.15949486196041107,-0.41082629561424255,-7.300210563698784e-05,-0.3181099593639374,0.029798360541462898,-0.3904320001602173,0.08031323552131653,-1.5925685167312622,0.00040097307646647096,-1.0464966297149658,1.5786080360412598,-0.4699198007583618,-0.6579676866531372,0.24522659182548523
-0.11377664655447006,-0.2907926142215729,-0.00014812772860750556,-0.3161429762840271,0.02334446646273136,-0.32327160239219666,0.05262725055217743,-1.5064761638641357,0.0009095263085328043,-1.0469615459442139,1.5762089490890503,-0.3485381305217743,-0.5828326940536499,0.2582555115222931
-0.0754723995923996,-0.24875570833683014,-0.00012303120456635952,-0.3113533854484558,0.02579217217862606,-0.17145965993404388,0.051356904208660126,-1.6008318662643433,0.0009737799409776926,-1.0486289262771606,1.5763132572174072,-0.3054217994213104,-0.5824472308158875,0.2696872353553772
-0.049832385033369064,-0.18876339495182037,-9.965527715394273e-05,-0.22831977903842926,0.030935639515519142,-0.30687472224235535,0.06794574856758118,-1.554357647895813,0.0005611806991510093,-1.0479166507720947,1.5782489776611328,-0.2600302994251251,-0.5594743490219116,0.3095049560070038
-0.03047383762896061,-0.14278052747249603,-8.072076889220625e-05,-0.17163297533988953,0.02070438303053379,-0.33889901638031006,0.052485063672065735,-1.6248472929000854,0.00025829707738012075,-1.0477908849716187,1.5763760805130005,-0.2039068192243576,-0.5816434025764465,0.29511120915412903
-0.05732330307364464,-0.113620825111866,-6.538382876897231e-05,-0.3208526372909546,0.004287786781787872,-0.07225692272186279,0.027297131717205048,-1.6609917879104614,4.986716703569982e-06,-1.0474679470062256,1.573204517364502,-0.14972732961177826,-0.5811182856559753,0.3125231862068176
-0.0030055290553718805,-0.07923364639282227,-0.0003484445915091783,-0.11745060235261917,-0.0008655894780531526,-0.3801705241203308,0.012271996587514877,-1.6156532764434814,5.2915864216629416e-05,-1.0488827228546143,1.5716359615325928,-0.10500115901231766,-0.5731146335601807,0.3112952709197998
0.023976286873221397,-0.041674621403217316,-0.00030925567261874676,-0.028139397501945496,-0.002425928134471178,-0.3714829683303833,0.009673823602497578,-1.5769962072372437,-2.303730434505269e-05,-1.050745964050293,1.5713595151901245,-0.06429553031921387,-0.5854474306106567,0.32528674602508545
-0.12597352266311646,0.008246656507253647,-0.0005138514097779989,-0.3001726269721985,-0.012089201249182224,-0.4540407359600067,-0.06530790776014328,-1.6217402219772339,0.0022152019664645195,-1.0446816682815552,1.5630031824111938,0.05263791233301163,-0.6519617438316345,0.25144657492637634
0.03355856239795685,-0.3155754506587982,-0.00011755272134905681,-0.8487436771392822,-0.016509484499692917,0.02687937021255493,0.028950944542884827,-1.4411005973815918,-0.0019852991681545973,-1.044569730758667,1.5720552206039429,-0.29706329107284546,-0.2620503008365631,0.0732937753200531
0.1224914938211441,-0.43499457836151123,-4.092897506779991e-05,-0.7507275342941284,-0.0036164699122309685,0.35022974014282227,-0.0027290733996778727,-1.6346402168273926,0.00020948512246832252,-1.0467137098312378,1.5707570314407349,-0.42054763436317444,-0.24005559086799622,0.16532252728939056
0.20366846024990082,0.5656278729438782,0.0001734070247039199,0.2738308906555176,-0.0011828611604869366,-0.7375549077987671,-0.021468142047524452,-1.7200005054473877,0.0011649689404293895,-1.0465062856674194,1.5672948360443115,0.5750429034233093,-0.5504530072212219,0.33163130283355713
0.1238977387547493,0.5037655234336853,0.0001368124649161473,-0.27296268939971924,0.0022773388773202896,-0.1325930505990982,-0.0006927059148438275,-1.699992060661316,0.0022251661866903305,-1.0466811656951904,1.5696451663970947,0.5086054801940918,-0.45436370372772217,0.2596023976802826
0.1236015036702156,0.48962822556495667,0.00011081810225732625,-0.3093819320201874,0.0016231805784627795,0.05392039194703102,-0.007592509500682354,-1.7553001642227173,0.002028068993240595,-1.0467792749404907,1.5691992044448853,0.4970262050628662,-0.40462160110473633,0.3415127992630005
0.14262554049491882,0.45789971947669983,8.976265962701291e-05,-0.10934609174728394,-0.0040037245489656925,-0.24159471690654755,-0.0391339510679245,-1.6523956060409546,0.0025850317906588316,-1.046907663345337,1.566057801246643,0.4845050573348999,-0.425599068403244,0.3521541655063629
0.09814535081386566,0.41301533579826355,-0.0004180640389677137,-0.3310180604457855,-0.01875908672809601,0.24902299046516418,-0.06857828795909882,-1.735992670059204,0.002836543368175626,-1.0462641716003418,1.5622996091842651,0.4612933099269867,-0.436180979013443,0.38866230845451355
0.11121364682912827,0.21979394555091858,0.00010635985381668434,-0.16716045141220093,0.008008524775505066,-0.4064953327178955,0.0030245562084019184,-1.5845986604690552,0.00039812090108171105,-1.0458067655563354,1.5719395875930786,0.20100398361682892,-0.424455851316452,0.3256996273994446
0.11755427718162537,0.2664984464645386,8.615147817181423e-05,-0.21924543380737305,0.028397073969244957,-0.41211122274398804,0.007266580127179623,-1.6228784322738647,0.0017420741496607661,-1.0467225313186646,1.5730507373809814,0.23113113641738892,-0.45551079511642456,0.2560463845729828
0.0678873360157013,0.33162808418273926,3.6972869565943256e-05,-0.6722587943077087,0.0008443582919426262,0.058788761496543884,-0.055891960859298706,-1.4503569602966309,0.000961219659075141,-1.0461565256118774,1.5668317079544067,0.35243549942970276,-0.2730295658111572,0.17581938207149506
0.11051741987466812,0.3373551368713379,2.994802525790874e-05,-0.6181049942970276,0.0006433833041228354,0.09725244343280792,-0.06274557113647461,-1.5208854675292969,0.0011339174816384912,-1.0453214645385742,1.5661932229995728,0.3622560501098633,-0.22681662440299988,0.2249494045972824
0.15259572863578796,0.3537905216217041,2.4257900804514065e-05,-0.47132185101509094,0.0007123565301299095,-0.14383982121944427,-0.039862584322690964,-1.6241655349731445,0.0006700642989017069,-1.045676589012146,1.5679560899734497,0.3680368959903717,-0.25281810760498047,0.2375740110874176
0.13793610036373138,0.3873163163661957,1.9648899979074486e-05,-0.5008824467658997,0.006164925172924995,-0.0920426994562149,0.0031434446573257446,-1.6188853979110718,0.0001324519544141367,-1.0459643602371216,1.5715597867965698,0.3755343556404114,-0.31744128465652466,0.20729109644889832
0.10221578180789948,0.4081069529056549,1.5659437849535607e-05,-0.5740035772323608,0.005435781087726355,0.0956212729215622,0.004752453416585922,-1.543425440788269,8.104159496724606e-05,-1.0466254949569702,1.5715996026992798,0.3928721845149994,-0.2745596468448639,0.23796716332435608
0.06394045799970627,0.4271906018257141,3.8254069067988894e-07,-0.6300125122070312,0.004464282188564539,0.19578367471694946,0.002887160051614046,-1.5832839012145996,7.053325680317357e-05,-1.046679973602295,1.571370005607605,0.41373464465141296,-0.26594868302345276,0.270506352186203
0.038528941571712494,0.43215325474739075,3.098579668403545e-07,-0.6128665208816528,0.004905227106064558,0.17222470045089722,-0.02299109660089016,-1.523262858390808,0.00024558883160352707,-1.0468065738677979,1.5690616369247437,0.4332702159881592,-0.28905048966407776,0.26409003138542175
0.07509713619947433,0.10828431695699692,-0.00011946593440370634,-0.5138652324676514,0.003690950106829405,0.13857945799827576,-0.035373758524656296,-1.6581202745437622,-0.0005572452209889889,-1.0469998121261597,1.5674622058868408,0.13930857181549072,-0.3365311920642853,0.30628472566604614
0.10543984919786453,0.08104853332042694,-9.676740592112765e-05,-0.37939801812171936,0.003352861385792494,-0.08938007801771164,-0.013266583904623985,-1.7252874374389648,-0.0007971415761858225,-1.047081470489502,1.56937837600708,0.10330654680728912,-0.37880951166152954,0.27518394589424133
0.0917121022939682,0.04311980679631233,-7.838159945094958e-05,-0.3476868271827698,0.0008306247182190418,-0.09516223520040512,-0.019100850448012352,-1.6146408319473267,-0.0005101104034110904,-1.0471030473709106,1.568833827972412,0.06847386807203293,-0.4110863506793976,0.2760201692581177
0.10128679126501083,0.01576283760368824,-6.34890966466628e-05,-0.12129208445549011,0.007268997374922037,-0.49289777874946594,-0.007738782092928886,-1.466184139251709,-0.00024798381491564214,-1.0449366569519043,1.57035231590271,0.033247947692871094,-0.3921988010406494,0.3116975724697113
0.11008124053478241,-0.02312345802783966,-5.1426166464807466e-05,0.049996111541986465,-0.004765329882502556,-0.67689448595047,-0.007237051147967577,-1.5058605670928955,-0.0005470148753374815,-1.047412633895874,1.5697301626205444,0.0002437570656184107,-0.47479012608528137,0.2854663133621216
0.11078236252069473,-0.05080435797572136,-4.1663122829049826e-05,0.1962244063615799,0.00134459906257689,-0.7264613509178162,-0.0017215085681527853,-1.4574528932571411,-0.0011156267719343305,-1.0483604669570923,1.571533203125,-0.03503677248954773,-0.5378260612487793,0.2962323725223541
-0.17773079872131348,-0.13222813606262207,-4.962597017765802e-07,0.09902124106884003,0.0199139304459095,-0.5951300263404846,0.03705884516239166,-1.599339246749878,-0.0016371709061786532,-1.043667197227478,1.5772058963775635,-0.16731911897659302,-0.8256583213806152,0.3434899151325226
-0.15539515018463135,-0.09792020916938782,-0.0004225450393278152,0.17819398641586304,0.025541935116052628,-0.7028864026069641,0.038676559925079346,-1.5277796983718872,-0.002497876761481166,-1.0443450212478638,1.5788756608963013,-0.14215734601020813,-0.8502994775772095,0.3042479157447815
-0.13781878352165222,-0.0771479532122612,-0.0003422614827286452,0.14657045900821686,0.018360959365963936,-0.6432332396507263,0.026740634813904762,-1.5759254693984985,-0.0013118230272084475,-1.0446789264678955,1.575722336769104,-0.10932828485965729,-0.8302521705627441,0.31918492913246155
-0.1667083352804184,-0.07196284830570221,-0.0002771584549918771,-0.09744793176651001,0.0055624134838581085,-0.3534781336784363,0.015407069586217403,-1.6520684957504272,-0.000432255124906078,-1.0467342138290405,1.5726498365402222,-0.08697650581598282,-0.7978575229644775,0.3238544166088104
-0.17874565720558167,-0.05469438061118126,-0.00022449836251325905,-0.2561841309070587,0.011074729263782501,-0.13877755403518677,0.018461618572473526,-1.6984301805496216,-0.00023580297420267016,-1.0468909740447998,1.5732288360595703,-0.07421929389238358,-0.7465018630027771,0.31638213992118835
-0.17581818997859955,-0.020303424447774887,-0.0001818436721805483,-0.38011297583580017,0.015270616859197617,0.1352957785129547,0.05002911016345024,-1.5967365503311157,-0.0011500435648486018,-1.046967625617981,1.5763691663742065,-0.05846429616212845,-0.6762070655822754,0.34282854199409485
-0.12829798460006714,0.4135325253009796,0.00014338531764224172,0.35018327832221985,-0.0029755434952676296,-0.6411373615264893,-0.02217652089893818,-1.7861751317977905,-3.748742528841831e-05,-1.0450671911239624,1.5697680711746216,0.416914165019989,-0.9681314826011658,0.36291998624801636
-0.11529920250177383,0.4365564286708832,0.00011614210234256461,0.35702449083328247,-0.0027699621859937906,-0.8510595560073853,-0.01438952423632145,-1.7184873819351196,-0.00040830837679095566,-1.0458660125732422,1.5710268020629883,0.43122100830078125,-0.9641088843345642,0.28887540102005005
-0.10386093705892563,0.46649369597435,-5.770172265329165e-06,0.2911275029182434,-0.0022131178993731737,-0.801515519618988,-0.010791989043354988,-1.698873519897461,-0.00044859154149889946,-1.046973705291748,1.5712785720825195,0.4578024446964264,-0.9408043026924133,0.257102906703949
-0.09230438619852066,0.4836405813694,-4.673839612223674e-06,0.1802087277173996,-0.002387479180470109,-0.729209303855896,-0.012031806632876396,-1.7563673257827759,0.00020919991948176175,-1.046489953994751,1.5698622465133667,0.4821358025074005,-0.9021788835525513,0.26622381806373596
-0.04362349584698677,0.47244399785995483,-3.066506224058685e-06,-0.0065364050678908825,-0.01094166561961174,-0.3368971049785614,-0.01817413419485092,-1.6382572650909424,0.0015829766634851694,-1.049126148223877,1.566747784614563,0.4900076985359192,-0.7345792651176453,0.3276076912879944
-0.006210285238921642,0.4268513023853302,-1.6785458001322695e-06,-0.035741694271564484,0.0027718846686184406,-0.4210023283958435,0.00159469956997782,-1.544041395187378,0.0008359394851140678,-1.0457115173339844,1.5700182914733887,0.43023252487182617,-0.5927863717079163,0.3899678885936737
-0.06122051179409027,0.4136040210723877,-1.3596766166301677e-06,-0.23597310483455658,-0.004926009569317102,-0.2572621703147888,-0.0008057846571318805,-1.5346494913101196,0.0003732882032636553,-1.0459915399551392,1.5695624351501465,0.4208567142486572,-0.5793493390083313,0.32496678829193115
-0.069210484623909,0.38341081142425537,-1.101338057196699e-06,-0.34690243005752563,-0.014695811085402966,-0.0662497878074646,-0.026201140135526657,-1.5189447402954102,0.0005606563063338399,-1.0465812683105469,1.5667686462402344,0.41018640995025635,-0.5279417037963867,0.32936713099479675
-0.14815406501293182,-0.04970913752913475,-8.921041444409639e-05,0.3748898208141327,0.005591955501586199,-0.5924985408782959,-0.011495289392769337,-1.7904341220855713,0.0008300513145513833,-1.046376347541809,1.568445086479187,-0.043557506054639816,-1.0119489431381226,0.35156410932540894
-0.13272258639335632,-0.055093783885240555,-0.00016049272380769253,0.2640462815761566,0.004372106399387121,-0.47367146611213684,-0.007746290415525436,-1.687158226966858,0.0005839683581143618,-1.049200177192688,1.5691492557525635,-0.050635598599910736,-0.9459909200668335,0.3604251742362976
-0.041624512523412704,-0.17544394731521606,-0.0004013886209577322,-0.14680278301239014,-0.04908239468932152,-0.40625035762786865,-0.10051341354846954,-1.4742823839187622,-0.0018338452791795135,-1.0451014041900635,1.5659080743789673,-0.07849903404712677,-0.5838817954063416,0.3498986065387726
-0.049220696091651917,-0.2354714572429657,-0.0003279942029621452,-0.2073007971048355,-0.056433964520692825,-0.46199509501457214,-0.08589929342269897,-1.5009982585906982,-0.002499077469110489,-1.044764518737793,1.5655256509780884,-0.13398022949695587,-0.5652909278869629,0.2846639156341553
-0.1261824071407318,-0.4293217062950134,-4.645813532988541e-05,-0.4210716187953949,0.030556265264749527,-0.16838005185127258,0.0011020215461030602,-1.5063560009002686,0.0021267354022711515,-1.0476571321487427,1.5714373588562012,-0.44773319363594055,-0.5768679976463318,0.22519555687904358
-0.09857938438653946,-0.42731136083602905,-3.763108907151036e-05,-0.31275662779808044,0.022669252008199692,-0.310697466135025,-0.008760513737797737,-1.48232102394104,0.001853536581620574,-1.0475412607192993,1.5703659057617188,-0.44015130400657654,-0.5388811230659485,0.2739998996257782
-0.08313111215829849,-0.4148021340370178,-3.048118196602445e-05,-0.28824377059936523,0.024946847930550575,-0.39705997705459595,-0.0009041213779710233,-1.4228589534759521,0.0018945046467706561,-1.0481510162353516,1.571349859237671,-0.4315354526042938,-0.5466442704200745,0.2652514576911926
-0.04969201609492302,-0.38552165031433105,-2.468975799274631e-05,-0.19360162317752838,0.03854827955365181,-0.6067012548446655,0.007178483996540308,-1.4574414491653442,0.003137555904686451,-1.042645812034607,1.5728754997253418,-0.4198474884033203,-0.5564601421356201,0.23253539204597473
-0.1117958277463913,-0.19295786321163177,-1.6399588275817223e-05,-0.7419173121452332,0.044237878173589706,0.2053719311952591,0.01658567227423191,-1.4224021434783936,0.004169566091150045,-1.0476737022399902,1.5734211206436157,-0.24869364500045776,-0.41601526737213135,0.1845870018005371
-0.062321946024894714,-0.0641818717122078,-1.0759769793367013e-05,-0.6915589570999146,0.028657589107751846,0.2198455035686493,0.020221631973981857,-1.5877217054367065,0.0026975898072123528,-1.046613335609436,1.573576807975769,-0.12047891318798065,-0.3675535321235657,0.23754975199699402
-0.05063808709383011,-0.021259069442749023,-8.715413059690036e-06,-0.6484917998313904,0.024535810574889183,0.06378750503063202,-0.015057897195219994,-1.5641329288482666,0.002459151204675436,-1.046687364578247,1.5704275369644165,-0.05486229434609413,-0.40273162722587585,0.21400775015354156
-0.06501751393079758,0.03290864825248718,-7.059484687488293e-06,-0.6996800899505615,0.01996900700032711,-0.020663490518927574,-0.007991415448486805,-1.5491520166397095,0.0019161868840456009,-1.0450053215026855,1.570804476737976,0.0006072405958548188,-0.41300657391548157,0.16596876084804535
-0.04032006114721298,0.18538831174373627,-0.00024010382185224444,-0.8647534251213074,0.005967018194496632,0.3574637770652771,-0.04580763727426529,-1.5382202863693237,0.001164332963526249,-1.0468990802764893,1.567501425743103,0.18538187444210052,-0.34618276357650757,0.12401507794857025
0.009940441697835922,0.23008207976818085,-0.00019448409148026258,-0.7927548289299011,0.0035824819933623075,0.4883611798286438,-0.02835938334465027,-1.6403801441192627,0.0013409878592938185,-1.046918272972107,1.5690973997116089,0.22094251215457916,-0.2963472306728363,0.20726867020130157
0.06310772895812988,0.2770857512950897,-6.590089469682425e-05,-0.5166446566581726,0.002385635394603014,0.2016238123178482,-0.021304529160261154,-1.576361060142517,0.0013270109193399549,-1.0469664335250854,1.5695205926895142,0.2631538510322571,-0.30237361788749695,0.2949649393558502
-0.12706641852855682,0.5025846362113953,2.7452160793473013e-05,0.20541886985301971,0.0008747531683184206,-0.6771356463432312,-0.017113136127591133,-1.7613489627838135,-5.471756958286278e-05,-1.041770339012146,1.5703750848770142,0.49925002455711365,-0.8736562132835388,0.3407508432865143
-0.03538722172379494,0.38279443979263306,9.94032307062298e-05,0.16140390932559967,-0.021355975419282913,-0.45765674114227295,-0.011054323054850101,-1.6336668729782104,0.00105245818849653,-1.0431034564971924,1.5677677392959595,0.41463202238082886,-0.7637180685997009,0.30108630657196045
-0.033065952360630035,-0.29008251428604126,4.292478934075916e-06,-0.47232842445373535,-0.00887337140738964,-0.022596752271056175,-0.005250238347798586,-1.489961862564087,0.0010451872367411852,-1.045362949371338,1.5678040981292725,-0.2797848582267761,-0.4388233721256256,0.3265470862388611
0.038403578102588654,-0.30250078439712524,3.4769079775287537e-06,-0.3811381459236145,-0.009082249365746975,-0.3007839322090149,-0.015291411429643631,-1.530564785003662,0.001028914819471538,-1.0471138954162598,1.567334771156311,-0.2872975468635559,-0.41467782855033875,0.2539108097553253
0.07537023723125458,-0.3040813207626343,2.8175122679385822e-06,-0.42983898520469666,-0.0034431801177561283,-0.25956711173057556,-0.005361027084290981,-1.5483782291412354,0.001063440809957683,-1.0471179485321045,1.5687944889068604,-0.2964835464954376,-0.411638468503952,0.20495136082172394
0.07450269162654877,-0.2886568307876587,2.2821850507170893e-06,-0.5944761037826538,0.0028439515735954046,0.048927344381809235,0.026852505281567574,-1.479539155960083,0.0005814488977193832,-1.0472135543823242,1.5720020532608032,-0.30238431692123413,-0.31703945994377136,0.22158649563789368
0.10893938690423965,-0.285413920879364,1.8485698092263192e-06,-0.4614752531051636,0.001896485686302185,-0.26693809032440186,0.02339565008878708,-1.3220330476760864,0.00043512426782399416,-1.0472102165222168,1.5718706846237183,-0.3012997508049011,-0.22766876220703125,0.2519293427467346
0.11854452639818192,-0.3008069694042206,1.4970702295613592e-06,-0.5634579658508301,-0.0037579676136374474,-0.02952522598206997,-0.007275606971234083,-1.4313137531280518,0.0005170453223399818,-1.0471941232681274,1.5691022872924805,-0.2961517870426178,-0.22906379401683807,0.230890154838562
0.15281693637371063,-0.3043970465660095,1.212626898450253e-06,-0.46385473012924194,-0.0029273279942572117,-0.13440406322479248,-0.00694251200184226,-1.3991659879684448,0.00045225961366668344,-1.047153115272522,1.569348692893982,-0.2971240282058716,-0.20238763093948364,0.2584412693977356
0.2127630114555359,-0.28945615887641907,9.822277888815734e-07,-0.2136140763759613,0.005501606501638889,-0.4265991151332855,0.01808936521410942,-1.3820029497146606,0.00033542662276886404,-1.0471749305725098,1.5722218751907349,-0.30181798338890076,-0.22114123404026031,0.2838030159473419
0.25160905718803406,-0.28746020793914795,7.956045351420471e-07,-0.020170515403151512,-0.0014165835455060005,-0.6677208542823792,0.015413437969982624,-1.4258610010147095,-3.471098170848563e-05,-1.045236349105835,1.5718448162078857,-0.29749780893325806,-0.2808956503868103,0.2912043333053589
0.25435906648635864,-0.2744101285934448,6.426847107832145e-07,0.10912980139255524,0.009836695156991482,-0.9778198599815369,0.01560218445956707,-1.3458203077316284,-0.00040359588456340134,-1.0446728467941284,1.573182463645935,-0.29148194193840027,-0.3496491611003876,0.24099819362163544
0.00436044204980135,-0.2871382236480713,-0.00028242022381164134,-0.5433663129806519,0.002184817334637046,-0.07901733368635178,-0.04127170890569687,-1.512367606163025,0.0010853830026462674,-1.0467714071273804,1.5678000450134277,-0.2697955071926117,-0.3546740412712097,0.18953761458396912
0.030364330857992172,-0.2826133668422699,-0.00022884394275024533,-0.5254662036895752,0.0018629510886967182,0.20954160392284393,-0.026700537651777267,-1.6235157251358032,0.0007115876651369035,-1.0472835302352905,1.5689200162887573,-0.2704620659351349,-0.37580278515815735,0.2625546157360077
-0.18111459910869598,0.1832968145608902,6.336942988127703e-06,-0.03571746125817299,-0.00024679541820660233,-0.42850083112716675,-0.03762378171086311,-1.6617778539657593,0.0015014436794444919,-1.043216586112976,1.5671827793121338,0.18651528656482697,-0.9029415845870972,0.3255295157432556
-0.10189475864171982,0.21970662474632263,5.132923433848191e-06,-0.194025456905365,0.013330686837434769,-0.2637566924095154,-0.026461075991392136,-1.7416901588439941,0.0016691099153831601,-1.0434144735336304,1.568955659866333,0.21070632338523865,-0.7607923746109009,0.29952794313430786
-0.014233612455427647,0.2442159354686737,4.157668172410922e-06,-0.23503945767879486,0.005852672271430492,-0.23686499893665314,-0.02721208520233631,-1.703955888748169,0.001247791456989944,-1.0445184707641602,1.5685224533081055,0.2392079085111618,-0.6435660719871521,0.28681686520576477
0.035217467695474625,0.25148433446884155,3.3677113151497906e-06,-0.39219191670417786,-0.00550868408754468,0.06781639158725739,-0.047086458653211594,-1.6065285205841064,0.0012708798749372363,-1.0454355478286743,1.5661089420318604,0.2643682658672333,-0.501190721988678,0.3109605312347412
0.18207383155822754,0.39352938532829285,1.4496891935777967e-06,-0.5662289261817932,-0.006116206757724285,0.06219586730003357,-0.010289936326444149,-1.43594491481781,0.0019848423544317484,-1.0464280843734741,1.5704129934310913,0.37801074981689453,-0.16363701224327087,0.2903135418891907
0.20282922685146332,0.428581565618515,-0.0001267341140192002,-0.5443739891052246,-0.005135486833751202,-0.007803343236446381,-0.023997843265533447,-1.383685827255249,0.001944812247529626,-1.0465619564056396,1.5691275596618652,0.4221053421497345,-0.11742641031742096,0.2844774127006531
0.22514523565769196,0.44847723841667175,-0.00010265463788527995,-0.4730888605117798,-0.006173852831125259,-0.20886436104774475,-0.05851779505610466,-1.4520498514175415,0.0026005266699939966,-1.0466963052749634,1.5660418272018433,0.4617960751056671,-0.12208209931850433,0.2631642818450928
0.06711793690919876,0.3667009472846985,-1.0266147000947967e-05,-0.14887681603431702,-0.05331045016646385,-0.391976922750473,-0.023525789380073547,-1.4326975345611572,-0.0050780288875103,-1.049595832824707,1.5674937963485718,0.4283004403114319,-0.43426838517189026,0.2833082973957062
-0.09092528373003006,0.02871706709265709,-6.518607551697642e-05,0.3601248860359192,0.0036458196118474007,-0.9134928584098816,0.02839025668799877,-1.4244816303253174,0.0024225327651947737,-1.0477036237716675,1.567102074623108,-0.005573359318077564,-0.8143206238746643,0.30554983019828796
-0.0063698976300656796,0.07451588660478592,-2.008209776249714e-06,0.28232714533805847,-0.001738696824759245,-0.7307823300361633,-0.03510964289307594,-1.6680585145950317,0.0005445813876576722,-1.0463712215423584,1.5679435729980469,0.10489709675312042,-0.7669421434402466,0.34004804491996765
-0.05584997683763504,0.05841594189405441,-0.0002496092929504812,0.21739917993545532,-0.0004505343094933778,-0.7816361784934998,-0.02370203658938408,-1.590425729751587,-0.00028271309565752745,-1.0465435981750488,1.5701557397842407,0.07855191081762314,-0.7928647398948669,0.2808281183242798
-0.0720628872513771,0.031512632966041565,-0.0002021834225161001,0.14716236293315887,-0.0026599830016493797,-0.5657418370246887,-0.024181930348277092,-1.6652752161026,0.0006300742388702929,-1.0466580390930176,1.5683941841125488,0.057517386972904205,-0.7936933040618896,0.2938291132450104
-0.023264404386281967,-0.009927353821694851,-0.00016376834537368268,0.32324767112731934,-0.0040243035182356834,-0.7118139863014221,-0.026490379124879837,-1.6959644556045532,0.0013526160037145019,-1.046751618385315,1.566780924797058,0.02435547485947609,-0.8012765049934387,0.32932376861572266
-0.02421949990093708,-0.04261113330721855,-0.00013265234883874655,0.4066433906555176,-0.0034728250466287136,-0.9624236226081848,-0.01852213218808174,-1.7243242263793945,0.0007311045192182064,-1.046445608139038,1.5685685873031616,-0.01819293200969696,-0.8598896265029907,0.2757021486759186
-0.12321591377258301,-0.10523885488510132,-7.043188088573515e-05,0.21380235254764557,-0.0013597512152045965,-0.8306934237480164,-0.007207787595689297,-1.628562331199646,-0.00012038061686325818,-1.04592764377594,1.5708069801330566,-0.09317737072706223,-0.8998615741729736,0.2439652383327484
-0.11979910731315613,-0.10822538286447525,-5.704982322640717e-05,0.16103678941726685,0.0020939793903380632,-0.6441404819488525,-0.00040723176789470017,-1.5986003875732422,-0.0011514126090332866,-1.0461722612380981,1.573008418083191,-0.10669435560703278,-0.8559877872467041,0.27366116642951965
-0.08695691078901291,-0.0966930240392685,-4.62103562313132e-05,0.251880019903183,0.004642742220312357,-0.7000551223754883,0.007468995172530413,-1.579669713973999,-0.0020471997559070587,-1.046299934387207,1.575197696685791,-0.1069192960858345,-0.8066444396972656,0.33263808488845825
-0.048716798424720764,-0.0716056376695633,-3.7430389056680724e-05,0.40196654200553894,0.00408983277156949,-0.8624968528747559,0.01185409165918827,-1.6551172733306885,-0.0024591528344899416,-1.0431334972381592,1.576406478881836,-0.09129783511161804,-0.842067301273346,0.3046107292175293
-0.025019358843564987,-0.05474767088890076,-3.031861524505075e-05,0.5871357917785645,0.003573732916265726,-1.086334228515625,0.007345754653215408,-1.6515458822250366,-0.0017092261696234345,-1.0437724590301514,1.5744322538375854,-0.06585327535867691,-0.9007230401039124,0.2539777159690857
-0.04093089699745178,-0.05225210264325142,-2.458032213326078e-05,0.6678168177604675,0.003151083830744028,-1.3093602657318115,0.004475018009543419,-1.5400809049606323,-0.0012112982803955674,-1.0450986623764038,1.5730276107788086,-0.05460314452648163,-0.9370311498641968,0.20052985846996307
-0.09239061921834946,-0.04224037751555443,-1.991016324609518e-05,0.5077500939369202,0.00239361054264009,-1.248362421989441,0.004663089290261269,-1.5026850700378418,-0.0011239369632676244,-1.0455069541931152,1.5732096433639526,-0.05146011710166931,-0.9513745307922363,0.16488085687160492
-0.07330232858657837,-0.01769833452999592,-1.6127232811413705e-05,0.5682447552680969,0.0018456223187968135,-1.3408631086349487,0.005041549913585186,-1.4935951232910156,-0.0011246692156419158,-1.0456490516662598,1.5735098123550415,-0.03426354005932808,-0.9450106024742126,0.16566167771816254
-0.13649894297122955,0.040257323533296585,-8.570672434871085e-06,0.12679478526115417,-0.000754408712964505,-0.8269733190536499,-0.00023064175911713392,-1.4311895370483398,4.177214941591956e-05,-1.0458186864852905,1.5708646774291992,0.03254132345318794,-0.8359301090240479,0.21815165877342224
-0.15975767374038696,0.039516009390354156,-6.94224445396685e-06,-0.10768380016088486,-0.015674090012907982,-0.47108712792396545,-0.005997948814183474,-1.4563437700271606,0.0007681377464905381,-1.044179081916809,1.5682734251022339,0.046328600496053696,-0.7324739098548889,0.2945159673690796
-0.1264026165008545,0.05199446901679039,-5.623217930406099e-06,-0.16482312977313995,-0.004434502683579922,-0.4334273636341095,-0.002777727786451578,-1.491255521774292,0.0010763301979750395,-1.0446860790252686,1.569382905960083,0.05215631425380707,-0.6596672534942627,0.3128524720668793
-0.11277414113283157,0.0532151535153389,-4.554806764645036e-06,-0.2821878492832184,-0.012539541348814964,-0.2635646164417267,-0.005825549364089966,-1.5103929042816162,0.0003362591960467398,-1.045670747756958,1.5688878297805786,0.05903847888112068,-0.6191216707229614,0.2893086373806
-0.029951227828860283,0.0373007208108902,-5.189339844946517e-06,-0.09069489687681198,-0.027441563084721565,-0.5305494070053101,-0.017601152881979942,-1.460498332977295,-0.0005832268507219851,-1.0448462963104248,1.5670974254608154,0.06245367228984833,-0.5773299336433411,0.29379430413246155
0.023878933861851692,0.006521522533148527,-4.443375473783817e-06,-0.00528700789436698,-0.052835214883089066,-0.6779476404190063,-0.016992928460240364,-1.51598060131073,-0.0015862222062423825,-1.0426185131072998,1.5657250881195068,0.05050355941057205,-0.5858767032623291,0.27816668152809143
0.04759172350168228,-0.03677421435713768,-3.600102218115353e-06,-0.03396463021636009,-0.07244833558797836,-0.5925005078315735,-0.017822204157710075,-1.6065770387649536,-0.0015129221137613058,-1.0434739589691162,1.5642337799072266,0.02070053108036518,-0.6022202968597412,0.24976564943790436
0.12470345944166183,-0.0656946673989296,-2.9160828489693813e-06,0.2068636268377304,-0.0482201986014843,-0.850745439529419,-0.010872410610318184,-1.6119346618652344,-0.001659552799537778,-1.043471097946167,1.5670266151428223,-0.02375381626188755,-0.6130155920982361,0.2500303387641907
0.14099860191345215,-0.10496947169303894,-2.362027089475305e-06,0.26825934648513794,-0.04046241194009781,-0.7953417301177979,-0.012396961450576782,-1.5841578245162964,-0.0006577570457011461,-1.046288013458252,1.5662492513656616,-0.06294241547584534,-0.6193130612373352,0.2599891126155853
0.09871512651443481,-0.13541869819164276,-1.913241931106313e-06,0.13216756284236908,-0.03176657855510712,-0.4336860477924347,-0.00539458217099309,-1.5221062898635864,-0.0011955779045820236,-1.0479533672332764,1.5687060356140137,-0.10248292237520218,-0.5716443061828613,0.3464936912059784
-0.06499373912811279,-0.28155261278152466,-4.0296865336131305e-05,0.27822697162628174,-0.0009217911865562201,-0.8377140760421753,0.013928158208727837,-1.605359673500061,-0.0006450749933719635,-1.0493801832199097,1.5733612775802612,-0.3067432940006256,-0.8654282689094543,0.28238645195961
-0.042490653693675995,-0.25377047061920166,-3.259683944634162e-05,0.16767902672290802,-0.00212377542629838,-0.7402058243751526,0.006994385272264481,-1.5476911067962646,0.00026005535619333386,-1.051179051399231,1.5711239576339722,-0.270101398229599,-0.7837572693824768,0.2783655822277069
-0.03626527264714241,-0.22126008570194244,-6.091242903494276e-05,-0.020212244242429733,0.0005533902440220118,-0.5789146423339844,0.008246928453445435,-1.4929909706115723,-0.00021954652038402855,-1.0486690998077393,1.5720338821411133,-0.24098390340805054,-0.6810991764068604,0.298261821269989
-0.0055508059449493885,-0.204400897026062,-4.933906893711537e-05,-0.08659739047288895,-0.017357418313622475,-0.6412655115127563,0.005018631927669048,-1.473413109779358,-0.0006905720802024007,-1.046004056930542,1.5705664157867432,-0.21064424514770508,-0.5958982110023499,0.27356022596359253
-0.009051845408976078,-0.20320849120616913,-3.996464511146769e-05,-0.3199077546596527,-0.042961131781339645,-0.43111515045166016,0.0022354929242283106,-1.441420555114746,-0.0026766490191221237,-1.0481058359146118,1.5693641901016235,-0.1890725940465927,-0.5316864848136902,0.22843292355537415
0.008815504610538483,-0.18674342334270477,-3.237136115785688e-05,-0.4841879606246948,-0.032467279583215714,-0.22465437650680542,0.0064820414409041405,-1.454280138015747,-0.0020570538472384214,-1.0476057529449463,1.5701158046722412,-0.17751234769821167,-0.42366254329681396,0.20908521115779877
0.03331325575709343,-0.15267236530780792,-2.5115727112279274e-05,-0.6574947834014893,-0.022391820326447487,0.09974190592765808,0.038571834564208984,-1.4076157808303833,-0.0021686686668545008,-1.0480533838272095,1.573160171508789,-0.1673087179660797,-0.3149973452091217,0.21893104910850525
0.10244318842887878,-0.13208138942718506,-2.0343739379313774e-05,-0.6497073173522949,-0.018086828291416168,0.20588797330856323,0.03514406085014343,-1.486862301826477,-0.001862029661424458,-1.047887921333313,1.573041558265686,-0.15079809725284576,-0.21546950936317444,0.2624204456806183
0.02069452591240406,-0.19231781363487244,0.0002782183582894504,-0.03849508613348007,0.026677418500185013,-0.4301407039165497,0.0017814600141718984,-1.535475254058838,-9.186803799821064e-05,-1.0451871156692505,1.5741212368011475,-0.17849622666835785,-0.5636054873466492,0.3165073096752167
0.02294420264661312,-0.22698849439620972,0.00022517498291563243,-0.06309451907873154,0.04379105940461159,-0.1618051826953888,0.010113544762134552,-1.6258248090744019,0.0003120602632407099,-1.0463935136795044,1.5757967233657837,-0.22965970635414124,-0.5575772523880005,0.3825662434101105
-0.07387228310108185,-0.23893027007579803,0.00012070875527570024,0.03618381544947624,0.07662438601255417,-0.4929613173007965,0.06438758224248886,-1.6566076278686523,-0.0007129814475774765,-1.0464715957641602,1.5815749168395996,-0.2989397644996643,-0.7362788915634155,0.32135269045829773
-0.10181088745594025,-0.21824805438518524,9.757321822689846e-05,0.03371778875589371,0.0796089917421341,-0.6038087606430054,0.05974571034312248,-1.7312687635421753,-0.001093100057914853,-1.0458223819732666,1.5821069478988647,-0.2847062349319458,-0.7835091948509216,0.2943159341812134
-0.22270400822162628,-0.07984475046396255,-2.683870479813777e-05,-0.9157376289367676,0.029204320162534714,0.32326874136924744,0.06243041530251503,-1.6310811042785645,-0.0007822488551028073,-1.0470688343048096,1.5776360034942627,-0.13821199536323547,-0.5437561869621277,0.11628365516662598
-0.18438631296157837,-0.06601937115192413,-2.173923530790489e-05,-1.0303350687026978,0.025779278948903084,0.5201410055160522,0.03342081233859062,-1.6129977703094482,-0.001201855717226863,-1.0470411777496338,1.5746126174926758,-0.1017635241150856,-0.4816247522830963,0.0887036994099617
-0.1233181580901146,-0.06359861046075821,-1.760878149070777e-05,-0.9513088464736938,0.023167552426457405,0.2497572898864746,0.013755427673459053,-1.6117056608200073,-0.0018655071035027504,-1.047031044960022,1.5722768306732178,-0.08214914798736572,-0.42089521884918213,0.07224328815937042
0.06753867864608765,-0.10835646837949753,-6.141830453998409e-06,-0.8635130524635315,0.009052475914359093,0.2922530770301819,-0.015660768374800682,-1.538015604019165,-0.0006883289315737784,-1.0470281839370728,1.5696109533309937,-0.10063373297452927,-0.23974856734275818,0.1234055608510971
0.10055389255285263,-0.11023346334695816,-4.978095148544526e-06,-0.7466631531715393,0.006581710185855627,0.13032835721969604,-6.0365393437677994e-05,-1.4410178661346436,-0.0005823281244374812,-1.0470308065414429,1.5709865093231201,-0.10929952561855316,-0.1844198852777481,0.1591067910194397
0.13187019526958466,-0.09479518979787827,-4.032257038488751e-06,-0.606097400188446,0.005522058345377445,-0.1145072653889656,0.03882388025522232,-1.4347820281982422,-0.001259764307178557,-1.0468424558639526,1.5741454362869263,-0.11528096348047256,-0.1846356838941574,0.1848546266555786
0.14383697509765625,-0.09160639345645905,-3.2654963888489874e-06,-0.5929969549179077,0.004778557922691107,-0.07765769213438034,0.03632500022649765,-1.400025725364685,-0.0011131638893857598,-1.0469121932983398,1.5738983154296875,-0.11433884501457214,-0.1975695639848709,0.18412593007087708
0.13889233767986298,-0.1072646826505661,-2.645052063598996e-06,-0.655725359916687,0.002657828386873007,0.056201279163360596,-0.0016926790121942759,-1.436579942703247,-0.00015877338591963053,-1.0464942455291748,1.570726990699768,-0.10893116891384125,-0.1608760505914688,0.2214249074459076
0.1391666829586029,-0.13909369707107544,-2.142492121492978e-06,-0.6141436100006104,0.0015157479792833328,-0.10414528101682663,-0.057827770709991455,-1.5437476634979248,0.0011416266206651926,-1.0465612411499023,1.5661486387252808,-0.10897829383611679,-0.18790428340435028,0.19407837092876434
-0.09692028909921646,-0.4468524754047394,-0.0020421110093593597,-0.10064797103404999,0.015683302655816078,-0.5559374094009399,-0.05560752749443054,-1.5685255527496338,-0.000967261497862637,-1.0543922185897827,1.5671988725662231,-0.4185907542705536,-0.6555613279342651,0.25094643235206604
-0.12276895344257355,-0.4657662808895111,-0.0016550389118492603,-0.06359124183654785,0.0013343212194740772,-0.41830527782440186,-0.04552534222602844,-1.6170682907104492,-0.0013061478966847062,-1.0538984537124634,1.5673835277557373,-0.4355311095714569,-0.7221183776855469,0.27643415331840515
-0.12302055209875107,-0.5006341338157654,-0.0013405815698206425,0.042569637298583984,-0.019629351794719696,-0.4421725273132324,-0.04237129166722298,-1.6440752744674683,-0.001451479154638946,-1.0520782470703125,1.566161870956421,-0.45770615339279175,-0.7555404305458069,0.3367973864078522
-0.14438161253929138,-0.5231894254684448,-0.001085871015675366,0.11434071511030197,-0.013164490461349487,-0.3915274143218994,-0.03052704967558384,-1.5406602621078491,-0.001468439120799303,-1.0511693954467773,1.5679792165756226,-0.48894307017326355,-0.783631443977356,0.3739871382713318
-0.05485723540186882,0.1937466710805893,2.5080711566261016e-05,-0.2774783670902252,-0.01615615375339985,-0.2002362608909607,-0.10259220004081726,-1.6692960262298584,0.002228958299383521,-1.0467791557312012,1.561923623085022,0.24479016661643982,-0.587810218334198,0.33598315715789795
-0.08101721853017807,0.16131585836410522,2.0315375877544284e-05,-0.49743086099624634,-0.027704158797860146,0.02199818752706051,-0.13332663476467133,-1.687370777130127,0.0024438046384602785,-1.0474766492843628,1.5584685802459717,0.23695825040340424,-0.574865460395813,0.2650943100452423
-0.08394112437963486,0.1433197557926178,1.6455454897368327e-05,-0.6862003207206726,-0.022914651781320572,0.3324849307537079,-0.11712028831243515,-1.6433868408203125,0.002235861960798502,-1.047495722770691,1.5600730180740356,0.21551132202148438,-0.4866914451122284,0.2520202398300171
-0.022095659747719765,0.14182956516742706,1.3368175132200122e-05,-0.5659618973731995,-0.02133277803659439,0.13031348586082458,-0.06369080394506454,-1.62017023563385,0.0021504962351173162,-1.0475330352783203,1.5648424625396729,0.18846666812896729,-0.42189955711364746,0.2650740146636963
0.002175916451960802,0.12947791814804077,1.0828222002601251e-05,-0.607957124710083,-0.017021343111991882,0.28270336985588074,-0.056879136711359024,-1.5469242334365845,0.0017922506667673588,-1.0475033521652222,1.5655090808868408,0.17027471959590912,-0.37433817982673645,0.2893960773944855
0.07397238165140152,-0.2613605558872223,6.012985613779165e-05,0.09948208928108215,-0.010916468687355518,-0.6414961814880371,-0.023624179884791374,-1.5622888803482056,0.0006990369874984026,-1.0426976680755615,1.5680482387542725,-0.23186050355434418,-0.5816322565078735,0.33346477150917053
0.08324931561946869,-0.28221604228019714,-9.314119961345568e-05,0.049865707755088806,-0.004214729648083448,-0.5781017541885376,-0.016404995694756508,-1.6287689208984375,0.00023114621581044048,-1.0443058013916016,1.5695385932922363,-0.2605755925178528,-0.5916317701339722,0.29197993874549866
0.045555856078863144,-0.28951913118362427,-7.544437539763749e-05,-0.19337637722492218,0.012419691309332848,-0.24947844445705414,-0.008937060832977295,-1.6439398527145386,0.0003062492178287357,-1.0432007312774658,1.5714163780212402,-0.28338703513145447,-0.5511607527732849,0.3109586536884308
0.008589978329837322,-0.28191736340522766,-6.110993854235858e-05,-0.41837918758392334,0.0207310002297163,0.10654149949550629,0.02398783713579178,-1.5840668678283691,-0.00031302141724154353,-1.0442241430282593,1.5748162269592285,-0.29714933037757874,-0.4548422396183014,0.33840781450271606
0.05491391569375992,-0.47978195548057556,0.00013203230628278106,-0.3083135783672333,0.05253510922193527,-0.21598368883132935,0.08915094286203384,-1.5425302982330322,-0.0014838186325505376,-1.0476789474487305,1.582991600036621,-0.5675991177558899,-0.39946281909942627,0.3315933644771576
0.045116644352674484,-0.42026618123054504,0.00011960130359511822,-0.419468492269516,0.055537279695272446,-0.19889435172080994,0.11421463638544083,-1.6156705617904663,-0.001408606069162488,-1.0456364154815674,1.5850547552108765,-0.5209665894508362,-0.4281703233718872,0.26665669679641724
-0.006945228204131126,-0.19090662896633148,5.006441642763093e-05,-0.8549352884292603,0.03492255508899689,0.43449246883392334,0.061998751014471054,-1.500795602798462,8.237548900069669e-05,-1.048783540725708,1.5781078338623047,-0.2696179747581482,-0.3154166340827942,0.17596477270126343
0.027764979749917984,0.03461785241961479,-1.7592576284641837e-08,0.2788005769252777,0.00452321907505393,-0.8563797473907471,-0.012079602107405663,-1.5669516324996948,-0.0005301784258335829,-1.0469015836715698,1.5728521347045898,0.03239680081605911,-0.7167091369628906,0.31930553913116455
-0.005027191713452339,0.06152487173676491,-1.4249986968195572e-08,0.14733782410621643,0.005879845470190048,-0.8975380063056946,-0.004653872922062874,-1.5028685331344604,-0.0014677876606583595,-1.0471725463867188,1.5746853351593018,0.048637647181749344,-0.714906632900238,0.24302154779434204
-0.04022340103983879,0.10454816371202469,-1.1605707506134877e-08,-0.016740145161747932,0.016433030366897583,-0.7221178412437439,0.002163288649171591,-1.4984745979309082,-0.0023937553633004427,-1.0471588373184204,1.5766125917434692,0.07818056643009186,-0.68812096118927,0.2218671441078186
-0.041908103972673416,0.16338594257831573,-9.400622502653277e-09,-0.11146221309900284,0.039762210100889206,-0.4736509919166565,0.0033938707783818245,-1.4635835886001587,-0.0010492849396541715,-1.0478042364120483,1.5770765542984009,0.11868271231651306,-0.6176770925521851,0.2644777297973633
-0.029747771099209785,0.20668625831604004,-7.614504582420523e-09,-0.17172999680042267,0.024963954463601112,-0.2991097867488861,0.00020699750166386366,-1.560187816619873,-0.0011683908523991704,-1.047621488571167,1.5752273797988892,0.16929464042186737,-0.5597338676452637,0.33022329211235046
0.028424054384231567,0.23379579186439514,-6.167748534124939e-09,0.031920526176691055,-0.005115625914186239,-0.5598923563957214,-0.008829005062580109,-1.6224793195724487,-0.0018192414427176118,-1.0469592809677124,1.5721067190170288,0.220750093460083,-0.5964353680610657,0.310250848531723
0.013575995340943336,0.2748238444328308,-4.991437929646736e-09,-0.05001967400312424,-0.0002872230834327638,-0.3100292384624481,-0.00614229217171669,-1.7208728790283203,-0.0014258731389418244,-1.0470057725906372,1.572198748588562,0.258156418800354,-0.6407719850540161,0.30879485607147217
0.05217144638299942,0.3056719899177551,-1.534457005902823e-08,0.08542358130216599,-0.00837525725364685,-0.37017372250556946,-0.010093001648783684,-1.7547346353530884,-0.001137170591391623,-1.0432459115982056,1.5708870887756348,0.29672160744667053,-0.6446998715400696,0.3512817323207855
0.026596983894705772,0.33810853958129883,5.460787360789254e-05,-0.016912054270505905,-0.008204879239201546,-0.15737183392047882,-0.009979214519262314,-1.6897393465042114,-0.0009315571514889598,-1.0443423986434937,1.5706868171691895,0.3294755816459656,-0.6435130834579468,0.384869247674942
0.013598877005279064,0.276700884103775,2.12741106224712e-05,0.17728206515312195,-0.035624220967292786,-0.6218286752700806,-0.09534896910190582,-1.611337423324585,0.0029259733855724335,-1.0458165407180786,1.5593805313110352,0.34682416915893555,-0.6872719526290894,0.36256906390190125
0.04807290807366371,0.2409498244524002,1.723203058645595e-05,0.2321399450302124,-0.03153138607740402,-0.6651681065559387,-0.08473824709653854,-1.6577216386795044,0.003430681535974145,-1.0459506511688232,1.5590627193450928,0.31107568740844727,-0.7064281105995178,0.3126216232776642
0.058711592108011246,0.21333695948123932,1.3957944247522391e-05,0.23235513269901276,-0.025103259831666946,-0.5512897372245789,-0.0640987977385521,-1.5657637119293213,0.0022139716893434525,-1.046278476715088,1.5627033710479736,0.2682892978191376,-0.6749190092086792,0.342449814081192
-0.06799336522817612,-0.15016917884349823,0.00014140256098471582,-0.4964877963066101,0.0014010141603648663,-0.06634549051523209,0.08481959998607635,-1.4381979703903198,-0.0012632360449060798,-1.0488578081130981,1.5784403085708618,-0.19927766919136047,-0.3876895010471344,0.28036752343177795
-0.09487925469875336,-0.13684126734733582,0.00011453607294242829,-0.49442920088768005,0.0014382676454260945,0.0011199633590877056,0.07206594944000244,-1.3825302124023438,-0.0011012833565473557,-1.0486769676208496,1.5772855281829834,-0.18294671177864075,-0.42334431409835815,0.2941662073135376
-0.01270327903330326,-0.20369070768356323,0.0006010012002661824,-0.22450050711631775,0.012969599105417728,-0.2371572107076645,0.014011773280799389,-1.4855273962020874,0.00043385184835642576,-1.0468440055847168,1.5725897550582886,-0.2190396785736084,-0.494331032037735,0.33684197068214417
-0.028839921578764915,-0.21035149693489075,0.0004886770620942116,-0.2782999277114868,0.0043237293139100075,-0.1805245578289032,0.0003282177203800529,-1.5319490432739258,0.0004383897176012397,-1.0449408292770386,1.5707943439483643,-0.2145240604877472,-0.49343031644821167,0.3464609980583191
-0.05569523572921753,-0.2337312251329422,0.0003958284214604646,-0.2866283357143402,-0.009232105687260628,-0.36829453706741333,-0.028273114934563637,-1.5408991575241089,0.0004952580202370882,-1.0453765392303467,1.5673760175704956,-0.21314232051372528,-0.5183733701705933,0.2980017066001892
-0.08799884468317032,-0.24367456138134003,0.0003227891575079411,-0.3525853753089905,-0.007149265613406897,-0.4097708463668823,-0.02262658067047596,-1.5327835083007812,0.0004933411837555468,-1.0487807989120483,1.568030595779419,-0.22370702028274536,-0.5791631937026978,0.20949307084083557
-0.15974929928779602,-0.2719326317310333,0.0002810950973071158,-0.7309985160827637,-0.009628146886825562,0.1405383199453354,-0.01393149234354496,-1.4568872451782227,-0.00016503588994964957,-1.0513302087783813,1.5687661170959473,-0.2523767054080963,-0.49491363763809204,0.1760450303554535
-0.14306095242500305,-0.29142192006111145,0.00022768702183384448,-0.7487961649894714,-0.007353156805038452,0.24151068925857544,-0.020937375724315643,-1.5118963718414307,-5.747146860812791e-05,-1.0502536296844482,1.5682895183563232,-0.26943737268447876,-0.42917466163635254,0.20647737383842468
-0.12496183812618256,-0.301311731338501,0.00018442649161443114,-0.6325948238372803,-0.006652302108705044,-0.02121780253946781,-0.0022252583876252174,-1.5909754037857056,-0.00015237728075589985,-1.0496705770492554,1.5700229406356812,-0.28857097029685974,-0.45647627115249634,0.19899778068065643
0.06684797257184982,-0.10331300646066666,7.593179361720104e-06,-0.8496638536453247,-0.0024194945581257343,0.1448701173067093,0.01453361939638853,-1.6331242322921753,-0.00011784528760472313,-1.0469778776168823,1.5727343559265137,-0.11203313618898392,-0.24648255109786987,0.08383303880691528
-0.022733822464942932,-0.1130511537194252,-0.0002052105264738202,-0.5672460794448853,-0.0022616374772042036,0.13731513917446136,-0.0651618018746376,-1.5462499856948853,0.0010189327877014875,-1.048535943031311,1.5648759603500366,-0.08097740262746811,-0.36433616280555725,0.2556423842906952
-0.0171959288418293,-0.11244773864746094,-0.00016624908312223852,-0.4133133292198181,-0.0015973270637914538,-0.05079353600740433,-0.050021860748529434,-1.5849909782409668,0.0007178683299571276,-1.048075556755066,1.5662469863891602,-0.08603689819574356,-0.41672882437705994,0.29818353056907654
-0.043357964605093,-0.12188305705785751,-0.00013466175005305558,-0.47900402545928955,-0.0018099290318787098,0.17762532830238342,-0.06012389436364174,-1.6114298105239868,0.0010872873244807124,-1.049189805984497,1.565231204032898,-0.0921311303973198,-0.46136170625686646,0.3149165213108063
-0.04452478140592575,-0.12054074555635452,-0.00010907601972576231,-0.28259167075157166,-0.0008963778964243829,-0.19618232548236847,-0.03619612380862236,-1.5475999116897583,0.0005297560128383338,-1.0488148927688599,1.567458152770996,-0.09911135584115982,-0.47303080558776855,0.34587839245796204
-0.09350261092185974,-0.1300046294927597,-8.83515749592334e-05,-0.3369941711425781,-0.004757228773087263,-0.21012096107006073,-0.03993494436144829,-1.479145884513855,0.0005283751524984837,-1.0485279560089111,1.5668772459030151,-0.10619959980249405,-0.5306702256202698,0.3114832639694214
-0.09336263686418533,-0.12878240644931793,-7.156477659009397e-05,-0.24056600034236908,0.0017283348133787513,-0.5263700485229492,-0.02667131833732128,-1.4624178409576416,0.0007118091452866793,-1.047063946723938,1.5684161186218262,-0.11340750753879547,-0.5592435002326965,0.26428869366645813
-0.07763566076755524,0.014652076177299023,3.308521627332084e-05,-0.5649366974830627,0.012524984776973724,0.07702819257974625,0.02608589641749859,-1.4949638843536377,0.0008979049162007868,-1.0477956533432007,1.5734375715255737,-0.018133975565433502,-0.47930893301963806,0.22049708664417267
0.06481602042913437,0.16510266065597534,-1.353473726339871e-05,-0.554933488368988,0.0014873981708660722,-0.13836799561977386,-0.04126451164484024,-1.402685523033142,0.0010124348336830735,-1.0470366477966309,1.5671179294586182,0.1770760864019394,-0.26840564608573914,0.2681244909763336
0.05036536976695061,0.17582698166370392,-1.0963137356156949e-05,-0.725817084312439,0.0008802141528576612,-0.023437831550836563,-0.0337054617702961,-1.4478464126586914,0.0008102895808406174,-1.0473415851593018,1.5677491426467896,0.18842992186546326,-0.261344850063324,0.1647031158208847
0.040577344596385956,0.17708764970302582,-8.880140740075149e-06,-0.921826958656311,0.0006750363390892744,0.2197272777557373,-0.04513278231024742,-1.4059207439422607,0.000996417016722262,-1.0473878383636475,1.5669175386428833,0.19540905952453613,-0.21994493901729584,0.10421335697174072
0.051246874034404755,0.19071358442306519,5.6125736591639e-05,-0.8576453328132629,0.00032870465656742454,0.1303396224975586,-0.028381675481796265,-1.4791423082351685,0.0011767257237806916,-1.122702717781067,1.5678693056106567,0.19996389746665955,-0.2227197140455246,0.09908761084079742
0.09986096620559692,0.22933460772037506,1.7934813513420522e-05,-0.68289715051651,0.0019711260683834553,0.23636701703071594,-0.003535148221999407,-1.4990633726119995,0.0006102266488596797,-1.0893306732177734,1.5700498819351196,0.22344264388084412,-0.2356954663991928,0.20465490221977234
0.041743021458387375,0.13032853603363037,-2.948304063465912e-05,-0.23716866970062256,-0.020352259278297424,-0.29015177488327026,-0.05231654644012451,-1.6000818014144897,0.0007813713164068758,-1.0484437942504883,1.5630607604980469,0.19324226677417755,-0.5243157744407654,0.3151022493839264
0.033275917172431946,0.08842577785253525,-2.2854155758977868e-05,-0.20182441174983978,0.003544117556884885,-0.6237297654151917,-0.03342847153544426,-1.4815716743469238,0.0019325795583426952,-1.0435048341751099,1.5662204027175903,0.13059338927268982,-0.4856266379356384,0.24577032029628754
-0.0051634847186505795,-0.12108015269041061,0.0004977449425496161,-0.322496622800827,0.03488590195775032,-0.08785481005907059,0.007330236490815878,-1.6874446868896484,0.004234915133565664,-1.046064019203186,1.5710633993148804,-0.13259302079677582,-0.5303343534469604,0.25945279002189636
-0.15179698169231415,-0.1632753312587738,-1.6088865777419414e-06,-0.5880573391914368,0.004309229552745819,-0.2298433929681778,0.011016531847417355,-1.5055404901504517,0.0007090373546816409,-1.0447511672973633,1.5735323429107666,-0.17022116482257843,-0.5467217564582825,0.22042392194271088
-0.09418343007564545,-0.05387017875909805,0.009210467338562012,-0.2710628807544708,0.009151461534202099,0.026150479912757874,0.1363673359155655,-1.646833896636963,0.042028799653053284,-1.1645067930221558,1.579218864440918,-0.1476627141237259,-0.6442827582359314,0.30933019518852234
0.13762809336185455,-0.08624526113271713,-6.164277874631807e-05,0.031916432082653046,-0.02122337371110916,-0.5864374041557312,-0.014919249340891838,-1.481978178024292,0.0008908948511816561,-1.0527416467666626,1.5678918361663818,-0.07694903761148453,-0.46247315406799316,0.31548872590065
0.09280329942703247,-0.04851555824279785,-5.0032038416247815e-05,-0.1362999975681305,0.0021924260072410107,-0.4390794038772583,-0.007662450894713402,-1.4029995203018188,0.0008881510584615171,-1.0530664920806885,1.5704830884933472,-0.058971114456653595,-0.43190982937812805,0.32980841398239136
0.05825381353497505,-0.02285117842257023,-0.00019030363182537258,-0.341889351606369,-0.0008982518338598311,-0.11478634178638458,-0.008908238261938095,-1.4332903623580933,0.0006459424621425569,-1.0552533864974976,1.5701794624328613,-0.03207925707101822,-0.3699532151222229,0.34101131558418274
0.09264443814754486,-0.020397495478391647,-0.0001248582120751962,-0.1507015973329544,-0.0349794365465641,-0.5174000859260559,-0.036443233489990234,-1.3688428401947021,-0.0012471030931919813,-1.0525599718093872,1.5655707120895386,0.013662033714354038,-0.3918663561344147,0.29017946124076843
0.10281141847372055,-0.04067441076040268,-0.00010113514872500673,-0.12404525279998779,-0.061325766146183014,-0.6074451208114624,-0.03211458772420883,-1.4703130722045898,-0.003320746822282672,-1.0518183708190918,1.5647450685501099,0.012743452563881874,-0.4187083840370178,0.2748063802719116
0.16655762493610382,-0.14499489963054657,-6.58495673633297e-06,0.30811354517936707,-0.03950917348265648,-0.913094162940979,-0.013411183841526508,-1.5415914058685303,-0.0023658359423279762,-1.0477137565612793,1.5677481889724731,-0.10814300924539566,-0.5729685425758362,0.23973873257637024
0.11620772629976273,-0.15914523601531982,-5.340328698366648e-06,0.19197124242782593,-0.03131633996963501,-0.5115248560905457,-0.006562777794897556,-1.6165672540664673,-0.0026271173264831305,-1.0476962327957153,1.5700197219848633,-0.13521215319633484,-0.5925900340080261,0.3102293312549591
0.031802572309970856,0.25528910756111145,-1.366782726108795e-05,-0.02329450286924839,-0.01575075276196003,-0.44732776284217834,0.0016465670196339488,-1.5153367519378662,-0.00010338918946217746,-1.0511813163757324,1.5691821575164795,0.257190465927124,-0.5473308563232422,0.3564893305301666
0.0099559985101223,0.25781795382499695,-1.1070939763158094e-05,-0.26576557755470276,-0.02396870031952858,0.00937130767852068,-0.007627788931131363,-1.6016663312911987,-0.00013037679309491068,-1.0551881790161133,1.567902684211731,0.2671610116958618,-0.5263432860374451,0.36464187502861023
-0.24318073689937592,0.2271938920021057,7.347431528614834e-05,0.12934768199920654,-0.002541964640840888,-0.349746972322464,0.025111563503742218,-1.8424361944198608,-0.0008060938562266529,-1.0422734022140503,1.5736616849899292,0.21229605376720428,-1.0102368593215942,0.3630763292312622
-0.24609757959842682,0.2279646098613739,5.948010220890865e-05,-0.0816836878657341,-0.006436527241021395,0.0013344822218641639,0.010689377784729004,-1.8206454515457153,-0.000545525224879384,-1.0446484088897705,1.572290062904358,0.2238834947347641,-0.964216947555542,0.37150779366493225
-0.17367364466190338,0.16337455809116364,2.5603767426218837e-05,-0.14065532386302948,-0.03631751239299774,-0.36854374408721924,-0.03259693458676338,-1.5719417333602905,5.778291597380303e-05,-1.0451692342758179,1.5659254789352417,0.20518524944782257,-0.7428855299949646,0.36161527037620544
-0.10143417119979858,0.1206052303314209,-0.00039654315332882106,-0.04984838142991066,-0.05422237515449524,-0.7137798070907593,-0.029679641127586365,-1.5903252363204956,-0.0013729626080021262,-1.0454398393630981,1.5655826330184937,0.17675533890724182,-0.7462908029556274,0.25812825560569763
0.05620863288640976,-0.10100415349006653,-5.9519934438867494e-05,-0.006537404842674732,0.035612087696790695,-0.8562616109848022,-0.004157850053161383,-1.4245578050613403,0.0034118066541850567,-1.0453797578811646,1.571047306060791,-0.11522059887647629,-0.5324809551239014,0.20943279564380646
-0.008791196160018444,-0.026607589796185493,1.2514556146925315e-05,-0.2923884391784668,0.09273254126310349,-0.461991548538208,-6.668482819804922e-05,-1.4363421201705933,0.0060836621560156345,-1.0484522581100464,1.5741126537322998,-0.08891283720731735,-0.4983361065387726,0.221927210688591
0.025895005092024803,-0.0025462026242166758,1.0136790479009505e-05,-0.12994596362113953,0.06160419434309006,-0.7622952461242676,-0.00047272752271965146,-1.3878229856491089,0.0036005082074552774,-1.0468337535858154,1.5732403993606567,-0.052327465265989304,-0.4986838698387146,0.20309868454933167
0.061500295996665955,0.06512142717838287,-0.00013426535588223487,0.2698959410190582,0.011621512472629547,-0.9746918678283691,-0.00854500848799944,-1.3902690410614014,0.0033984973561018705,-1.0473753213882446,1.5682348012924194,0.053843118250370026,-0.6117531657218933,0.23691001534461975
0.0017294402932748199,0.08761009573936462,-0.00010875523003051057,0.18877150118350983,0.01058886293321848,-0.6597956418991089,-0.0035044646356254816,-1.4284435510635376,0.002122006379067898,-1.0473582744598389,1.5701106786727905,0.07248847931623459,-0.6318066120147705,0.30388036370277405
-0.1897556632757187,0.19737930595874786,-0.00016374852566514164,-0.06286516785621643,0.0003732233599293977,-0.42676806449890137,-0.0022947778925299644,-1.6210871934890747,0.0008081284468062222,-1.0471712350845337,1.5702630281448364,0.18571941554546356,-0.7937976717948914,0.3385107219219208
-0.23591844737529755,0.20236243307590485,-0.00013263629807624966,-0.21471059322357178,-0.021001262590289116,-0.2823965847492218,-0.007925674319267273,-1.6457056999206543,-0.00017071656475309283,-1.0499441623687744,1.5686759948730469,0.20775601267814636,-0.7983810305595398,0.30116745829582214
-0.21959631145000458,0.19220462441444397,-0.00010743540769908577,-0.1368396133184433,-0.03889068588614464,-0.5263846516609192,-0.018176965415477753,-1.6022521257400513,-0.0012411383213475347,-1.0455474853515625,1.5669455528259277,0.21814735233783722,-0.8070755004882812,0.26975494623184204
-0.1350618153810501,0.2178705483675003,-7.048701809253544e-05,-0.008904618211090565,0.0021768587175756693,-0.5264779925346375,-0.010472686029970646,-1.5506608486175537,0.00016492059512529522,-1.0460636615753174,1.569692611694336,0.21605363488197327,-0.7811351418495178,0.2669343650341034
-0.10646016895771027,0.2534189820289612,-5.7096749515039846e-05,0.04294997453689575,0.024669665843248367,-0.5285671353340149,-0.00192289799451828,-1.4712485074996948,3.989569449913688e-05,-1.0428403615951538,1.5725843906402588,0.23030903935432434,-0.7157131433486938,0.33706018328666687
-0.07707783579826355,0.275025337934494,-4.62481657450553e-05,0.0902644619345665,0.015968425199389458,-0.6130982637405396,-0.004233182407915592,-1.5016522407531738,0.00028039762401022017,-1.043685793876648,1.5713568925857544,0.25683116912841797,-0.6947993636131287,0.35252198576927185
-0.05858336016535759,0.2802877426147461,-3.746101356227882e-05,0.14471109211444855,0.001595696434378624,-0.6944957375526428,-0.013317693956196308,-1.4154068231582642,0.0017041891114786267,-1.044394850730896,1.567926049232483,0.2793961763381958,-0.6944169998168945,0.3235071003437042
-0.02702689915895462,0.2721521258354187,-3.0350398446898907e-05,0.20295588672161102,-0.005856598727405071,-0.7438393235206604,-0.022081000730395317,-1.5136420726776123,0.003162809880450368,-1.0430874824523926,1.5643986463546753,0.28720659017562866,-0.6906636357307434,0.32683563232421875
-0.01282753236591816,0.2750387191772461,-2.4583823687862605e-05,0.25194627046585083,-0.003415278159081936,-0.7357025146484375,-0.01354665495455265,-1.5170371532440186,0.001839361386373639,-1.043882131576538,1.5672634840011597,0.2815816402435303,-0.7169413566589355,0.31018152832984924
-0.040654923766851425,0.2689651846885681,-1.991289718716871e-05,0.22181761264801025,-0.0036200371105223894,-0.7534506320953369,-0.01610223948955536,-1.5279985666275024,0.0022525859531015158,-1.0444450378417969,1.5661016702651978,0.2813827395439148,-0.7219192981719971,0.3286627233028412
-0.09544271975755692,0.24757210910320282,-1.612944652151782e-05,0.04580213129520416,-0.00753954891115427,-0.559969961643219,-0.02040456235408783,-1.5621190071105957,0.002999621909111738,-1.047068476676941,1.564300298690796,0.2697523832321167,-0.7394585609436035,0.3092074394226074
-0.13928571343421936,0.2098555862903595,-1.3064851373201236e-05,-0.12408589571714401,-0.024574941024184227,-0.3274226486682892,-0.022311042994260788,-1.499591588973999,0.0024317102506756783,-1.0505578517913818,1.5633574724197388,0.2465110719203949,-0.6986379623413086,0.3387639820575714
-0.14534148573875427,0.18587298691272736,-1.058253019436961e-05,-0.1741873174905777,-0.013107928447425365,-0.18492695689201355,-0.012426584027707577,-1.5429973602294922,0.0020535667426884174,-1.049161434173584,1.5657492876052856,0.21404629945755005,-0.6582062244415283,0.3706040382385254
0.04803760349750519,0.05317291244864464,0.0005534895462915301,0.23107372224330902,0.005808345042169094,-0.83620285987854,0.028021950274705887,-1.628446340560913,0.00034320479608140886,-1.0455076694488525,1.5709420442581177,0.0443623848259449,-0.6859816908836365,0.303072065114975
-0.012769900262355804,0.0677923932671547,0.000481057824799791,-0.044445447623729706,0.028412675485014915,-0.684165894985199,0.020947130396962166,-1.4050748348236084,0.0010489241685718298,-1.046374797821045,1.5732219219207764,0.036738764494657516,-0.5658544301986694,0.2611486613750458
-0.007057132665067911,0.07999636232852936,0.0005032241460867226,-0.10152498632669449,0.02954542636871338,-0.4392867088317871,0.017031826078891754,-1.535621166229248,0.0011763129150494933,-1.0466076135635376,1.5730466842651367,0.0507967546582222,-0.5770109295845032,0.27603358030319214
0.015627220273017883,0.07785876840353012,0.0004076115437783301,-0.04118684306740761,0.006627744995057583,-0.48889443278312683,0.011154280975461006,-1.4706778526306152,0.00028015769203193486,-1.046260118484497,1.571371078491211,0.06473660469055176,-0.5551473498344421,0.3267787992954254
-0.02271091565489769,0.06003972887992859,0.0003294181078672409,-0.23859815299510956,-0.019844144582748413,-0.2237379252910614,0.0018225476378574967,-1.5352078676223755,-0.0005979837733320892,-1.0446805953979492,1.5689300298690796,0.07006960362195969,-0.5260983109474182,0.34178459644317627
-0.03453740105032921,0.05669113248586655,0.00026682866155169904,-0.4287794828414917,-0.017544062808156013,0.15364719927310944,0.004104730673134327,-1.6108059883117676,-0.0006511558312922716,-1.0459938049316406,1.5694246292114258,0.06569863110780716,-0.48497718572616577,0.3461344838142395
0.22352570295333862,0.004056261386722326,-3.3341268590447726e-06,-0.23110908269882202,-0.0025065455120056868,-0.2912517786026001,-0.04620961844921112,-1.531604290008545,0.0004268922784831375,-1.0470647811889648,1.566286563873291,0.028901981189846992,-0.244254007935524,0.31198039650917053
0.2510538101196289,-0.0024032569490373135,-2.700642653508112e-06,-0.031037690117955208,0.0014655051054432988,-0.6351438760757446,-0.039512086659669876,-1.5098152160644531,0.0005706567899324,-1.0458853244781494,1.5670411586761475,0.020771190524101257,-0.31255975365638733,0.2931731343269348
0.20148012042045593,0.009036198258399963,-2.1875205220567295e-06,-0.16005660593509674,0.02238522656261921,-0.5493035912513733,-0.030924484133720398,-1.4984307289123535,0.0013149476144462824,-1.0464158058166504,1.568897008895874,0.012574240565299988,-0.36092692613601685,0.25400039553642273
0.10739319771528244,0.21721228957176208,-0.0004990360466763377,0.148297518491745,-0.009812138974666595,-0.5450664162635803,0.003500774735584855,-1.6348527669906616,-0.002505666809156537,-1.0459566116333008,1.5729882717132568,0.2207154780626297,-0.5700668096542358,0.31065434217453003
0.026378069072961807,-0.30322086811065674,0.00011222922330489382,0.30655694007873535,0.0013761954614892602,-0.8863624334335327,0.011900370940566063,-1.387811541557312,-0.0013628503074869514,-1.0490702390670776,1.5744502544403076,-0.30148640275001526,-0.657595157623291,0.31557708978652954
-0.015165450051426888,-0.30577921867370605,9.090566891245544e-05,0.1294153779745102,0.003106899093836546,-0.6676335334777832,0.017053399235010147,-1.3640927076339722,-0.0023493936751037836,-1.0504170656204224,1.5766141414642334,-0.3138139247894287,-0.6324406862258911,0.33673959970474243
-0.03532269597053528,-0.24971896409988403,3.915267006959766e-05,-0.16432206332683563,0.030106283724308014,-0.4031984210014343,0.01963050104677677,-1.4009488821029663,-0.001462689833715558,-1.0493239164352417,1.5777961015701294,-0.28387051820755005,-0.5485237240791321,0.35410791635513306
-0.06376922130584717,-0.2071828693151474,3.1713665521238e-05,-0.46227964758872986,0.04601866379380226,0.014329073950648308,0.038320280611515045,-1.433995246887207,-0.0004884768277406693,-1.0490942001342773,1.5798782110214233,-0.2620069682598114,-0.47224196791648865,0.32658126950263977
0.05633632466197014,-0.17612828314304352,1.3137890164216515e-05,-0.3919093608856201,0.02432834729552269,-0.18572074174880981,-0.04603580757975578,-1.6242038011550903,-0.0009393082000315189,-1.0481220483779907,1.5681666135787964,-0.16682255268096924,-0.3765125572681427,0.2637684643268585
0.0708690658211708,-0.17916488647460938,1.0641691005730536e-05,-0.30486738681793213,0.021376729011535645,-0.27847662568092346,-0.037018030881881714,-1.6105704307556152,-0.0006199211929924786,-1.0479445457458496,1.5687835216522217,-0.16902783513069153,-0.4474232494831085,0.24110613763332367
0.07647660374641418,-0.16487780213356018,8.619769687356893e-06,-0.2624322175979614,0.028140895068645477,-0.181179016828537,-0.009726962074637413,-1.6834458112716675,-0.0003097513981629163,-1.0479143857955933,1.5715280771255493,-0.17362840473651886,-0.45520928502082825,0.2764367461204529
0.0692787617444992,-0.1629011183977127,4.297291525290348e-06,-0.206795796751976,0.022052213549613953,-0.05825106427073479,-0.012203914113342762,-1.6269830465316772,-9.813779615797102e-05,-1.0486093759536743,1.570908784866333,-0.16998891532421112,-0.4579871892929077,0.34558892250061035
0.07344075292348862,-0.13482049107551575,1.8548944353824481e-06,0.2692086696624756,0.010285252705216408,-0.7939726114273071,-0.003068373305723071,-1.4837379455566406,0.0003333567292429507,-1.0443480014801025,1.570275902748108,-0.13956473767757416,-0.6146059036254883,0.32483673095703125
0.07332387566566467,-0.14729706943035126,1.5024645563244121e-06,0.2995928227901459,0.007481103762984276,-0.8619918823242188,-0.008996512740850449,-1.4920159578323364,0.0013132684398442507,-1.0450600385665894,1.5678409337997437,-0.1400473266839981,-0.6389507055282593,0.3088632822036743
0.10110641270875931,-0.15096670389175415,1.216692339767178e-06,0.3406984210014343,0.006391369272023439,-0.7903397083282471,-0.003285209648311138,-1.5813876390457153,0.0004132259637117386,-1.0454639196395874,1.570030689239502,-0.15091122686862946,-0.6600314378738403,0.29592856764793396
0.11228296905755997,-0.14012980461120605,9.8521934432938e-07,0.3742961883544922,0.004933207295835018,-0.837618887424469,0.002240034518763423,-1.6120760440826416,-0.0002868209558073431,-1.0457863807678223,1.5718958377838135,-0.14923731982707977,-0.6693177223205566,0.3145609200000763
0.12652873992919922,-0.137337327003479,7.980276564012456e-07,0.49477988481521606,0.0042401873506605625,-0.9945338368415833,-0.0013556245248764753,-1.5105276107788086,0.0001845496881287545,-1.0471243858337402,1.5704545974731445,-0.1386779546737671,-0.6784733533859253,0.2865290641784668
0.06548025459051132,-0.1491127759218216,5.762291266364628e-07,0.2976089119911194,0.00385100394487381,-0.7132441401481628,-0.004939780570566654,-1.5350168943405151,0.000614965392742306,-1.0476279258728027,1.5690404176712036,-0.14156584441661835,-0.6739460825920105,0.30637508630752563
-0.10925354063510895,-0.04662623628973961,-6.473900430137292e-05,0.0001408112730132416,-0.004259772598743439,-0.7065430879592896,0.05904589965939522,-1.402793049812317,0.0013876825105398893,-1.0457693338394165,1.5704097747802734,-0.08427369594573975,-0.6830105781555176,0.32280755043029785
-0.13267168402671814,-0.05459124222397804,-5.243829218670726e-05,-0.1684642732143402,-0.030510811135172844,-0.5974363088607788,0.04596501588821411,-1.4716776609420776,0.0002109652996296063,-1.0459322929382324,1.5687217712402344,-0.06632766872644424,-0.6870317459106445,0.2372971773147583
-0.052166957408189774,-0.12590524554252625,-0.0001495611504651606,-0.08746456354856491,-0.0400099903345108,-0.7866272926330566,0.020587150007486343,-1.3639992475509644,-0.0021783674601465464,-1.0441697835922241,1.5692501068115234,-0.10761016607284546,-0.6216392517089844,0.20454202592372894
0.005740397609770298,-0.1350681632757187,-0.00011200666631339118,0.07951803505420685,-0.019887574017047882,-1.0235079526901245,0.017308689653873444,-1.2993977069854736,-0.0013759052380919456,-1.043023705482483,1.5702203512191772,-0.12644684314727783,-0.6072184443473816,0.18739593029022217
0.019597558304667473,-0.15706129372119904,-9.072539978660643e-05,0.12196768075227737,-0.023387109860777855,-1.0189706087112427,0.010410291142761707,-1.26124107837677,-0.0002841795503627509,-1.0438244342803955,1.5686516761779785,-0.14225858449935913,-0.6005539894104004,0.183543860912323
0.028016965836286545,-0.1672443300485611,-7.35846406314522e-05,0.1502389907836914,-0.012139680795371532,-0.9887391328811646,0.013614058494567871,-1.3456273078918457,-0.0013382729375734925,-1.037989616394043,1.5713036060333252,-0.16109733283519745,-0.595898449420929,0.2117260843515396
-0.02085866965353489,-0.16147227585315704,-5.9603557019727305e-05,-0.070609450340271,0.0063301147893071175,-0.6191540360450745,0.01840151660144329,-1.4363521337509155,-0.002504501258954406,-1.0398247241973877,1.5746557712554932,-0.17192308604717255,-0.6033804416656494,0.23338200151920319
-0.0334247350692749,-0.16944321990013123,-0.00033712273580022156,-0.23185081779956818,-0.002315130550414324,-0.2365913838148117,0.014246363192796707,-1.5102741718292236,-0.0025315387174487114,-1.0405337810516357,1.5736149549484253,-0.17309166491031647,-0.5437134504318237,0.30698099732398987
0.016039226204156876,-0.1677764505147934,-0.00037763873115181923,0.043518003076314926,0.006177443545311689,-0.5819060206413269,0.011653958819806576,-1.4507673978805542,-0.0013216491788625717,-1.043814778327942,1.573330044746399,-0.1763642579317093,-0.5408806204795837,0.35003015398979187
0.0035262247547507286,-0.14683949947357178,-0.00030588736990466714,0.09683550894260406,0.02051372453570366,-0.566906213760376,0.01880067028105259,-1.4473916292190552,-0.002061620354652405,-1.0444287061691284,1.576216459274292,-0.17224152386188507,-0.5881651639938354,0.3435794413089752
-0.16619530320167542,0.097103551030159,0.00021945785556454211,0.32363995909690857,0.008476609364151955,-0.9359337091445923,-0.07984066754579544,-1.5715351104736328,0.0014828590210527182,-1.045510172843933,1.563720464706421,0.1413814127445221,-0.9296351671218872,0.3223634362220764
-0.02628336474299431,-0.03405896574258804,9.445428440812975e-05,0.158347949385643,0.026058398187160492,-0.9258970022201538,-0.031845685094594955,-1.459809422492981,0.0006033013924024999,-1.046631097793579,1.5690202713012695,-0.015077801421284676,-0.7275161743164062,0.2219991683959961
0.009422198869287968,-0.06643562018871307,7.65079676057212e-05,0.14556798338890076,0.017663102596998215,-0.8055602312088013,-0.029242753982543945,-1.4062292575836182,0.0012301900424063206,-1.046798825263977,1.567891001701355,-0.04375207796692848,-0.6698319315910339,0.24615691602230072
0.08400321006774902,-0.08872628211975098,6.197145557962358e-05,0.29445311427116394,0.018129633739590645,-0.8251747488975525,-0.017475884407758713,-1.3975639343261719,-0.00014007725985720754,-1.0460753440856934,1.5708822011947632,-0.07594818621873856,-0.6035857796669006,0.3100905418395996
0.11526444554328918,0.20407135784626007,0.00013372163812164217,-0.4732685387134552,0.0013487247051671147,-0.17625688016414642,-0.005615311209112406,-1.4507572650909424,-0.00040774120134301484,-1.057566523551941,1.5697535276412964,0.2034658044576645,-0.26704680919647217,0.26168325543403625
0.14037548005580902,0.21687065064907074,0.00010831452527781948,-0.45505666732788086,0.00395427318289876,-0.2692817747592926,0.008846340700984001,-1.4879249334335327,-0.0003959657624363899,-1.055659294128418,1.5712146759033203,0.20802953839302063,-0.2754591107368469,0.2127426117658615
0.14142270386219025,0.21878589689731598,8.773474837653339e-05,-0.5311684012413025,0.001298098242841661,-0.1199222207069397,-0.0009376227390021086,-1.477142333984375,-0.00031752695213072,-1.0540484189987183,1.5703710317611694,0.2149319350719452,-0.2668742835521698,0.19791889190673828
0.2030479907989502,0.20338764786720276,7.106514385668561e-05,-0.2758723199367523,-0.00673846248537302,-0.5214946866035461,-0.02847398817539215,-1.3946126699447632,-0.0003989427350461483,-1.0516273975372314,1.5676790475845337,0.2217075377702713,-0.23787224292755127,0.21529652178287506
0.23617325723171234,0.1728915423154831,5.756276732427068e-05,-0.14008697867393494,-0.03415761888027191,-0.6021407842636108,-0.026820911094546318,-1.3603312969207764,-0.003165517933666706,-1.0509734153747559,1.5668786764144897,0.21482153236865997,-0.2725386917591095,0.22640807926654816
0.30345776677131653,0.15860122442245483,4.662583887693472e-05,0.11881043761968613,-0.01815812475979328,-0.7611062526702881,-0.020614201202988625,-1.4518178701400757,-0.0023996946401894093,-1.0486750602722168,1.5683324337005615,0.19016452133655548,-0.29489922523498535,0.2744334042072296
0.3016064763069153,0.15901601314544678,3.7617897760355845e-05,0.36028236150741577,-0.006012823432683945,-0.9616064429283142,-0.005936846137046814,-1.5099735260009766,-0.003949197940528393,-1.044066309928894,1.5731831789016724,0.1681438535451889,-0.39762645959854126,0.27373188734054565
0.21472673118114471,0.17090047895908356,3.0470129786408506e-05,0.25091907382011414,-0.004754073917865753,-0.6862414479255676,-0.0004627214220818132,-1.6278610229492188,-0.003917845897376537,-1.0446678400039673,1.5746433734893799,0.16743212938308716,-0.506338894367218,0.2800425887107849
0.15420059859752655,0.17400260269641876,2.4680804926902056e-05,0.1489463448524475,-0.004523594863712788,-0.2603549063205719,-0.0071278782561421394,-1.6806659698486328,-0.00254043098539114,-1.0452039241790771,1.5722490549087524,0.1782328188419342,-0.535106897354126,0.37987133860588074
-0.03871478885412216,-0.06162961944937706,-1.587678298164974e-06,-0.22574733197689056,0.013089679181575775,-0.5136010646820068,0.04006991162896156,-1.5725213289260864,0.0007280203863047063,-1.0420784950256348,1.5719677209854126,-0.07340605556964874,-0.5449375510215759,0.2894243896007538
-0.061114564538002014,-0.06487606465816498,3.794123404077254e-05,-0.7857230305671692,0.022264651954174042,0.36362844705581665,0.012089546769857407,-1.4884322881698608,0.0033950929064303637,-1.0466511249542236,1.5711766481399536,-0.08890441060066223,-0.3530339300632477,0.2199011594057083
-0.15035656094551086,-0.31182411313056946,1.4380651009560097e-05,-0.13224928081035614,0.02088141068816185,-0.45297253131866455,0.04417383298277855,-1.6669803857803345,-0.0016563250683248043,-1.046233892440796,1.5768598318099976,-0.346505343914032,-0.751865565776825,0.3183099031448364
-0.09372411668300629,-0.24207830429077148,-0.000305578374536708,-0.4273821711540222,0.03480808064341545,-0.3290054500102997,0.02067086100578308,-1.5232558250427246,0.0011109974002465606,-1.0505411624908447,1.5743008852005005,-0.2846048176288605,-0.5634525418281555,0.20722900331020355
0.020542344078421593,-0.20107343792915344,-0.00013154259067960083,-0.7167946100234985,0.007635229267179966,0.05895981937646866,-0.003133714199066162,-1.5329351425170898,-0.00016762767336331308,-1.0485340356826782,1.5708019733428955,-0.20836734771728516,-0.34328514337539673,0.1402774453163147
0.03157433494925499,-0.19420063495635986,-0.00010654950165189803,-0.8176469802856445,0.006736332550644875,0.3514944314956665,-0.013092267327010632,-1.5632280111312866,-8.943358989199623e-05,-1.0483063459396362,1.5698975324630737,-0.1964402049779892,-0.27689409255981445,0.17088784277439117
0.04804939776659012,-0.17741276323795319,-8.630593947600573e-05,-0.7752097845077515,0.004328250419348478,0.38221248984336853,-0.0015956421848386526,-1.5045133829116821,0.0002165227197110653,-1.0480862855911255,1.5710492134094238,-0.18562589585781097,-0.22829514741897583,0.22546547651290894
0.09169401228427887,-0.14475609362125397,-6.990780821070075e-05,-0.5272808074951172,0.0015115482965484262,0.09578850865364075,0.020231744274497032,-1.527535319328308,0.000466187484562397,-1.047922134399414,1.573199987411499,-0.167670339345932,-0.24096837639808655,0.279407262802124
0.12904536724090576,-0.10435483604669571,0.00024282225058414042,-0.23692810535430908,0.002654940588399768,-0.3488548696041107,0.040783271193504333,-1.4932063817977905,-4.6303604904096574e-05,-1.0475233793258667,1.5749292373657227,-0.14078551530838013,-0.3142881393432617,0.30397751927375793
0.1360299289226532,-0.05325443670153618,0.00019668994355015457,-0.08290976285934448,0.024174148216843605,-0.4878644645214081,0.040926482528448105,-1.4282795190811157,0.0012670186115428805,-1.0475695133209229,1.576026439666748,-0.10703462362289429,-0.3818279206752777,0.29902660846710205
0.014648799784481525,0.1154903918504715,8.458549564238638e-05,-0.17461450397968292,0.013861464336514473,-0.15662208199501038,-0.038547955453395844,-1.603230595588684,0.0030776308849453926,-1.0481786727905273,1.5673574209213257,0.10485750436782837,-0.5002771019935608,0.37839242815971375
0.020590396597981453,0.12385928630828857,-0.001097111846320331,-0.0744214802980423,-0.013007719069719315,-0.3553515374660492,-0.05816621705889702,-1.6845165491104126,0.002564209047704935,-1.0478559732437134,1.56394624710083,0.14181123673915863,-0.5625015497207642,0.3535824418067932
-0.015271659009158611,0.12094272673130035,-0.0008886605501174927,-0.13870185613632202,-0.04505778104066849,-0.3907122015953064,-0.056213997304439545,-1.614565372467041,0.0008933767676353455,-1.0501185655593872,1.5626256465911865,0.16033044457435608,-0.6142920851707458,0.30361613631248474
-0.05708465352654457,0.10551976412534714,-0.0007159045781008899,-0.23065558075904846,-0.06415329873561859,-0.2989054322242737,-0.05552066117525101,-1.526368260383606,-0.0006188898696564138,-1.0517913103103638,1.5619093179702759,0.1653590202331543,-0.5767700672149658,0.2990914583206177
-0.07564058154821396,0.10705811530351639,-0.0005798827041871846,-0.3872543275356293,-0.05365057289600372,0.11958537995815277,-0.04079059511423111,-1.6280386447906494,-0.0007722583832219243,-1.0511029958724976,1.563869833946228,0.15523123741149902,-0.5448644161224365,0.3344835042953491
-0.05394916236400604,0.05964011326432228,2.6457788408151828e-05,0.17986616492271423,0.002458488568663597,-0.7306894063949585,-0.014589576981961727,-1.4773980379104614,-0.0014241929166018963,-1.0477741956710815,1.5729860067367554,0.07764989137649536,-0.7178824543952942,0.32586461305618286
-0.09314125776290894,0.0331595242023468,0.00014236303104553372,0.07321126759052277,-0.00038181740092113614,-0.723823070526123,-0.014726562425494194,-1.4056090116500854,-0.0006853753584437072,-1.0484395027160645,1.5715267658233643,0.053680889308452606,-0.704553484916687,0.3099476397037506
-0.10384809970855713,-0.007512928918004036,0.00011531404743436724,-0.001615495071746409,-0.015368910506367683,-0.6468567252159119,-0.01762617938220501,-1.330847144126892,9.852603398030624e-05,-1.048208236694336,1.5689035654067993,0.026112984865903854,-0.666817307472229,0.2971568703651428
-0.08628755807876587,-0.03429287299513817,9.340437827631831e-05,-0.027507096529006958,-0.0029562986455857754,-0.4843769371509552,-0.01250498928129673,-1.4311891794204712,0.00021919533901382238,-1.0483624935150146,1.570195198059082,-0.009399261325597763,-0.6305246949195862,0.33466336131095886
0.011390456929802895,-0.24665293097496033,-0.0003727178554981947,0.11449600011110306,-0.006103144958615303,-0.6077221035957336,-0.005763720721006393,-1.472467064857483,0.00013807503273710608,-1.0486918687820435,1.5699489116668701,-0.22940680384635925,-0.6481034159660339,0.34358975291252136
-0.009060532785952091,-0.2584225535392761,-0.0003019014548044652,-0.0986129641532898,0.0055920034646987915,-0.45618507266044617,-6.030893564457074e-05,-1.5532327890396118,-0.00014701011241413653,-1.048372507095337,1.571802020072937,-0.2519271671772003,-0.5927592515945435,0.3337053060531616
0.0011357456678524613,-0.28219905495643616,-0.0002445401914883405,-0.24159525334835052,-0.004955177195370197,-0.31993651390075684,-0.00215336075052619,-1.5360020399093628,-0.0006673370953649282,-1.0481458902359009,1.5709787607192993,-0.2690163254737854,-0.5494848489761353,0.2857910692691803
0.04372735321521759,-0.2946235239505768,-0.0001980775414267555,-0.22498197853565216,0.004050835035741329,-0.46900054812431335,0.0027445158921182156,-1.5422658920288086,-4.384460407891311e-05,-1.0478856563568115,1.571747064590454,-0.2888101041316986,-0.484221875667572,0.2714480459690094
-0.026932237669825554,-0.1995747834444046,-6.901704182382673e-05,-1.1596810817718506,0.02831549383699894,0.5076060891151428,0.008151059038937092,-1.4091873168945312,0.003936049994081259,-1.048406720161438,1.5727102756500244,-0.230718195438385,-0.227098748087883,0.0074519021436572075
-0.024974340572953224,-0.18882793188095093,-5.704385694116354e-05,-1.1806782484054565,0.023372385650873184,0.580125093460083,0.022899692878127098,-1.4128910303115845,0.008151818066835403,-1.2189491987228394,1.5719226598739624,-0.21285636723041534,-0.23520345985889435,0.03141665458679199
0.023584598675370216,-0.15181636810302734,-1.629571670491714e-05,-0.9709081649780273,0.0033025918528437614,0.3265753388404846,0.037296462804079056,-1.4281593561172485,0.0030490329954773188,-1.3215651512145996,1.5713460445404053,-0.17208030819892883,-0.2107643336057663,0.09359213709831238
0.055763129144907,-0.13413821160793304,-1.0691619536373764e-05,-1.004673957824707,0.001295844092965126,0.6580793857574463,0.029484549537301064,-1.567936897277832,0.002346236724406481,-1.2272199392318726,1.5715961456298828,-0.15603764355182648,-0.21856705844402313,0.15209394693374634
0.06843988597393036,-0.106370709836483,-8.66021218826063e-06,-0.7231396436691284,-0.00022883930068928748,0.11931770294904709,0.03112788312137127,-1.5609736442565918,0.0023607390467077494,-1.1930017471313477,1.572070598602295,-0.13460583984851837,-0.2599842846393585,0.1810794174671173
-0.043721046298742294,0.10343234241008759,-3.7319014154491015e-06,-0.5547812581062317,0.0066930693574249744,0.0045639085583388805,0.08327466249465942,-1.462878942489624,0.00020077882800251245,-1.1101089715957642,1.576512098312378,0.03405586630105972,-0.4326136112213135,0.21326687932014465
-0.030550023540854454,0.14845417439937592,-3.022840019184514e-06,-0.263457715511322,0.002291143639013171,-0.42311978340148926,0.05219114571809769,-1.2961270809173584,0.00032760307658463717,-1.0981601476669312,1.5739829540252686,0.09128665179014206,-0.41349178552627563,0.2877959609031677
-0.013611530885100365,0.17573116719722748,-2.2451602035289397e-06,-0.051946211606264114,-0.023308001458644867,-0.7034425139427185,0.037101276218891144,-1.3084118366241455,-0.0016978404019027948,-1.0864923000335693,1.5717146396636963,0.14772798120975494,-0.4991135895252228,0.28393688797950745
-0.08214627206325531,0.1887914389371872,-1.8185796761827078e-06,-0.24097223579883575,-0.055168524384498596,-0.4119144380092621,0.02834170125424862,-1.3716565370559692,-0.003360035829246044,-1.079070806503296,1.5696327686309814,0.18817266821861267,-0.5624560713768005,0.2760845720767975
-0.12332665175199509,0.18972012400627136,-1.4730495649928343e-06,-0.3582378625869751,-0.06687827408313751,-0.30625855922698975,0.002113829366862774,-1.406887412071228,-0.004079106729477644,-1.073167324066162,1.566732406616211,0.21632157266139984,-0.5304394960403442,0.28491321206092834
-0.10712020099163055,0.17643804848194122,-4.238566816638922e-06,-0.2841590940952301,-0.07095087319612503,-0.4488920271396637,-0.02093065343797207,-1.5192080736160278,-0.004396298434585333,-1.0679113864898682,1.5645707845687866,0.22431692481040955,-0.5841620564460754,0.23421664535999298
-0.07472281903028488,-0.0302840955555439,-8.741299666326086e-07,-0.5897229909896851,-0.045860644429922104,-0.009122620336711407,-0.012509193271398544,-1.6398042440414429,-0.0041357846930623055,-1.0501679182052612,1.5689343214035034,0.02411441132426262,-0.4852600395679474,0.18784376978874207
-0.03660449758172035,-0.05644035339355469,-9.80409026851703e-07,-0.49006903171539307,-0.03459034860134125,-0.21044844388961792,0.030144555494189262,-1.5278011560440063,-0.0040778606198728085,-1.049905776977539,1.5724178552627563,-0.029523881152272224,-0.4756714999675751,0.19197751581668854
-0.020838400349020958,-0.09326674044132233,-5.423940478976874e-07,-0.5518642663955688,-0.02767675556242466,-0.01479862816631794,0.024609949439764023,-1.4810340404510498,-0.0032573463395237923,-1.0494405031204224,1.5721484422683716,-0.07233776897192001,-0.4240879714488983,0.21067485213279724
0.013779977336525917,-0.12155205011367798,-4.393392032397969e-07,-0.4923928380012512,-0.02145436406135559,-0.08725756406784058,0.04120336472988129,-1.471946358680725,-0.0031813543755561113,-1.049012541770935,1.5736960172653198,-0.11065895855426788,-0.35000789165496826,0.2650013864040375
0.014251780696213245,-0.13188529014587402,-3.5586475632953807e-07,-0.5799171328544617,-0.014998205006122589,0.14507697522640228,0.07903265208005905,-1.5179790258407593,-0.003700309433043003,-1.0487712621688843,1.57705557346344,-0.1466841995716095,-0.3439030945301056,0.27024462819099426
0.003298981813713908,-0.1555914282798767,-2.8825044751101814e-07,-0.6122838854789734,-0.012402133084833622,0.17632098495960236,0.07289596647024155,-1.5431996583938599,-0.0031361239962279797,-1.0484379529953003,1.5766477584838867,-0.17214417457580566,-0.3277415335178375,0.29138967394828796
0.01480539608746767,-0.18613886833190918,-4.6609824494225904e-05,-0.5095211863517761,-0.009828085079789162,-0.15274664759635925,0.055123571306467056,-1.5854716300964355,-0.0025142147205770016,-1.0479762554168701,1.5752090215682983,-0.19384273886680603,-0.3718336224555969,0.23907554149627686
-0.04978524520993233,-0.22575092315673828,-3.0580704333260655e-05,-0.8154349327087402,-0.003972397185862064,0.33138060569763184,0.04372284561395645,-1.636149525642395,-0.0016904791118577123,-1.0477524995803833,1.5743871927261353,-0.23395445942878723,-0.40968582034111023,0.15591418743133545
-0.05757584795355797,-0.25223270058631897,-0.00014162732986733317,-0.754292368888855,-0.002374631119892001,0.1309848129749298,0.02959243580698967,-1.582351803779602,-0.0015424664597958326,-1.0476478338241577,1.5732911825180054,-0.25312337279319763,-0.3622146248817444,0.16832493245601654
-0.029991494491696358,-0.1383466273546219,0.00028403603937476873,-0.3180854916572571,0.050584156066179276,-0.2781076729297638,0.03979971259832382,-1.473078727722168,0.00445839436724782,-1.0486844778060913,1.5753016471862793,-0.2055227905511856,-0.503836989402771,0.2412019819021225
-0.01236654631793499,-0.07699181139469147,0.0005761569482274354,-0.3178215026855469,0.05236406996846199,-0.17243731021881104,0.05720292404294014,-1.4944324493408203,0.0038021933287382126,-1.0472545623779297,1.5774115324020386,-0.1581193506717682,-0.46760550141334534,0.3076537549495697
0.034084729850292206,-0.003790258662775159,0.0008826805278658867,-0.19714045524597168,0.054138220846652985,-0.37266093492507935,0.07366832345724106,-1.5308613777160645,0.0029059748630970716,-1.0473905801773071,1.5793360471725464,-0.0994342491030693,-0.4645306169986725,0.32053127884864807
0.04382716864347458,0.05351121723651886,0.0007149712182581425,-0.16759449243545532,0.041648272424936295,-0.41251736879348755,0.05988854914903641,-1.5007563829421997,0.0022024749778211117,-1.0473309755325317,1.577650547027588,-0.02877655252814293,-0.49330103397369385,0.286462664604187
0.06360305845737457,0.10287154465913773,0.00016943603986874223,-0.1525130271911621,0.024643797427415848,-0.29285886883735657,0.04552020505070686,-1.4975725412368774,0.00122758315410465,-1.0485821962356567,1.5756324529647827,0.037170298397541046,-0.46204134821891785,0.32639750838279724
0.04414645954966545,0.3406669795513153,5.92714459344279e-05,-0.021219909191131592,-0.013239932246506214,-0.4989754557609558,0.0021486803889274597,-1.6368581056594849,0.00010999210644513369,-1.043527603149414,1.5696772336959839,0.3213605284690857,-0.5491243004798889,0.3481106162071228
0.06666158139705658,0.36253589391708374,4.800987153430469e-05,0.07916824519634247,-0.03538892790675163,-0.6939935684204102,-0.004071255214512348,-1.6857311725616455,0.00010877614113269374,-1.046855092048645,1.567429780960083,0.3631201386451721,-0.6336656808853149,0.26799774169921875
0.021474331617355347,0.3684000074863434,3.149927579215728e-05,-0.26364216208457947,-0.060230810195207596,-0.15904168784618378,-0.019137706607580185,-1.79071843624115,-0.00017118430696427822,-1.046770453453064,1.5646594762802124,0.3968190550804138,-0.605650007724762,0.2867937982082367
-0.07361496239900589,-0.1209871843457222,3.4909658097603824e-06,-0.37399446964263916,-0.04169296473264694,-0.0838235467672348,-0.009085824713110924,-1.6750388145446777,-0.002804770600050688,-1.0454515218734741,1.5689573287963867,-0.0647919550538063,-0.5981318354606628,0.2583993673324585
-0.09019928425550461,-0.1942717581987381,2.8276824650674826e-06,-0.4399828314781189,-0.034470465034246445,0.16895632445812225,-0.023167816922068596,-1.575821876525879,-0.0018691266886889935,-1.0459108352661133,1.5678894519805908,-0.13300146162509918,-0.5293998122215271,0.3233959376811981
0.046180885285139084,0.3717877268791199,0.00012800477270502597,-0.35008299350738525,0.0025638812221586704,0.03418682515621185,-0.00321072805672884,-1.6366076469421387,-3.810271300608292e-05,-1.0474106073379517,1.5713626146316528,0.35090965032577515,-0.43096572160720825,0.36053550243377686
0.017899733036756516,0.379853755235672,0.00010368386574555188,-0.41376516222953796,-0.0008163995807990432,-0.02683686465024948,-0.059671781957149506,-1.639823079109192,0.001628730446100235,-1.0471947193145752,1.5659234523773193,0.3902500867843628,-0.4305938184261322,0.32925131916999817
-0.019564222544431686,0.4002741277217865,5.991896250634454e-05,-0.553490400314331,-0.0015686906408518553,0.09871882945299149,-0.0637383759021759,-1.5520668029785156,0.0017087070737034082,-1.047195553779602,1.5655068159103394,0.4181837737560272,-0.42463454604148865,0.27491945028305054
0.007390349172055721,0.41365233063697815,-6.207413389347494e-05,-0.35249537229537964,-0.0022159225773066282,-0.32807183265686035,-0.06882330775260925,-1.4730242490768433,0.001680796849541366,-1.0458834171295166,1.5650951862335205,0.43982380628585815,-0.39242619276046753,0.2630195915699005
0.0032533498015254736,0.41186535358428955,-5.028005034546368e-05,-0.3113822340965271,-0.016707217320799828,-0.5096004009246826,-0.07190454006195068,-1.529837727546692,0.00018154898134525865,-1.0456271171569824,1.5639011859893799,0.45194801688194275,-0.479961097240448,0.21173837780952454
-0.029686303809285164,0.31568533182144165,-0.0002652027178555727,-0.42519229650497437,-0.04405476152896881,-0.05621467903256416,-0.06575135141611099,-1.4531840085983276,-0.0028310741763561964,-1.0467863082885742,1.56358003616333,0.3848063051700592,-0.4526250958442688,0.28626909852027893
0.0737023800611496,-0.13870275020599365,5.269220764603233e-06,-0.44868382811546326,0.015849007293581963,0.10188837349414825,0.01774662360548973,-1.738397240638733,-0.0005999702261760831,-1.047961950302124,1.5738210678100586,-0.14982038736343384,-0.4077599048614502,0.32082703709602356
0.10764407366514206,-0.14123176038265228,4.2680690057750326e-06,-0.3462613821029663,0.013555039651691914,-0.17232398688793182,0.02376493066549301,-1.737419605255127,-0.0007110433070920408,-1.0478465557098389,1.574049711227417,-0.15411432087421417,-0.42258235812187195,0.2698167562484741
0.0984225645661354,-0.15445052087306976,3.4571357900858857e-06,-0.4102286696434021,0.007880165241658688,-0.05133774131536484,0.00769090186804533,-1.7104531526565552,-0.00047216680832207203,-1.0477129220962524,1.5723223686218262,-0.15757200121879578,-0.43184441328048706,0.25058427453041077
0.1289413869380951,-0.18450966477394104,2.8002800718240906e-06,-0.24954375624656677,1.7751763152773492e-06,-0.27002617716789246,-0.031114205718040466,-1.6924786567687988,0.0002907234011217952,-1.0475304126739502,1.5685865879058838,-0.16445209085941315,-0.4085838198661804,0.2695813775062561
0.1631934940814972,-0.22893212735652924,2.2682268081553048e-06,-0.0460035540163517,-0.0250923540443182,-0.4811750054359436,-0.0407785102725029,-1.6750919818878174,-0.0008581725414842367,-1.0483741760253906,1.5664533376693726,-0.18382100760936737,-0.4635118842124939,0.280152827501297
0.11411288380622864,-0.28555211424827576,-0.0004726537154056132,-0.1252172440290451,-0.05229735001921654,-0.3253680467605591,-0.03659343719482422,-1.624382495880127,-0.0019331405637785792,-1.0475960969924927,1.5655126571655273,-0.22280393540859222,-0.478337824344635,0.30732080340385437
0.05845079943537712,-0.3263517916202545,-0.0003828495100606233,-0.28885385394096375,-0.04323120787739754,-0.042405858635902405,-0.02711077220737934,-1.5555384159088135,-0.0017266697250306606,-1.04947030544281,1.5667787790298462,-0.26975369453430176,-0.4366489350795746,0.3538832664489746
-0.010209232568740845,0.24105104804039001,-5.199982297199313e-06,-0.03110363706946373,0.039290398359298706,-0.46621832251548767,0.037246864289045334,-1.4955897331237793,-0.00010320435831090435,-1.0521243810653687,1.5764139890670776,0.20263266563415527,-0.5611487627029419,0.35883647203445435
-0.030376173555850983,0.23747752606868744,-4.1223397602152545e-06,-0.023847855627536774,0.02552919089794159,-0.6122304797172546,0.029017213732004166,-1.5667794942855835,-0.00017367223335895687,-1.0504225492477417,1.5747946500778198,0.21042466163635254,-0.619922935962677,0.3073827028274536
-0.07243988662958145,0.21688096225261688,-3.339366230648011e-06,-0.07433301955461502,-0.0025065180379897356,-0.6489818096160889,0.02169324830174446,-1.5438718795776367,-0.0007247039466165006,-1.0497686862945557,1.5726169347763062,0.21292848885059357,-0.6800594925880432,0.2402244359254837
-0.15434756875038147,0.18253958225250244,-2.7048865831602598e-06,-0.36029163002967834,-0.02881436049938202,-0.20847977697849274,0.014268234372138977,-1.5712772607803345,-0.0023145100567489862,-1.0492918491363525,1.5709948539733887,0.2002018392086029,-0.6655892133712769,0.23952671885490417
-0.16365811228752136,0.13498763740062714,-2.1909581846557558e-06,-0.4608393907546997,-0.030567169189453125,0.04528157413005829,-0.03135599568486214,-1.6194149255752563,-0.0011413879692554474,-1.046128749847412,1.5669379234313965,0.17739224433898926,-0.6079789996147156,0.28256747126579285
-0.13482621312141418,0.07301969081163406,-1.5424403727593017e-06,-0.48232096433639526,-0.024206966161727905,0.25383901596069336,-0.08501941710710526,-1.6414586305618286,0.00018117610306944698,-1.046579122543335,1.5625059604644775,0.14352641999721527,-0.5703920125961304,0.32633012533187866
-0.04723097011446953,-0.1574891060590744,0.0003533053968567401,-0.4119001626968384,0.0031530202832072973,-0.16962063312530518,-0.0168874803930521,-1.5153791904449463,-0.0004728351777885109,-1.044270396232605,1.5697124004364014,-0.12769630551338196,-0.4440205991268158,0.2948167026042938
-0.05300259590148926,-0.18059810996055603,0.0002861773828044534,-0.43811291456222534,0.009528178721666336,-0.1759902536869049,0.01698373444378376,-1.4311164617538452,-0.0006807883037254214,-1.0448625087738037,1.5729432106018066,-0.17353388667106628,-0.45960354804992676,0.2531760334968567
-0.05574426054954529,-0.21642903983592987,0.0002318036713404581,-0.5832503437995911,0.008494929410517216,0.17041192948818207,0.015363642014563084,-1.3815014362335205,-0.0005210908129811287,-1.0453091859817505,1.5727177858352661,-0.21132422983646393,-0.39007100462913513,0.29511120915412903
0.01030863355845213,-0.14883065223693848,8.994953759611235e-07,0.5292212963104248,-0.002735655754804611,-0.8126951456069946,-0.006662837229669094,-1.6881752014160156,0.0003271928580943495,-1.0471030473709106,1.5692267417907715,-0.13897494971752167,-0.8832309246063232,0.3124450743198395
0.09586011618375778,-0.0907750204205513,1.9093529772362672e-05,0.11208289116621017,0.00037989404518157244,-0.6530027389526367,0.0739845335483551,-1.5150049924850464,-0.0016363377217203379,-1.0483057498931885,1.5774152278900146,-0.14785361289978027,-0.5377695560455322,0.35526391863822937
0.11381098628044128,-0.061018627136945724,1.5465759133803658e-05,0.19136230647563934,-0.005982262548059225,-0.9024732708930969,0.053701430559158325,-1.5605500936508179,-0.00021717138588428497,-1.047154426574707,1.5737531185150146,-0.10225478559732437,-0.5881102085113525,0.26626965403556824
0.038794804364442825,0.028309442102909088,3.4208519537060056e-06,0.3326358199119568,-0.0016138218343257904,-0.6091281175613403,0.01180623285472393,-1.6392194032669067,5.76015590922907e-05,-1.0458523035049438,1.5711489915847778,0.016370143741369247,-0.7546469569206238,0.2616785168647766
0.050737764686346054,-0.08307820558547974,-0.00019555180915631354,-0.21130844950675964,0.007522590458393097,-0.1364077627658844,-0.053593024611473083,-1.688456416130066,0.0013679928379133344,-1.0487180948257446,1.5655471086502075,-0.05157579854130745,-0.5155828595161438,0.3592572808265686
0.054428283125162125,-0.0924425795674324,-0.0001588858722243458,-0.3746761679649353,0.009491583332419395,0.18591684103012085,-0.021342482417821884,-1.7461801767349243,0.00045531473006121814,-1.0487209558486938,1.568813681602478,-0.07669419050216675,-0.4799075722694397,0.34808528423309326
0.0724550187587738,-0.2345678210258484,-0.00026762476773001254,-0.16090281307697296,-0.011331946589052677,-0.2652537524700165,-0.029274357482790947,-1.6924021244049072,0.0009076944552361965,-1.0453966856002808,1.5677765607833862,-0.20258726179599762,-0.5037606358528137,0.35806113481521606
0.07077696919441223,-0.23496055603027344,-0.00021677605400327593,-0.22633618116378784,0.012088030576705933,-0.2573260962963104,-0.007569669280201197,-1.6611671447753906,0.0013543815584853292,-1.045699119567871,1.5710071325302124,-0.22945135831832886,-0.5100274682044983,0.29517093300819397
0.12546013295650482,-0.22102420032024384,-0.00017558860417921096,-0.06002197042107582,0.03380483761429787,-0.5364580750465393,0.007923251017928123,-1.6513376235961914,0.0021347152069211006,-1.0461254119873047,1.5734004974365234,-0.2406952679157257,-0.49827706813812256,0.27746322751045227
0.06094581261277199,-0.1274000108242035,-0.0001072996310540475,-0.26325345039367676,0.02729121595621109,-0.042695824056863785,0.011379437521100044,-1.6223704814910889,0.0007292235968634486,-1.046638011932373,1.5735498666763306,-0.1538321077823639,-0.48016357421875,0.30542275309562683
-0.014593930914998055,0.06934201717376709,-2.686610116597876e-07,0.162547767162323,-0.008226308971643448,-0.9632413983345032,0.06111873313784599,-1.4102016687393188,-0.003086628159508109,-1.0438518524169922,1.579397439956665,0.017540253698825836,-0.6614977121353149,0.3011521100997925
0.12387432157993317,0.3393375277519226,4.3104311771458015e-05,-0.2565484642982483,-0.04753427952528,-0.39849573373794556,-0.0191190205514431,-1.379099726676941,-0.005520658101886511,-1.048111915588379,1.568724274635315,0.38553816080093384,-0.3622662425041199,0.21226683259010315
0.11742594093084335,-0.2287897914648056,-1.8852708308259025e-05,-0.6135540008544922,0.004711640998721123,0.14129282534122467,-0.04619358852505684,-1.6484484672546387,-0.0012072960380464792,-1.0474039316177368,1.5649372339248657,-0.17332994937896729,-0.21401096880435944,0.2550780177116394
0.1039063036441803,-0.2888838052749634,-1.5269964933395386e-05,-0.6650979518890381,0.0031953316647559404,0.2965930700302124,-0.016745029017329216,-1.700524926185608,-0.001230890047736466,-1.0473607778549194,1.5676722526550293,-0.24763159453868866,-0.28864672780036926,0.2303590625524521
0.09990643709897995,-0.33360743522644043,-1.2365824659354985e-05,-0.5716628432273865,0.0001596769579919055,0.04783400893211365,0.018788907676935196,-1.6014214754104614,-0.0008540208800695837,-1.0472519397735596,1.570923924446106,-0.31362515687942505,-0.2807808220386505,0.2451310157775879
0.102765753865242,-0.36231130361557007,-1.0016317901317962e-05,-0.44579559564590454,0.0023611844517290592,-0.21329563856124878,0.061213500797748566,-1.5162910223007202,-0.0016543051460757852,-1.0474098920822144,1.5746514797210693,-0.36790764331817627,-0.30625805258750916,0.22418521344661713
0.05956600233912468,-0.3763006329536438,-8.113217518257443e-06,-0.55587238073349,0.00967981293797493,0.051622841507196426,0.10054878890514374,-1.5376882553100586,-0.002059368183836341,-1.0480269193649292,1.5785027742385864,-0.41061386466026306,-0.31687405705451965,0.23727735877037048
0.05046357586979866,-0.4016408920288086,3.930185630451888e-05,-0.5180833339691162,0.007985283620655537,0.0008237132569774985,0.09919574111700058,-1.566995620727539,-0.0020508107263594866,-1.0478143692016602,1.5785086154937744,-0.43837887048721313,-0.3225190043449402,0.26627445220947266
0.0354914665222168,-0.4159471094608307,3.2082760299090296e-05,-0.4702591001987457,0.008876807987689972,-0.19751684367656708,0.11398638039827347,-1.5565919876098633,-0.00238232733681798,-1.0473885536193848,1.579840064048767,-0.4608120024204254,-0.37660980224609375,0.23470041155815125
-0.006426814943552017,-0.4142584204673767,2.5999164790846407e-05,-0.5370433330535889,0.016044847667217255,-0.16287092864513397,0.13266898691654205,-1.4531100988388062,-0.0021331303287297487,-1.0484520196914673,1.5818959474563599,-0.4799366295337677,-0.3999321758747101,0.19508804380893707
0.001259505981579423,-0.3993314206600189,2.10593225347111e-05,-0.3936695158481598,0.01873253844678402,-0.4202307164669037,0.14257022738456726,-1.4398207664489746,-0.0017488636076450348,-1.0457268953323364,1.5829520225524902,-0.48453277349472046,-0.39853906631469727,0.19442202150821686
-0.06471572816371918,-0.3507446348667145,0.00021101046877447516,-0.4653749167919159,0.029707971960306168,-0.1963982731103897,0.11442743986845016,-1.4554669857025146,0.00047850338160060346,-1.046263337135315,1.581430196762085,-0.4349052906036377,-0.4709719121456146,0.22318774461746216
-0.08190808445215225,-0.318526953458786,0.00016833319386933,-0.4937913715839386,0.027338091284036636,-0.0654163509607315,0.1116979718208313,-1.445092797279358,6.346740701701492e-05,-1.0474566221237183,1.5812270641326904,-0.4042227268218994,-0.4465686082839966,0.2520783841609955
-0.034748807549476624,-0.27733421325683594,0.00027836320805363357,-0.28410258889198303,0.023503348231315613,-0.22719882428646088,0.10387040674686432,-1.5597383975982666,-0.0002257596788695082,-1.0476300716400146,1.5804545879364014,-0.36140933632850647,-0.4831984043121338,0.2873952388763428
-0.017285792157053947,-0.22986038029193878,0.0003888974024448544,-0.12579961121082306,0.026334797963500023,-0.2551296353340149,0.09331542253494263,-1.5028666257858276,-7.958665082696825e-05,-1.0482958555221558,1.5798509120941162,-0.3116278648376465,-0.5344523191452026,0.3402409255504608
-0.18173448741436005,0.37622323632240295,1.2387369679345284e-05,0.09691937267780304,-0.009663976728916168,-0.4701078534126282,-0.01795353926718235,-1.706116795539856,-0.0005955392844043672,-1.0509978532791138,1.5700185298919678,0.3823767602443695,-0.8859801292419434,0.37983986735343933
-0.19634662568569183,0.3801979422569275,1.0033826583821792e-05,-0.012796783819794655,-0.014511171728372574,-0.4937345087528229,-0.019199250265955925,-1.5952084064483643,-8.150262874551117e-05,-1.050262689590454,1.5687675476074219,0.39218664169311523,-0.8614975810050964,0.3146924078464508
-0.17767055332660675,0.368417888879776,8.127399269142188e-06,-0.06341215968132019,-0.030645214021205902,-0.4336768686771393,-0.019140060991048813,-1.6898611783981323,-0.00043027999345213175,-1.048370599746704,1.5676026344299316,0.3932667076587677,-0.8212207555770874,0.29992610216140747
-0.1352452039718628,0.34130391478538513,6.583193226106232e-06,0.08636501431465149,-0.045067738741636276,-0.6614193916320801,-0.019488060846924782,-1.612391710281372,-0.000634325435385108,-1.0481960773468018,1.5665262937545776,0.379819393157959,-0.823424756526947,0.28367701172828674
-0.10153176635503769,0.3281806409358978,5.332658020051895e-06,0.14165398478507996,-0.03280669078230858,-0.5505319237709045,-0.012253708206117153,-1.6894903182983398,-0.001048615318723023,-1.0480619668960571,1.568586826324463,0.3547247648239136,-0.8305346369743347,0.29253149032592773
-0.13237354159355164,0.3053380250930786,4.4349826566758566e-06,-0.047134868800640106,-0.031485021114349365,-0.13191910088062286,-0.01655474118888378,-1.7622979879379272,-0.0004709356289822608,-1.0486664772033691,1.5676193237304688,0.3361438512802124,-0.8022938370704651,0.3668670356273651
-0.11694031953811646,0.26698675751686096,2.811238800859428e-06,0.002221078611910343,-0.019953958690166473,-0.4569426476955414,-0.001580399344675243,-1.6818249225616455,-0.0006592370918951929,-1.0475043058395386,1.569461464881897,0.2879239022731781,-0.7677159309387207,0.3582545220851898
0.08135319501161575,-0.1338808387517929,-0.00012120957399019971,-0.760573148727417,-0.005938446614891291,0.1497272402048111,-0.029843874275684357,-1.573935627937317,-0.0006376501987688243,-1.0500462055206299,1.5696476697921753,-0.11290257424116135,-0.20754963159561157,0.1467560976743698
0.09093039482831955,-0.18023617565631866,-0.0007011466077528894,-0.8509601950645447,0.0005395440966822207,0.5194101929664612,-0.08415800333023071,-1.6853885650634766,-0.001142615219578147,-1.0496093034744263,1.5654888153076172,-0.12768425047397614,-0.24998719990253448,0.16897043585777283
0.12140052020549774,-0.21144989132881165,-0.0005679238238371909,-0.7290880680084229,-1.0010488040279597e-05,0.36440202593803406,-0.0657748207449913,-1.713819146156311,-0.000714709865860641,-1.0491349697113037,1.5667438507080078,-0.16571395099163055,-0.2177453190088272,0.22837404906749725
0.134515181183815,-0.2516617476940155,-0.00046001828741282225,-0.6770067811012268,0.001466914894990623,0.377837210893631,-0.06436730176210403,-1.730656623840332,-0.0009806794114410877,-1.0488228797912598,1.566562533378601,-0.20359346270561218,-0.24586087465286255,0.24060295522212982
0.1502029001712799,-0.28221213817596436,-0.0003726147988345474,-0.5892370939254761,-0.0004596975340973586,0.4094061553478241,-0.0404524989426136,-1.7798231840133667,-0.0002681285550352186,-1.0484685897827148,1.5683475732803345,-0.24773052334785461,-0.2611578404903412,0.2856038808822632
0.03810069337487221,-0.21433724462985992,-2.2094496898716898e-07,-0.14334619045257568,-0.006430835463106632,-0.3649826645851135,0.018896689638495445,-1.600293755531311,-0.0011441268725320697,-1.0461790561676025,1.5750631093978882,-0.2240627110004425,-0.5288823246955872,0.3466639220714569
0.04837959632277489,-0.20104146003723145,-1.7896542203743593e-07,-0.11821988970041275,0.0045834374614059925,-0.6072555780410767,0.016267232596874237,-1.6314817667007446,-0.00033503156737424433,-1.0469081401824951,1.5746890306472778,-0.21576842665672302,-0.5585306286811829,0.2560351490974426
0.05952077731490135,0.13279995322227478,-4.09583626606036e-05,-0.5520175099372864,-0.007461854722350836,-0.055788304656744,-0.02390318550169468,-1.5149916410446167,-0.0004198065435048193,-1.0468047857284546,1.568604588508606,0.13810347020626068,-0.32329294085502625,0.19747845828533173
0.043246351182460785,0.15762537717819214,-3.317559458082542e-05,-0.43359771370887756,-0.00474232342094183,-0.2705502510070801,-0.008090312592685223,-1.4886037111282349,-0.0005328126717358828,-1.046875238418579,1.5699989795684814,0.15575654804706573,-0.3345257639884949,0.22566674649715424
0.021056894212961197,0.17196860909461975,-2.6872232410823926e-05,-0.35891053080558777,-0.008155745454132557,-0.48033443093299866,-0.012633049860596657,-1.4234884977340698,-0.0007746802293695509,-1.0475467443466187,1.5693985223770142,0.1736678034067154,-0.41110196709632874,0.19273559749126434
-0.00875693466514349,0.1809682995080948,-1.763087129802443e-05,-0.48212429881095886,-0.016737109050154686,-0.030632933601737022,-0.010164475068449974,-1.5549681186676025,-0.0019209998426958919,-1.048853874206543,1.5692229270935059,0.19244451820850372,-0.4326138198375702,0.22528782486915588
-0.007424146868288517,0.18186193704605103,-1.4281005860539153e-05,-0.5071201324462891,-0.013472290709614754,0.2545957565307617,-0.01999031938612461,-1.5270097255706787,-0.0013176813954487443,-1.048630952835083,1.5684770345687866,0.19597096741199493,-0.3833727240562439,0.3267132043838501
0.11098585277795792,-0.21204006671905518,0.00028452585684135556,0.14704106748104095,0.004507745150476694,-0.6659342050552368,-0.007235045079141855,-1.5976688861846924,-0.0011578637640923262,-1.0397926568984985,1.5733208656311035,-0.2162514477968216,-0.5760863423347473,0.35156530141830444
0.12731577455997467,-0.18485818803310394,-0.00011193194222869352,0.11656613647937775,0.009890513494610786,-0.7119560837745667,0.00095057935686782,-1.639158010482788,-0.0020144754089415073,-1.0411843061447144,1.5752607583999634,-0.20048671960830688,-0.5924762487411499,0.27361154556274414
0.1511363685131073,-0.1704312413930893,-9.066578786587343e-05,0.1577557623386383,0.0024589230306446552,-0.7703748941421509,-0.003926816862076521,-1.643578290939331,-0.0007569200242869556,-1.042415738105774,1.572550892829895,-0.1771770864725113,-0.589733898639679,0.25580811500549316
0.17587320506572723,0.4043046534061432,-8.731502134651237e-07,-0.4641028940677643,0.00376383145339787,0.10169090330600739,-0.04574749246239662,-1.5932033061981201,0.0009296562639065087,-1.047646164894104,1.567152976989746,0.4180034399032593,-0.24193066358566284,0.27635136246681213
0.20886994898319244,0.41241368651390076,-7.07251672338316e-07,-0.2196175456047058,0.003730188589543104,-0.23480838537216187,-0.03644683584570885,-1.480757474899292,0.0006858563283458352,-1.0473926067352295,1.567965030670166,0.42550328373908997,-0.24541687965393066,0.3518546521663666
-0.05798817053437233,0.0820150151848793,-0.0002838479122146964,-0.24709847569465637,-0.0018439805135130882,-0.4494931399822235,-0.03455059975385666,-1.5322993993759155,0.0006914598634466529,-1.045987606048584,1.5664787292480469,0.12463980168104172,-0.5299288034439087,0.2793119251728058
0.013627665117383003,-0.29281285405158997,-0.0004716635448858142,-0.446397066116333,-0.002395391697064042,-0.49791356921195984,0.029532941058278084,-1.3327573537826538,-0.0014449625741690397,-1.040164828300476,1.5736750364303589,-0.27835533022880554,-0.38273337483406067,0.13947531580924988
0.021957987919449806,-0.26680296659469604,0.0002799237845465541,0.0892321914434433,0.04809293523430824,-0.7235135436058044,0.016020381823182106,-1.3570407629013062,0.0022837058641016483,-1.0463273525238037,1.574897050857544,-0.3125157654285431,-0.5819864273071289,0.24841125309467316
-0.07879610359668732,0.01298876479268074,1.5698129800512106e-06,-0.25739821791648865,-0.011695072054862976,-0.1867384910583496,-0.03248418867588043,-1.5585471391677856,0.0022492497228085995,-1.0473188161849976,1.5676910877227783,0.01952659897506237,-0.5893691778182983,0.37358421087265015
-0.037539515644311905,0.005056130699813366,1.2715485127046122e-06,-0.3206740915775299,-0.026844114065170288,-0.19599750638008118,-0.06503582000732422,-1.4551485776901245,0.002133561298251152,-1.0473936796188354,1.5635745525360107,0.0426592156291008,-0.5240374207496643,0.3188423216342926
0.13586387038230896,0.13170555233955383,3.59122850568383e-07,-0.5598223805427551,-0.010004413314163685,0.3483431041240692,-0.017809011042118073,-1.7073289155960083,0.0015559912426397204,-1.0473402738571167,1.56940495967865,0.12747031450271606,-0.29383376240730286,0.3411078155040741
0.1388961523771286,0.1919267773628235,1.988236363104079e-05,0.06785676628351212,-0.036434706300497055,-0.6301078796386719,-0.09798844903707504,-1.642306923866272,0.0027880053967237473,-1.047508955001831,1.558916449546814,0.2591635286808014,-0.4943297505378723,0.32696542143821716
-0.020417911931872368,0.2232535034418106,1.0566300261416472e-05,-0.006361092906445265,-0.009611734189093113,-0.6063043475151062,-0.045649681240320206,-1.678932547569275,0.0001967300195246935,-1.0496784448623657,1.5670568943023682,0.2445056140422821,-0.6714469790458679,0.26986318826675415
-0.021045472472906113,0.1950370818376541,2.466005753376521e-06,0.5464377403259277,-0.010559606365859509,-0.8339096903800964,-0.009990870021283627,-1.595464825630188,-3.0809933377895504e-05,-1.0480765104293823,1.5697487592697144,0.20896755158901215,-0.8853429555892944,0.2676178514957428
-0.030019540339708328,-0.2095043957233429,-6.26894980086945e-05,0.1256670355796814,-0.011144380085170269,-0.6055665612220764,0.07103565335273743,-1.5560516119003296,-0.0024045764002949,-1.0442193746566772,1.5801637172698975,-0.25836610794067383,-0.7344689965248108,0.3587738573551178
-0.006010537967085838,-0.1812233030796051,-5.0787995860446244e-05,-0.009733198210597038,-0.01786932535469532,-0.5757851600646973,0.05196279659867287,-1.5613833665847778,-0.0013119911309331656,-1.0447115898132324,1.5763907432556152,-0.21531075239181519,-0.659166157245636,0.30610978603363037
-0.00035476870834827423,-0.14074066281318665,-4.113827526452951e-05,-0.18713679909706116,-0.002872602315619588,-0.3768567144870758,0.043119508773088455,-1.5353437662124634,-0.0005992715014144778,-1.0460433959960938,1.5760163068771362,-0.17869612574577332,-0.5800255537033081,0.2855241894721985
0.02581395022571087,-0.11216305941343307,-3.3322005037916824e-05,-0.2963978946208954,-0.010461805388331413,-0.3251117169857025,0.030484158545732498,-1.4938243627548218,-0.0009234191966243088,-1.0449732542037964,1.5742192268371582,-0.1395600438117981,-0.4852036237716675,0.28544872999191284
0.06342633813619614,-0.09999046474695206,-2.572988705651369e-05,-0.4828606843948364,-0.01917651668190956,-0.009066014550626278,-0.0012933023972436786,-1.5540143251419067,-0.0008684898493811488,-1.0462191104888916,1.5706977844238281,-0.10479652881622314,-0.39357683062553406,0.26622381806373596
0.11704953014850616,-0.09659574180841446,-0.0003911321109626442,-0.5093240141868591,-0.016936834901571274,-0.04376567155122757,-0.0426362045109272,-1.5306369066238403,0.00014926519361324608,-1.0443121194839478,1.5672638416290283,-0.07835660129785538,-0.29875266551971436,0.26836779713630676
0.1259695291519165,-0.08094935864210129,-0.00034776312531903386,-0.6929672956466675,-0.014076617546379566,0.23203954100608826,-0.04420076310634613,-1.4477388858795166,0.0003385845338925719,-1.0449682474136353,1.5671228170394897,-0.060579076409339905,-0.21283087134361267,0.2543157935142517
0.18098084628582,0.024771012365818024,-0.0001847777602961287,-0.8875788450241089,-0.009920675307512283,0.2558010220527649,0.0025665820576250553,-1.4032235145568848,0.0005064245779067278,-1.0458492040634155,1.5716789960861206,0.010852133855223656,-0.0210111141204834,0.1846819370985031
0.21479694545269012,0.03900846093893051,-0.00015172433631960303,-0.8484351634979248,-0.007627469953149557,0.4316329061985016,0.016720563173294067,-1.5254374742507935,0.0014750612899661064,-1.0668447017669678,1.573527216911316,0.029735013842582703,-0.03638400509953499,0.1850583255290985
0.16759157180786133,0.06911344826221466,-0.00014472976909019053,-0.6317989230155945,-0.0006134430877864361,0.23559223115444183,-0.0069557251408696175,-1.5283247232437134,-3.6789300793316215e-05,-1.0531266927719116,1.5699979066848755,0.07319004833698273,-0.13554860651493073,0.28216150403022766
-0.1356676071882248,-0.3375473916530609,5.30584657099098e-05,0.3500021994113922,-0.0048706019297242165,-0.7726271748542786,0.0030832544434815645,-1.5684841871261597,-0.0008250267128460109,-1.0510334968566895,1.5724292993545532,-0.3166206479072571,-0.9063724279403687,0.3137856423854828
-0.15038666129112244,-0.3658965229988098,4.2977357225026935e-05,0.2705915868282318,-0.004090658389031887,-0.755289614200592,0.007894785143435001,-1.4999196529388428,-0.001348211313597858,-1.049034595489502,1.573947787284851,-0.3539661765098572,-0.876239538192749,0.33175525069236755
-0.174059197306633,-0.37924352288246155,3.481165913399309e-05,0.15856961905956268,-0.001970005454495549,-0.6092656254768372,0.01366504281759262,-1.409223198890686,-0.0021557335276156664,-1.048689365386963,1.5758967399597168,-0.3775852620601654,-0.8225873112678528,0.35045549273490906
-0.016270415857434273,-0.48045802116394043,-0.00018661748617887497,-0.05683217570185661,0.015134408138692379,-0.5807862877845764,-0.0028025596402585506,-1.4080312252044678,0.0010865720687434077,-1.0453208684921265,1.571908950805664,-0.48498475551605225,-0.534328818321228,0.34966063499450684
0.030526548624038696,-0.45590740442276,-0.000151154599734582,0.04324823617935181,0.04314190894365311,-0.9047062397003174,0.0011666041100397706,-1.429272174835205,0.0014839397044852376,-1.0428510904312134,1.5741828680038452,-0.48342832922935486,-0.5799652338027954,0.24441686272621155
0.14709195494651794,-0.11394747346639633,0.00018089753575623035,-0.5726639628410339,0.008431602269411087,-0.09543263912200928,-0.026020653545856476,-1.433168888092041,7.773477409500629e-05,-1.0469695329666138,1.5687166452407837,-0.1202130988240242,-0.22584375739097595,0.16578389704227448
0.150838240981102,-0.08058512955904007,0.00014652700338046998,-0.5277001857757568,0.007349574007093906,0.03567636013031006,-0.009044134058058262,-1.4690672159194946,-0.00023602272267453372,-1.0468212366104126,1.5701245069503784,-0.09269937872886658,-0.18858873844146729,0.2478514015674591
0.028181811794638634,0.2904004156589508,0.00027994406991638243,0.043028783053159714,-0.02779225818812847,-0.6415232419967651,0.022805480286478996,-1.5784622430801392,0.0001647649478400126,-1.0463327169418335,1.5713481903076172,0.2598591148853302,-0.5683103203773499,0.317496657371521
-0.033254027366638184,0.3295770287513733,0.00022675469517707825,-0.08170145750045776,-0.04715457931160927,-0.5331129431724548,0.01269943080842495,-1.6177247762680054,0.00032350339461117983,-1.0464951992034912,1.5686092376708984,0.3187066316604614,-0.6615632772445679,0.2623879909515381
-0.05908260494470596,0.38327541947364807,0.00018211574933957309,-0.07482274621725082,-0.02805839292705059,-0.5290510058403015,0.010834950953722,-1.685442328453064,0.0007615059148520231,-1.0446875095367432,1.5694351196289062,0.364915132522583,-0.6856238842010498,0.2553623616695404
-0.05994962528347969,0.42527347803115845,-3.465298141236417e-05,-0.011349641717970371,-0.03505062684416771,-0.4542544484138489,0.00836743600666523,-1.7029975652694702,5.527249595616013e-05,-1.045163869857788,1.5692408084869385,0.4128541946411133,-0.7293461561203003,0.2703808546066284
-0.014774370938539505,0.45191752910614014,-2.8068914616596885e-05,0.17448970675468445,-0.04205036535859108,-0.5868163108825684,0.0002941724378615618,-1.7450535297393799,0.0004060205246787518,-1.0444706678390503,1.567495584487915,0.45279544591903687,-0.7505269646644592,0.31473255157470703
-0.021058324724435806,0.46591734886169434,-2.2735821403330192e-05,0.26562929153442383,-0.035834863781929016,-0.7939799427986145,-0.006339243613183498,-1.7129185199737549,0.0012582113267853856,-1.0443660020828247,1.5659576654434204,0.4742770195007324,-0.80121248960495,0.2899777889251709
-0.06298860907554626,0.4658818542957306,-1.8416014427202754e-05,0.19201897084712982,-0.03019685111939907,-0.759601354598999,-0.009560564532876015,-1.6500715017318726,0.0018163991626352072,-1.0470590591430664,1.5650869607925415,0.48090386390686035,-0.8280213475227356,0.2585795223712921
-0.0995403602719307,0.45090579986572266,-1.4916971849743277e-05,0.04197744280099869,-0.029670385643839836,-0.5621135830879211,-0.013731575571000576,-1.689052939414978,0.002510183723643422,-1.0472050905227661,1.5639034509658813,0.4748658835887909,-0.8073552846908569,0.2782819867134094
-0.10116984695196152,0.41956642270088196,-1.2082747161912266e-05,-0.0001611481566214934,-0.03865727782249451,-0.40857967734336853,-0.016599485650658607,-1.56974458694458,0.002379684243351221,-1.047159194946289,1.56322181224823,0.45648056268692017,-0.7547197937965393,0.31245091557502747
-0.07774288207292557,-0.5869289636611938,-0.00023046096612233669,0.19122739136219025,0.01932711713016033,-0.8173298239707947,0.13628144562244415,-1.511919379234314,-0.0005356722394935787,-1.0447882413864136,1.5791124105453491,-0.6755334734916687,-0.7536962628364563,0.33574050664901733
-0.048468176275491714,-0.5505716800689697,-0.00018668160191737115,0.23895862698554993,0.019829321652650833,-0.9963287115097046,0.1171727403998375,-1.5233306884765625,-0.0018409882904961705,-1.045134425163269,1.580437421798706,-0.636086642742157,-0.7942296862602234,0.2344517856836319
-0.012010940350592136,-0.008952205069363117,-9.712294558994472e-05,-0.22030147910118103,-0.027686284855008125,-0.443547785282135,0.029014581814408302,-1.3890100717544556,-0.003651863196864724,-1.0460675954818726,1.5746721029281616,-0.03932499513030052,-0.5485662817955017,0.20402279496192932
0.050067976117134094,0.041536279022693634,1.53582059283508e-05,-0.3043215572834015,-0.007081108633428812,-0.31349053978919983,-0.10966438055038452,-1.5819251537322998,0.0022794948890805244,-1.0474040508270264,1.5577439069747925,0.1322626769542694,-0.39942628145217896,0.30233439803123474
0.029429540038108826,-0.32439929246902466,4.3357831600587815e-06,-0.10926924645900726,0.019192330539226532,-0.27684956789016724,-0.02948344126343727,-1.5308743715286255,0.002446533879265189,-1.0461673736572266,1.567824363708496,-0.29171785712242126,-0.538368821144104,0.30006617307662964
0.032141685485839844,0.07418420910835266,0.0002088251058012247,0.04020814225077629,0.004190019331872463,-0.6604682803153992,-0.020544884726405144,-1.5681017637252808,-3.810774069279432e-05,-1.047026515007019,1.5703743696212769,0.07822678238153458,-0.5925537347793579,0.3159385025501251
-0.04516766220331192,0.055719904601573944,0.00011099044786533341,-0.2115035504102707,-0.018030580133199692,-0.45231983065605164,-0.010689767077565193,-1.4891705513000488,-0.00037720214459113777,-1.047116994857788,1.569577693939209,0.0742211863398552,-0.5651246309280396,0.2734118402004242
-0.05461826175451279,0.04288000240921974,8.990226342575625e-05,-0.33495572209358215,-0.022925965487957,-0.19090601801872253,-0.014179392717778683,-1.5938066244125366,-0.0008169392822310328,-1.0477310419082642,1.5689603090286255,0.0651153102517128,-0.5542126297950745,0.2620520293712616
-0.05326094105839729,0.01298753172159195,7.282083242898807e-05,-0.3612428307533264,-0.02564835362136364,-0.07199244201183319,-0.04243341460824013,-1.595220923423767,-0.00013928224507253617,-1.047732949256897,1.5662117004394531,0.052610475569963455,-0.5241295695304871,0.29790160059928894
-0.06112769991159439,-0.03378099575638771,5.656717257807031e-05,-0.35802337527275085,-0.02743522636592388,-0.13213495910167694,-0.08637437969446182,-1.5045963525772095,0.0012399285333231091,-1.046589970588684,1.562134861946106,0.0324997678399086,-0.5033656358718872,0.3197713792324066
-0.053973738104104996,-0.06529181450605392,4.58194081147667e-05,-0.47845134139060974,-0.02443070337176323,0.19386938214302063,-0.08264021575450897,-1.602181077003479,0.0012965081259608269,-1.046802043914795,1.5625137090682983,0.001044497941620648,-0.47689518332481384,0.3304450213909149
-0.07490910589694977,-0.1543126255273819,-9.129087175097084e-07,-0.787742018699646,-0.0012249663705006242,0.14987698197364807,0.000898525700904429,-1.4546177387237549,-7.140700472518802e-05,-1.0468734502792358,1.5706424713134766,-0.13030152022838593,-0.2973003685474396,0.1786811798810959
-0.06122277304530144,-0.18160800635814667,-7.394560270768125e-07,-0.6675549149513245,-0.0007882417994551361,-0.1927296668291092,0.03517892211675644,-1.3858364820480347,-0.0006856534746475518,-1.0469149351119995,1.573442816734314,-0.17685426771640778,-0.3636397421360016,0.13389542698860168
-0.0822572186589241,-0.18985114991664886,-4.850656978305778e-07,-0.9219010472297668,0.0015306193381547928,0.32277488708496094,0.12507642805576324,-1.4526991844177246,-0.0017650469671934843,-1.0479686260223389,1.5806788206100464,-0.24347366392612457,-0.34049493074417114,0.11046567559242249
0.011570483446121216,-0.10998505353927612,-1.8947997659779503e-07,-0.5875253677368164,-0.0004588522424455732,-0.303196519613266,0.07251322269439697,-1.375941276550293,-0.0001783088519005105,-1.0473484992980957,1.5773149728775024,-0.15980128943920135,-0.2911590337753296,0.16320455074310303
-0.04424414038658142,-0.4617944657802582,3.4465589124010876e-05,-0.6201547980308533,0.004968604538589716,0.21964246034622192,0.02736060507595539,-1.5607224702835083,0.0006480677402578294,-1.0476008653640747,1.5733996629714966,-0.4716947674751282,-0.4012381434440613,0.2417089343070984
0.014876250177621841,-0.47945907711982727,2.7917127226828597e-05,-0.2822840213775635,0.003696443745866418,-0.20102685689926147,0.0047068968415260315,-1.5294544696807861,0.0009067915962077677,-1.0476044416427612,1.5713573694229126,-0.48005181550979614,-0.4134534001350403,0.30400753021240234
0.050173383206129074,-0.4866138696670532,2.2613101464230567e-05,-0.14345814287662506,0.006774883717298508,-0.08746332675218582,0.009391001425683498,-1.6006501913070679,0.000680085620842874,-1.0475294589996338,1.5720447301864624,-0.4890121519565582,-0.48073145747184753,0.36249154806137085
-0.0754876434803009,0.07129869610071182,0.0002854148333426565,-0.10260512679815292,-0.007498483173549175,-0.12418768554925919,-0.037796638906002045,-1.7706841230392456,-5.9860518376808614e-05,-1.046506404876709,1.5686529874801636,0.09992776066064835,-0.7279374003410339,0.3735710084438324
-0.04423813149333,0.056942831724882126,0.00023055639758240432,-0.07838276773691177,-0.0003430223441682756,-0.30795949697494507,-0.022916844114661217,-1.8230023384094238,-0.0001690456410869956,-1.0457253456115723,1.5701074600219727,0.07638251036405563,-0.7083901762962341,0.34854602813720703
0.1636551022529602,0.06753329932689667,4.267676922609098e-05,-0.07306225597858429,0.019280768930912018,-0.4010850787162781,-0.0032678782008588314,-1.6228673458099365,0.001126877497881651,-1.0454952716827393,1.570778250694275,0.0547330416738987,-0.42194613814353943,0.28997281193733215
0.1739085465669632,0.09820511937141418,3.456818376434967e-05,-0.001407951582223177,0.037450533360242844,-0.3945401906967163,0.0031888585072010756,-1.642878770828247,0.0013905002269893885,-1.0453006029129028,1.572722315788269,0.06885892152786255,-0.44870805740356445,0.33886703848838806
0.19118593633174896,0.11612845957279205,2.7672669602907263e-05,0.10247929394245148,0.025623079389333725,-0.5707512497901917,-0.00039299350464716554,-1.714252233505249,0.001286027953028679,-1.0443248748779297,1.5715405941009521,0.09482474625110626,-0.4925417900085449,0.33088797330856323
0.1711256355047226,0.14376716315746307,2.241486254206393e-05,0.11149590462446213,0.025177063420414925,-0.5991411805152893,0.004156106151640415,-1.694801926612854,0.0003954100247938186,-1.044883370399475,1.5729182958602905,0.11868250370025635,-0.5491390824317932,0.2871185839176178
0.12279997766017914,0.17348569631576538,-6.348106398945674e-05,0.06412017345428467,0.021204806864261627,-0.6641095876693726,0.0040836031548678875,-1.6699059009552002,0.0002345486864214763,-1.0448434352874756,1.5727297067642212,0.14866241812705994,-0.5687915086746216,0.2820901870727539
0.10940781980752945,0.18872690200805664,-5.1419661758700386e-05,0.09839701652526855,0.005948217120021582,-0.7392675280570984,-0.001537059317342937,-1.5764490365982056,0.0009382744319736958,-1.0473368167877197,1.5703669786453247,0.17712253332138062,-0.5874371528625488,0.2519935667514801
0.12960028648376465,0.18977674841880798,-4.1656254325062037e-05,0.2670690715312958,-0.004081822000443935,-0.9481062889099121,-0.009337810799479485,-1.4890055656433105,0.0023250533267855644,-1.0443048477172852,1.5671037435531616,0.19321273267269135,-0.5879120826721191,0.2538818120956421
0.10781944543123245,0.20162443816661835,-3.37415658577811e-05,0.3040456771850586,-0.0022836567368358374,-0.9248762726783752,-0.003954714629799128,-1.4125922918319702,0.0011459490051493049,-1.0448797941207886,1.5694581270217896,0.1980573683977127,-0.5956088304519653,0.25764134526252747
0.05208797752857208,0.204707071185112,-2.733060682658106e-05,0.2562227249145508,-0.0028059575706720352,-0.9034304618835449,-0.008178254589438438,-1.3724838495254517,0.0018319115042686462,-1.0453144311904907,1.5675990581512451,0.20846739411354065,-0.5958099365234375,0.29932376742362976
0.03190859034657478,0.1927821785211563,-2.213761763414368e-05,0.291622132062912,-0.00459536537528038,-0.895989179611206,-0.0141227375715971,-1.3074342012405396,0.0029072894249111414,-1.0456602573394775,1.5650659799575806,0.20722533762454987,-0.613795280456543,0.30201250314712524
-0.07337448745965958,-0.03566789999604225,-1.4303643638413632e-06,0.3422658443450928,-0.001834999187849462,-0.959762692451477,0.013780475594103336,-1.6270486116409302,-0.0006320261745713651,-1.0457514524459839,1.5727225542068481,-0.04083411395549774,-0.8433977365493774,0.28732195496559143
-0.05813635140657425,-0.059915464371442795,-7.60171758429351e-07,0.5247681736946106,-0.000895678938832134,-0.9717459678649902,0.005658760201185942,-1.6759047508239746,-8.273893035948277e-05,-1.0467098951339722,1.571024775505066,-0.055614251643419266,-0.9451907277107239,0.21977713704109192
-0.05492424592375755,-0.0627082884311676,-6.094145419410779e-07,0.5171952843666077,-0.0012117219157516956,-0.7244490385055542,0.007603769656270742,-1.5484681129455566,-0.0003570029803086072,-1.0470229387283325,1.5720045566558838,-0.06547779589891434,-0.8996260762214661,0.3163928687572479
-0.038859281688928604,-0.2773447334766388,-0.00010605377610772848,-0.6829469799995422,-0.0032564981374889612,0.2604312300682068,0.08987849205732346,-1.565146803855896,-0.0018084648763760924,-1.0474066734313965,1.5797820091247559,-0.3330422639846802,-0.3999006152153015,0.2549784183502197
-0.10650888085365295,-0.08781085163354874,-3.697830834425986e-05,-0.6145249009132385,-0.0017963600112125278,-0.1315588504076004,0.05007988214492798,-1.5375480651855469,-0.000953907088842243,-1.0472708940505981,1.5753692388534546,-0.12582504749298096,-0.4505956470966339,0.16860254108905792
-0.10649959743022919,-0.10649625957012177,-0.00012617775064427406,-0.015558748506009579,-0.04850272461771965,-0.3805258870124817,-0.004509294871240854,-1.602295994758606,-0.0016294352244585752,-1.0473061800003052,1.5679068565368652,-0.06428413838148117,-0.7409487962722778,0.2952120304107666
-0.06316721439361572,0.06077904626727104,-1.0600199402688304e-06,-0.2301442176103592,0.025181811302900314,-0.47731679677963257,0.020630132406949997,-1.448237657546997,0.0010753714013844728,-1.0482704639434814,1.573394536972046,0.021281132474541664,-0.5531734824180603,0.2805187404155731
-0.0860108807682991,0.09085360914468765,-8.586161470702791e-07,-0.3614712357521057,0.01721056178212166,-0.3150380253791809,0.014791298657655716,-1.4993897676467896,0.0006098878802731633,-1.0480473041534424,1.5726337432861328,0.05733594670891762,-0.5575973987579346,0.23132137954235077
-0.08585634082555771,0.10381081700325012,-6.954790592317295e-07,-0.4451570212841034,0.005511084571480751,-0.1209212988615036,-0.011932292021811008,-1.4431617259979248,0.0003514527634251863,-1.048553705215454,1.5697250366210938,0.09184172749519348,-0.501408576965332,0.25114676356315613
-0.058892399072647095,0.10102362930774689,-5.643352665174461e-07,-0.4327918589115143,-0.0007827166700735688,-0.12918244302272797,-0.06023891270160675,-1.4742445945739746,0.00149688555393368,-1.048301100730896,1.565327525138855,0.11953462660312653,-0.4472164809703827,0.29135584831237793
-0.0077823977917432785,0.11196088045835495,-4.5711158236372285e-07,-0.2456543743610382,-0.0014244685880839825,-0.4373877942562103,-0.058052174746990204,-1.500230312347412,0.0014480453683063388,-1.0480995178222656,1.5655442476272583,0.13549774885177612,-0.48413118720054626,0.2581554055213928
-0.009322721511125565,0.1136205792427063,-3.7026038057774713e-07,-0.2169055938720703,-0.016844887286424637,-0.4810471534729004,-0.04995863512158394,-1.461236596107483,-6.180897617014125e-05,-1.0534863471984863,1.5656743049621582,0.1437196284532547,-0.515400767326355,0.2459745705127716
-0.030579566955566406,0.12613360583782196,0.00025566635304130614,-0.2683202624320984,-0.008740907534956932,-0.30481472611427307,-0.03835222125053406,-1.425473928451538,0.00041200616396963596,-1.0560098886489868,1.5670088529586792,0.14694933593273163,-0.500636875629425,0.27159059047698975
-0.038750503212213516,0.27774351835250854,-0.00011141508002765477,0.18571734428405762,-0.0056655327789485455,-0.8838242292404175,-0.03385544195771217,-1.3918038606643677,0.0037802266888320446,-1.0483180284500122,1.561381459236145,0.3124949038028717,-0.687064528465271,0.2816011607646942
-0.0620153471827507,0.230516716837883,-9.024621249409392e-05,0.04132051393389702,-0.013910285197198391,-0.8267458081245422,-0.03624054417014122,-1.396474838256836,0.004840799607336521,-1.0484684705734253,1.5594927072525024,0.27618104219436646,-0.6802176833152771,0.2556614279747009
-0.040914807468652725,0.16734595596790314,-7.309942884603515e-05,-0.030248824506998062,-0.03417036309838295,-0.73866868019104,-0.03343707695603371,-1.475701928138733,0.004159663803875446,-1.0492148399353027,1.559312343597412,0.22676262259483337,-0.6643932461738586,0.22357721626758575
-0.038269300013780594,0.11795513331890106,-5.921053889323957e-05,-0.16736237704753876,-0.022762266919016838,-0.5984698534011841,-0.02731209807097912,-1.4058359861373901,0.0037484331987798214,-1.0491162538528442,1.5616132020950317,0.16884660720825195,-0.6030890941619873,0.2323853075504303
0.0006340387044474483,0.08560460060834885,0.0005457316292449832,-0.1568501591682434,0.008463339880108833,-0.6279373168945312,-0.023578353226184845,-1.3628878593444824,0.005540264770388603,-1.0478662252426147,1.5637346506118774,0.11500047147274017,-0.5249163508415222,0.23239333927631378
0.003502353560179472,0.0660986676812172,0.0004420426266733557,-0.24922102689743042,0.037472181022167206,-0.42307528853416443,-0.018144074827432632,-1.3219726085662842,0.007149909157305956,-1.047721028327942,1.5663721561431885,0.07054521888494492,-0.4640534818172455,0.2563335597515106
0.02034805901348591,0.03079412132501602,0.00035805453080683947,-0.29767051339149475,0.029015490785241127,-0.19475233554840088,-0.017193680629134178,-1.3891477584838867,0.005825806874781847,-1.047454833984375,1.5669395923614502,0.037275172770023346,-0.3972470462322235,0.3269451856613159
0.034118231385946274,-0.0008040430839173496,0.00023499176313634962,-0.32412195205688477,0.03064079023897648,0.004825879354029894,0.032140012830495834,-1.5400996208190918,0.002774507040157914,-1.0474153757095337,1.5731319189071655,-0.019529208540916443,-0.4198146462440491,0.3598358631134033
-0.0819115862250328,-0.036288827657699585,2.9667839044122957e-05,0.24182003736495972,0.0019193137995898724,-0.8128769397735596,0.005630637053400278,-1.531142234802246,-0.00038025426329113543,-1.049206256866455,1.573684811592102,-0.05174953117966652,-0.7847564220428467,0.3377544581890106
-0.12316032499074936,-0.02257298119366169,2.4030949134612456e-05,0.08371295034885406,-0.0021756819915026426,-0.7886303663253784,-0.0006402282160706818,-1.5039938688278198,0.000699570111464709,-1.0488290786743164,1.5710129737854004,-0.029154963791370392,-0.7982245087623596,0.2579893469810486
0.009859067387878895,0.17485933005809784,6.805787506891647e-06,0.1052350252866745,0.001992868259549141,-0.6791166067123413,-0.014741768129169941,-1.3837203979492188,0.004306725226342678,-1.0457888841629028,1.5651603937149048,0.1718568652868271,-0.6229972839355469,0.28967592120170593
0.09813648462295532,-0.003872587811201811,1.5744712982268538e-06,0.03450661897659302,-0.015298798680305481,-1.0447934865951538,-0.04422513768076897,-1.2400892972946167,0.0032835048623383045,-1.0474214553833008,1.562025547027588,0.04730604216456413,-0.47733667492866516,0.2119070291519165
0.0019777880515903234,-0.1787348836660385,-5.970360916762729e-07,-0.2995956838130951,0.02775833010673523,-0.5177379846572876,-0.017660215497016907,-1.2071774005889893,0.0056350636295974255,-1.0467990636825562,1.5678563117980957,-0.17833317816257477,-0.40244340896606445,0.2078905999660492
0.019443554803729057,-0.190084308385849,-4.675872276038717e-07,-0.33416688442230225,0.030642246827483177,-0.3682171404361725,-0.009375195950269699,-1.3579490184783936,0.0053270114585757256,-1.046891212463379,1.569267749786377,-0.1959472894668579,-0.37183257937431335,0.2605400085449219
0.0371922142803669,-0.18436893820762634,-3.787456535064848e-07,-0.28922829031944275,0.03923576697707176,-0.3653702139854431,0.00781842041760683,-1.4202537536621094,0.005324226804077625,-1.0474412441253662,1.5718414783477783,-0.20804958045482635,-0.3954477310180664,0.26164478063583374
0.0464976504445076,-0.16463670134544373,-1.5975872713624995e-07,-0.31937742233276367,0.05054828152060509,-0.12291572988033295,0.029311031103134155,-1.4994603395462036,0.005184990353882313,-1.0475561618804932,1.5748863220214844,-0.20821405947208405,-0.4066895842552185,0.2988530695438385
0.14137431979179382,-0.09611641615629196,4.369781436253106e-06,-0.022012442350387573,-0.022230129688978195,-0.3479022979736328,-0.061729930341243744,-1.685167670249939,0.0001544508122606203,-1.0472955703735352,1.5665040016174316,-0.025173379108309746,-0.5156887173652649,0.36357077956199646
0.1939879059791565,-0.14347587525844574,3.5395230497670127e-06,0.1219630092382431,0.0010450136614963412,-0.658279538154602,-0.04133547097444534,-1.7201036214828491,-0.0001448281400371343,-1.0469800233840942,1.5698587894439697,-0.09693396091461182,-0.5223103165626526,0.3066721558570862
0.19370600581169128,-0.2509729862213135,8.336102473549545e-05,0.16452452540397644,0.011346053332090378,-0.67453932762146,-0.012717297300696373,-1.5833715200424194,-0.0015428519109264016,-1.047410011291504,1.5736863613128662,-0.23284363746643066,-0.5073870420455933,0.2910468578338623
0.15644416213035583,-0.26635292172431946,6.75224291626364e-05,0.06122181564569473,0.015194044448435307,-0.5027298331260681,-0.0017216590931639075,-1.6323449611663818,-0.0024766921997070312,-1.0471199750900269,1.5760334730148315,-0.26204147934913635,-0.5073292255401611,0.32289832830429077
0.16358841955661774,-0.26686015725135803,5.469316602102481e-05,0.17996150255203247,0.021180573850870132,-0.6862558722496033,0.006619463674724102,-1.6589164733886719,-0.00294169201515615,-1.0459100008010864,1.5776252746582031,-0.27594777941703796,-0.5361945629119873,0.31221646070480347
0.07969792187213898,-0.2789025902748108,4.4301799789536744e-05,-0.051036763936281204,0.012842746451497078,-0.4231012463569641,0.0020574324298650026,-1.7524173259735107,-0.001964860362932086,-1.0462981462478638,1.5752118825912476,-0.2786353826522827,-0.5962532162666321,0.29300349950790405
-0.003816229524090886,-0.30681803822517395,3.588445542845875e-05,-0.30079376697540283,-0.005317878909409046,-0.04531442001461983,-0.007784937508404255,-1.6592180728912354,-0.001933822757564485,-1.0499491691589355,1.572680115699768,-0.29167094826698303,-0.5633798837661743,0.30582931637763977
-0.03210290148854256,-0.32219022512435913,2.9066410206723958e-05,-0.40362855792045593,-0.00439790915697813,0.07909904420375824,0.0014656160492449999,-1.6293588876724243,-0.0017415607580915093,-1.0494260787963867,1.5730245113372803,-0.31065115332603455,-0.4823841154575348,0.35478025674819946
0.0031105459202080965,-0.3360270857810974,0.00013819227751810104,-0.20368440449237823,-0.0027859380934387445,-0.29407137632369995,0.008583520539104939,-1.68561589717865,-0.0015591674018651247,-1.0489884614944458,1.573304533958435,-0.3295794129371643,-0.5202481746673584,0.31328439712524414
-0.01918145827949047,-0.33589377999305725,0.00011193574755452573,-0.17434749007225037,0.014521617442369461,-0.4817515015602112,0.014668884687125683,-1.6772832870483398,-0.0003815942327491939,-1.047469139099121,1.5742396116256714,-0.34469103813171387,-0.6078587770462036,0.26205652952194214
-0.08696608990430832,-0.2507576644420624,5.574885290116072e-05,-0.3768812417984009,0.06701107323169708,-0.12091114372015,0.025475064292550087,-1.6145730018615723,0.003587193787097931,-1.0506904125213623,1.575415849685669,-0.30865129828453064,-0.6011625528335571,0.24855780601501465
-0.05926472693681717,-0.22091223299503326,4.51565720140934e-05,-0.30500632524490356,0.05299821123480797,-0.2006778120994568,0.011833387427031994,-1.6377816200256348,0.003107873722910881,-1.0500065088272095,1.5737128257751465,-0.27187836170196533,-0.5553655624389648,0.2921072244644165
-0.021834105253219604,-0.19001850485801697,-0.00013442743511404842,-0.18342091143131256,0.04005395621061325,-0.32219594717025757,0.005695457104593515,-1.6807769536972046,0.002418545540422201,-1.0496761798858643,1.5726886987686157,-0.22915896773338318,-0.5933018922805786,0.2810634672641754
-0.033222746104002,-0.17411713302135468,-0.00010888621909543872,-0.28786700963974,0.021795233711600304,-0.09635695815086365,-0.008565002121031284,-1.704208493232727,0.0017824755050241947,-1.0490726232528687,1.5705606937408447,-0.19371630251407623,-0.5937511324882507,0.30401739478111267
-0.023066114634275436,-0.14569197595119476,-8.819783397484571e-05,-0.2713831067085266,0.018564559519290924,-0.1131851077079773,-0.0016176382778212428,-1.7656689882278442,0.0013257390819489956,-1.0459320545196533,1.5711385011672974,-0.16646534204483032,-0.5789799690246582,0.3109341263771057
-0.03577401861548424,-0.09924809634685516,-7.144024857552722e-05,-0.2130938619375229,0.026329120621085167,-0.4009704291820526,0.02058902010321617,-1.74734365940094,0.0010444649960845709,-1.045889973640442,1.5735951662063599,-0.13671408593654633,-0.626936674118042,0.2742181420326233
-0.12030165642499924,0.10992276668548584,-3.125820876448415e-05,-0.4783422350883484,0.023861652240157127,0.0012286066776141524,0.003485355991870165,-1.6952362060546875,0.0014021622482687235,-1.0494719743728638,1.5718156099319458,0.0696483701467514,-0.585050106048584,0.23033444583415985
-0.05761905014514923,0.1563916951417923,-0.00020582792058121413,-0.2328723520040512,0.017803283408284187,-0.2389213889837265,-0.009860776364803314,-1.6243555545806885,0.0013460522750392556,-1.0492494106292725,1.5705041885375977,0.12581078708171844,-0.5882493853569031,0.27708137035369873
0.012387340888381004,0.18731644749641418,-0.0001667206088313833,0.05687177553772926,-0.003977011889219284,-0.4430482089519501,-0.020461425185203552,-1.5242890119552612,0.0006395992240868509,-1.050034523010254,1.5682899951934814,0.1775006204843521,-0.5917950868606567,0.34524303674697876
-0.06505982577800751,0.05335493013262749,7.804778579156846e-05,-0.338775098323822,-0.01059988047927618,-0.28934359550476074,-0.1189696416258812,-1.4472835063934326,0.0012536811409518123,-1.0490694046020508,1.5613359212875366,0.1450251191854477,-0.5206546187400818,0.3004292845726013
-0.06426376104354858,0.020749175921082497,6.270167796174064e-05,-0.5609452724456787,-0.006028114818036556,-0.02644379623234272,-0.07616172730922699,-1.422098994255066,0.0008170538931153715,-1.0499484539031982,1.5647430419921875,0.08768203109502792,-0.4451768696308136,0.2609395384788513
-0.034043025225400925,0.005173112265765667,5.078400135971606e-05,-0.7436637282371521,-0.004838853143155575,0.2985503375530243,-0.008274586871266365,-1.4457056522369385,-0.00040763363358564675,-1.049454689025879,1.570573091506958,0.0341041274368763,-0.33477118611335754,0.25662845373153687
0.07100889086723328,0.011714008636772633,3.331938205519691e-05,-0.568917989730835,-0.006414428353309631,-0.08380654454231262,0.08639505505561829,-1.4115533828735352,-0.0012180969351902604,-1.0485411882400513,1.57937753200531,-0.022218594327569008,-0.2465425729751587,0.2521875500679016
0.09593269973993301,0.03728680685162544,2.6988700483343564e-05,-0.5692568421363831,-0.00010824379569385201,-0.13113972544670105,0.13044734299182892,-1.4726231098175049,-0.0023120208643376827,-1.051991581916809,1.5831416845321655,-0.02760053053498268,-0.26382091641426086,0.2031993418931961
0.09821834415197372,0.07579168677330017,1.434290152246831e-05,-0.5232601165771484,0.0031980671919882298,-0.046338196843862534,0.06851398199796677,-1.4912008047103882,-0.0008097858517430723,-1.050232172012329,1.5774054527282715,0.030394749715924263,-0.3010856509208679,0.21192483603954315
0.08700335025787354,0.09452710300683975,1.1617750715231523e-05,-0.5992109775543213,0.002469476778060198,0.2533513009548187,0.061275508254766464,-1.517866849899292,-0.0007499189232476056,-1.0485423803329468,1.5765987634658813,0.05379060283303261,-0.2530740797519684,0.29185551404953003
-0.028872599825263023,0.05272206664085388,7.121991802705452e-05,0.4077172577381134,-0.02508087269961834,-1.027583122253418,-0.007318955380469561,-1.5592410564422607,0.0008150629000738263,-1.0501973628997803,1.5674145221710205,0.0833505392074585,-0.7908920645713806,0.26724526286125183
-0.04495419189333916,0.005392672494053841,5.768813571194187e-05,0.4337705373764038,-0.0202836561948061,-1.0679059028625488,-0.00835628155618906,-1.5271739959716797,0.0010794063564389944,-1.0496296882629395,1.566845417022705,0.04088374972343445,-0.8576331734657288,0.22509486973285675
-0.05069894343614578,-0.05619603767991066,4.672738941735588e-05,0.42792147397994995,-0.016365382820367813,-1.1254347562789917,-0.008936606347560883,-1.5844972133636475,0.0012418709229677916,-1.0491529703140259,1.566499948501587,-0.014698837883770466,-0.8731775879859924,0.22232075035572052
-0.1093520000576973,-0.3181634247303009,1.629305916139856e-05,0.30085283517837524,-0.005163085181266069,-1.041075348854065,0.001006745733320713,-1.504492163658142,-0.00043772973003797233,-1.0476521253585815,1.5716475248336792,-0.3055034875869751,-0.8855343461036682,0.21075104176998138
-0.13753940165042877,-0.3511875569820404,1.3197378393670078e-05,0.1343333125114441,-0.0065748803317546844,-0.8570060133934021,-0.0036484163720160723,-1.4417482614517212,0.0006477583665400743,-1.0506420135498047,1.569417953491211,-0.3303898870944977,-0.8357877135276794,0.23227740824222565
-0.11313997954130173,-0.37348371744155884,1.0689876035030466e-05,0.07851588726043701,0.0030487084295600653,-0.665105402469635,0.002401254838332534,-1.4200769662857056,-0.00043438380816951394,-1.0510029792785645,1.5718876123428345,-0.3624986708164215,-0.7534063458442688,0.2789290249347687
-0.036432359367609024,-0.4070934057235718,8.658799742988776e-06,0.25338974595069885,-0.001684755552560091,-0.8129438757896423,-0.003383594797924161,-1.3921010494232178,0.000490748614538461,-1.0465445518493652,1.5697280168533325,-0.3891449570655823,-0.6906253695487976,0.3375682532787323
-0.007483676541596651,-0.45489388704299927,7.013627964624902e-06,0.17893332242965698,-0.0037012817338109016,-0.5921392440795898,-0.011943393386900425,-1.4438307285308838,0.0018387783784419298,-1.0467251539230347,1.566580057144165,-0.4245755076408386,-0.6799353957176208,0.3495916724205017
0.07149103283882141,-0.2008199840784073,4.998701683689433e-07,-0.04193449765443802,0.016152244061231613,-0.2858281433582306,0.0019710862543433905,-1.7297219038009644,0.0008659572340548038,-1.0468205213546753,1.5718306303024292,-0.2320173978805542,-0.5339009761810303,0.3962384760379791
0.04220646247267723,-0.1521514654159546,4.04894848315962e-07,0.014781251549720764,0.020659441128373146,-0.4816672205924988,0.004531246144324541,-1.635507583618164,0.0007313985261134803,-1.0475189685821533,1.572454571723938,-0.18620823323726654,-0.5955553650856018,0.3268912732601166
0.03478236868977547,-0.08790948987007141,3.279648126408574e-07,0.03888215497136116,0.03345915302634239,-0.4106335937976837,0.010520932264626026,-1.624327301979065,0.0003319606475997716,-1.0474693775177002,1.574392557144165,-0.13620178401470184,-0.6132998466491699,0.3297930955886841
-0.03319580852985382,0.07366504520177841,1.18469433800783e-05,0.16462095081806183,-0.008562874048948288,-0.6949620246887207,0.012281235307455063,-1.4866727590560913,0.0020479271188378334,-1.0468062162399292,1.5663291215896606,0.07771013677120209,-0.684517502784729,0.3586655557155609
-0.0485583059489727,0.06730902940034866,9.59602402872406e-06,0.10613802075386047,-0.0027332003228366375,-0.7196431159973145,0.015548011288046837,-1.3966470956802368,0.0007296231924556196,-1.0468933582305908,1.569250226020813,0.06463129818439484,-0.6737204194068909,0.3102772533893585
0.005069669336080551,0.0764351561665535,7.772781827952713e-06,0.2979351580142975,0.005767609924077988,-1.0026379823684692,0.021993020549416542,-1.3583366870880127,-0.0010881659109145403,-1.043818712234497,1.573266625404358,0.0597044937312603,-0.6552254557609558,0.2930138111114502
-0.029362354427576065,0.09832922369241714,6.29595342616085e-06,0.1778254359960556,0.00746699795126915,-0.9007108807563782,0.025611817836761475,-1.4085731506347656,-0.002504145260900259,-1.0455747842788696,1.5763102769851685,0.07140512764453888,-0.684180498123169,0.2554056942462921
-0.0991053655743599,0.13612985610961914,5.09972232975997e-06,-0.13104358315467834,0.019298357889056206,-0.4950902462005615,0.026951825246214867,-1.5249998569488525,-0.0030192765407264233,-1.0470291376113892,1.5780824422836304,0.09821350872516632,-0.6759936809539795,0.267261803150177
-0.12622176110744476,0.16168491542339325,-0.0003512500552460551,-0.28965550661087036,0.006722813937813044,-0.35833513736724854,0.02058563381433487,-1.5357260704040527,-0.0031266133300960064,-1.0410990715026855,1.576417088508606,0.13334432244300842,-0.6390019655227661,0.26298511028289795
-0.11923890560865402,0.17158624529838562,-0.0002845061244443059,-0.3284457325935364,-0.00961820874363184,-0.34992116689682007,0.0015007274923846126,-1.4650567770004272,-0.0035272000823169947,-1.043216347694397,1.5731710195541382,0.16487833857536316,-0.5947624444961548,0.24243934452533722
-0.10555562376976013,0.17833049595355988,-0.0008015588391572237,-0.38109439611434937,-0.017698675394058228,-0.32379910349845886,-0.009216959588229656,-1.4283238649368286,-0.003613348351791501,-1.0421597957611084,1.571427583694458,0.1859874576330185,-0.5470558404922485,0.23869474232196808
-0.08173640072345734,0.17281882464885712,-0.0006492626271210611,-0.46123114228248596,-0.024777470156550407,-0.16230759024620056,-0.030845191329717636,-1.367031455039978,-0.0033397041261196136,-1.0438488721847534,1.5685961246490479,0.1990637332201004,-0.47952890396118164,0.24340549111366272
-0.016998590901494026,0.15481510758399963,-0.0007951872539706528,-0.3585839867591858,-0.02675527334213257,-0.2374865561723709,-0.05739131197333336,-1.3406405448913574,-0.0022971825674176216,-1.044273853302002,1.5658204555511475,0.20247097313404083,-0.4040575325489044,0.2912454605102539
0.035418711602687836,0.14946861565113068,-0.0005658259033225477,-0.23037266731262207,-0.02101069688796997,-0.43904542922973633,-0.04946070909500122,-1.3206760883331299,-0.0017715110443532467,-1.0440629720687866,1.5664191246032715,0.19325830042362213,-0.38581934571266174,0.3151851296424866
0.043008383363485336,0.16121795773506165,-0.0004583132395055145,-0.2942834496498108,-0.0020777431782335043,-0.26542773842811584,-0.032404184341430664,-1.404744267463684,-0.00036878284299746156,-1.0445417165756226,1.5688791275024414,0.18150053918361664,-0.3912258744239807,0.301245778799057
-0.014454755932092667,0.09142997115850449,-1.5679826901759952e-05,-0.37891292572021484,0.0013722984585911036,-0.41967830061912537,-0.024976080283522606,-1.5574675798416138,0.00014083384303376079,-1.0459184646606445,1.5678422451019287,0.11519216001033783,-0.5008742809295654,0.21671921014785767
-0.019481370225548744,-0.08353471755981445,-0.00017883176042232662,-1.0666066408157349,-0.008548769168555737,0.3723016381263733,0.04684730991721153,-1.4540075063705444,3.718004882102832e-05,-1.046807050704956,1.5749669075012207,-0.0981580838561058,-0.24448440968990326,0.016606926918029785
-0.0044037336483597755,-0.07766352593898773,-0.0001460527564631775,-1.1427106857299805,-0.007645019330084324,0.6334710121154785,0.05059989169239998,-1.6030174493789673,0.0017713811248540878,-1.0470318794250488,1.576983094215393,-0.10218457877635956,-0.24484124779701233,0.030922630801796913
-0.009366350248456001,-0.08169819414615631,-0.00011829013237729669,-1.2400192022323608,-0.005672297440469265,0.9262372255325317,0.04020701348781586,-1.6256980895996094,0.001666963449679315,-1.1776899099349976,1.5757931470870972,-0.09571253508329391,-0.19582590460777283,0.07591477036476135
-0.03721131756901741,-0.07907469570636749,-9.581500489730388e-05,-1.0823242664337158,-0.005102986004203558,0.5852128267288208,0.03401242196559906,-1.5107771158218384,0.0016767970519140363,-1.1529163122177124,1.5750283002853394,-0.09658265858888626,-0.256783664226532,0.08400439471006393
-0.02717345952987671,-0.08505263924598694,-7.761015149299055e-05,-0.8506238460540771,-0.002736765658482909,0.11525490134954453,0.017625615000724792,-1.489640712738037,0.0009305605781264603,-1.1327600479125977,1.5732065439224243,-0.0913235992193222,-0.30214372277259827,0.09694176912307739
-0.03756540268659592,-0.05887698382139206,-5.092002174933441e-05,-0.7146327495574951,-0.0026071167085319757,0.015129626728594303,0.061995357275009155,-1.5191099643707275,-8.393505413550884e-05,-1.1026564836502075,1.5761265754699707,-0.09062523394823074,-0.35333389043807983,0.1305634081363678
-0.15755043923854828,0.03593097999691963,0.00011358537449268624,-0.7522537708282471,0.0022618952207267284,0.1745656430721283,0.0531807467341423,-1.5875483751296997,-0.0005460351821966469,-1.0723190307617188,1.5749768018722534,-0.0013558273203670979,-0.4686296582221985,0.17366468906402588
-0.12326980382204056,0.04199177771806717,2.1738309442298487e-05,-0.3177151679992676,-0.008512313477694988,0.0885671079158783,-0.03705231100320816,-1.6566946506500244,8.109211194096133e-05,-1.0581756830215454,1.5673540830612183,0.06463245302438736,-0.6514772772789001,0.31466972827911377
-0.08336680382490158,-0.08075521886348724,0.00010377050784882158,-0.7153781056404114,0.0006179506308399141,0.14327089488506317,-0.0032565270084887743,-1.4283112287521362,-0.00046302189002744853,-1.0479289293289185,1.5700870752334595,-0.055819325149059296,-0.3619779944419861,0.2300647646188736
-0.008764355443418026,-0.1277850717306137,8.405411062994972e-05,-0.5581672191619873,0.0008545080781914294,-0.19797654449939728,0.004252150654792786,-1.5351980924606323,-0.0005397656932473183,-1.0470752716064453,1.5707592964172363,-0.10468511283397675,-0.38045910000801086,0.1839609146118164
0.15898549556732178,-0.09536773711442947,2.2168629584484734e-05,-0.3497854769229889,0.05766017735004425,-0.20614171028137207,0.05629074200987816,-1.5444912910461426,0.005130775272846222,-1.0473624467849731,1.5772382020950317,-0.16522109508514404,-0.35258567333221436,0.23680946230888367
0.16155239939689636,-0.06680258363485336,1.7956590454559773e-05,-0.3080146908760071,0.04414268583059311,-0.2607756555080414,0.03827859088778496,-1.4725170135498047,0.004214848391711712,-1.0472955703735352,1.5752044916152954,-0.12915445864200592,-0.28471943736076355,0.2978683114051819
0.1497870683670044,-0.056036174297332764,1.4544838450092357e-05,-0.2850092053413391,0.019546514376997948,-0.3770093023777008,0.010958143509924412,-1.5172656774520874,0.002871858887374401,-1.0436044931411743,1.5717524290084839,-0.08777720481157303,-0.311048299074173,0.2726065218448639
0.09974024444818497,-0.05946389213204384,1.1553891454241239e-05,-0.38986438512802124,-0.0044107320718467236,-0.3941742181777954,-0.008923470973968506,-1.521735429763794,0.0007858218159526587,-1.0441436767578125,1.568933129310608,-0.06006458029150963,-0.3614426553249359,0.21550032496452332
-0.0686943456530571,0.4772017300128937,-0.00032578231184743345,-0.9058548212051392,0.002276905346661806,0.14161929488182068,-0.054547328501939774,-1.5326610803604126,-0.0008987075416371226,-1.047166347503662,1.5664482116699219,0.5066884160041809,-0.3460350036621094,0.02157546766102314
0.04572073742747307,0.4791520833969116,-0.00021374577772803605,-0.778325617313385,0.0017015584744513035,0.3759472966194153,-0.02303861454129219,-1.6354130506515503,-0.0009225488174706697,-1.0470999479293823,1.5688331127166748,0.4916590452194214,-0.29293471574783325,0.18431854248046875
0.10420910269021988,0.4585282504558563,-0.0001731340744299814,-0.518488347530365,0.003075104672461748,0.02883755974471569,-0.0395699143409729,-1.5624951124191284,-0.0009368991595692933,-1.0471452474594116,1.5673435926437378,0.48309534788131714,-0.27696552872657776,0.24026694893836975
0.13266168534755707,0.42100533843040466,-0.00014023861149325967,-0.4787065088748932,0.00173749472014606,0.22416311502456665,-0.07457766681909561,-1.5414667129516602,0.00030380309908650815,-1.047264575958252,1.5643088817596436,0.4661848247051239,-0.270844042301178,0.3190956115722656
-0.014806481078267097,-0.1822504848241806,4.2454332287888974e-05,-0.4637203514575958,0.021473534405231476,-0.3668048083782196,0.024246878921985626,-1.5334991216659546,-0.00019893361604772508,-1.0459119081497192,1.5767409801483154,-0.20715653896331787,-0.4959196448326111,0.20105579495429993
0.09806430339813232,0.19157978892326355,6.921026215422899e-05,0.20545944571495056,-0.011652437038719654,-0.6405498385429382,0.04264963045716286,-1.6377325057983398,0.020148245617747307,-1.0700947046279907,1.5930380821228027,0.15726210176944733,-0.5970548987388611,0.3154280185699463
0.06430716812610626,0.2325998693704605,5.606031481875107e-05,0.13847267627716064,-0.008077089674770832,-0.23346726596355438,0.043330900371074677,-1.7658753395080566,0.015410912223160267,-1.065746545791626,1.5910351276397705,0.19182345271110535,-0.6684012413024902,0.35879001021385193
-0.04898533970117569,0.08844374120235443,1.5350844932982e-06,-0.2916419506072998,0.0037460632156580687,-0.30544745922088623,0.058119576424360275,-1.593301773071289,-0.0013818603474646807,-1.0468645095825195,1.5771210193634033,0.07521071285009384,-0.5473853945732117,0.2943190038204193
-0.015575651079416275,0.09432056546211243,1.2434184100129642e-06,-0.3474944531917572,0.025188757106661797,-0.27842700481414795,0.07709149271249771,-1.5716556310653687,-8.3630729932338e-05,-1.0471014976501465,1.5797104835510254,0.05285053327679634,-0.546881914138794,0.24063999950885773
0.0078011611476540565,0.08608667552471161,1.00716897577513e-06,-0.37562528252601624,0.019861692562699318,-0.40181034803390503,0.06520280241966248,-1.4907020330429077,-0.0001338178844889626,-1.0463497638702393,1.578321933746338,0.04675869643688202,-0.4774174690246582,0.22342436015605927
-0.02656366303563118,0.10458600521087646,-1.314132532570511e-06,-0.947787344455719,-0.005360624752938747,0.4664275050163269,0.0872652605175972,-1.6047537326812744,-0.0032599903643131256,-1.0528428554534912,1.5670089721679688,0.04358051344752312,-0.2989562153816223,0.09187257289886475
-0.011773090809583664,0.1450573205947876,-1.064447360477061e-06,-0.6758000254631042,-0.002995294751599431,0.17580154538154602,0.058827728033065796,-1.6754481792449951,-0.002941121580079198,-1.0517423152923584,1.566617727279663,0.09672161191701889,-0.34390437602996826,0.16388167440891266
-0.014581886120140553,0.19638188183307648,-8.69067491748865e-07,-0.4986248016357422,-0.002678772434592247,0.0183423962444067,0.06355570256710052,-1.7177537679672241,-0.0026172103825956583,-1.0508655309677124,1.5686273574829102,0.14725373685359955,-0.44308531284332275,0.22424262762069702
-0.04262329638004303,0.2503185272216797,0.00015616108430549502,-0.4328833222389221,-0.0017712607514113188,-0.04917987808585167,0.06722410023212433,-1.628509521484375,-0.0023901406675577164,-1.0502065420150757,1.570279836654663,0.1971888393163681,-0.4917987585067749,0.2606717646121979
-0.05718948319554329,0.28671273589134216,-4.235004962538369e-05,-0.4191955029964447,-0.00232155853882432,0.06206677109003067,0.03175218403339386,-1.579483985900879,-0.001440367428585887,-1.0520262718200684,1.5685431957244873,0.24858500063419342,-0.48832011222839355,0.30510255694389343
-0.03860650211572647,0.30606627464294434,-3.452015880611725e-05,-0.2876337170600891,-0.003760789753869176,-0.08925692737102509,-0.023283910006284714,-1.6012240648269653,0.0002386662526987493,-1.050451636314392,1.5643998384475708,0.2973453104496002,-0.49871891736984253,0.3538910746574402
-0.033932581543922424,0.31009283661842346,-2.7962105377810076e-05,-0.2533172369003296,-0.013653164729475975,-0.029324619099497795,-0.07584258168935776,-1.5416176319122314,0.0019354668911546469,-1.0498452186584473,1.5595529079437256,0.33583325147628784,-0.5256986618041992,0.3682631254196167
-0.034031786024570465,0.3303888142108917,-1.486894234403735e-05,-0.18653276562690735,-0.04365572705864906,-0.23640993237495422,-0.08791301399469376,-1.658609390258789,0.0016873996937647462,-1.0493806600570679,1.5578765869140625,0.38580164313316345,-0.5958022475242615,0.34464046359062195
-0.07018376886844635,0.33299121260643005,-5.435006460174918e-05,-0.28096508979797363,-0.039220038801431656,-0.13434293866157532,-0.0744566023349762,-1.568260908126831,0.0013480371562764049,-1.0504893064498901,1.5597825050354004,0.385067880153656,-0.5815850496292114,0.3253368139266968
-0.06700874865055084,0.23474755883216858,-0.00018625138909555972,-0.2922520041465759,-0.0051823933608829975,-0.23807579278945923,0.038562800735235214,-1.5279667377471924,-0.0017464518314227462,-1.0469967126846313,1.5751744508743286,0.22567754983901978,-0.5120510458946228,0.34086281061172485
-0.06216698884963989,0.23200613260269165,-0.00015086165512911975,-0.3678368628025055,-0.0018956261919811368,-0.1589547097682953,0.035619817674160004,-1.5325521230697632,-0.0013986484846100211,-1.0470309257507324,1.5748896598815918,0.21805380284786224,-0.5315479040145874,0.2851150929927826
-0.034657206386327744,0.2102026641368866,-0.00012219080235809088,-0.4412732422351837,-0.0049187783151865005,0.07042447477579117,-0.0007589323213323951,-1.603690505027771,-0.0004179716343060136,-1.0472420454025269,1.5713623762130737,0.215635284781456,-0.47869884967803955,0.3049014210700989
-0.008445688523352146,0.17227178812026978,-9.897455311147496e-05,-0.4029977023601532,-0.004977692849934101,-0.011862541548907757,-0.05606352537870407,-1.6527574062347412,0.001028168946504593,-1.0445613861083984,1.5664334297180176,0.2071373015642166,-0.46137535572052,0.32057490944862366
0.003794221207499504,0.14761820435523987,-8.016938954824582e-05,-0.3169165551662445,-0.004486437886953354,-0.3650447428226471,-0.05689546465873718,-1.702744483947754,0.0011446945136412978,-1.0447213649749756,1.5662647485733032,0.18586769700050354,-0.5142722129821777,0.2584960162639618
-0.031193800270557404,0.09673474729061127,-3.451070369919762e-05,-0.4297592043876648,0.015296179801225662,-0.22390931844711304,0.012170003727078438,-1.5275033712387085,0.0018915290711447597,-1.0479481220245361,1.5727417469024658,0.08649886399507523,-0.47583523392677307,0.19748713076114655
0.040381141006946564,0.12094986438751221,-2.795366890495643e-05,-0.12757298350334167,0.02801889181137085,-0.5405763983726501,0.03493811935186386,-1.576973557472229,0.0023674648255109787,-1.0477476119995117,1.5753328800201416,0.08456642925739288,-0.5014021992683411,0.23630885779857635
0.04353226348757744,0.13071896135807037,-2.2642472686129622e-05,-0.025413336232304573,0.020710144191980362,-0.6068729162216187,0.02807159349322319,-1.5708949565887451,0.0019425590289756656,-1.048027753829956,1.5743134021759033,0.10139327496290207,-0.5681494474411011,0.2624770402908325
0.03142039105296135,0.1224481612443924,-1.836505725805182e-05,-0.023658430203795433,-0.003500116989016533,-0.4229116141796112,0.019858069717884064,-1.6447800397872925,0.0012518498115241528,-1.04805588722229,1.5720759630203247,0.11369774490594864,-0.6002769470214844,0.2861509919166565
0.04582006856799126,0.10085711628198624,-1.4875696251692716e-05,0.14420293271541595,-0.02166067063808441,-0.5204106569290161,0.007467565592378378,-1.6534404754638672,0.0013134896289557219,-1.0418283939361572,1.5691335201263428,0.11286059767007828,-0.6258462071418762,0.3396289646625519
0.00879789236932993,0.08459052443504333,8.99430233403109e-05,0.17451152205467224,-0.01817655749619007,-0.5474163889884949,0.004699404817074537,-1.534403681755066,0.001176165766082704,-1.0447828769683838,1.5691378116607666,0.09799248725175858,-0.655906081199646,0.36760807037353516
0.043960802257061005,0.009326878935098648,9.150890946330037e-06,0.35353562235832214,-0.003124798182398081,-0.8561832308769226,-0.009168232791125774,-1.610726237297058,0.00030708740814588964,-1.046144962310791,1.5699199438095093,0.02153831161558628,-0.7273791432380676,0.3158642053604126
0.0529777966439724,-0.001908610574901104,-7.560993253719062e-05,0.3882150650024414,-0.002448342042043805,-0.9185433983802795,-0.006675493437796831,-1.6374698877334595,0.00013369305816013366,-1.0466067790985107,1.5703562498092651,0.007703603710979223,-0.759223461151123,0.2671971917152405
0.0621563121676445,-0.0015571336261928082,-6.124404171714559e-05,0.42377611994743347,-0.002148423343896866,-0.8155088424682617,-0.0028820433653891087,-1.6979173421859741,-0.0002543498994782567,-1.0467219352722168,1.5714983940124512,-0.0008500628755427897,-0.7807202935218811,0.26803138852119446
0.07826365530490875,-0.005414403043687344,-2.045749715762213e-05,0.5135427713394165,-0.0014451047172769904,-0.6651611924171448,-0.004878480918705463,-1.7040966749191284,6.874923565192148e-05,-1.0470271110534668,1.5706154108047485,-0.0010164608247578144,-0.7805172204971313,0.3305416405200958
0.01494544092565775,-0.15593601763248444,1.0087110240419861e-05,-0.499107301235199,-0.0006670046714134514,0.07512874156236649,0.06221233308315277,-1.5686947107315063,-0.0006174726877361536,-1.0477348566055298,1.5772181749343872,-0.20158828794956207,-0.3963128924369812,0.30582869052886963
0.011655903421342373,-0.0926489531993866,8.170559340214822e-06,-0.6754679679870605,-0.0018226153915748,0.2984974980354309,0.10403425246477127,-1.5161598920822144,-0.0012924822513014078,-1.0469499826431274,1.5806951522827148,-0.1639813780784607,-0.3322439193725586,0.3001343309879303
0.03729526326060295,0.03161710128188133,4.3421282498457e-06,-0.6835114359855652,0.0008808515849523246,-0.035864394158124924,0.03963516652584076,-1.3623243570327759,-0.0009582862840034068,-1.0470738410949707,1.5742337703704834,-0.010486630722880363,-0.23211626708507538,0.19642286002635956
0.06503380835056305,0.06459126621484756,3.517124014251749e-06,-0.5062837600708008,-0.0014539648545905948,-0.4184129238128662,0.014367959462106228,-1.3721115589141846,-0.0006345242145471275,-1.0469166040420532,1.5720113515853882,0.035418178886175156,-0.282213032245636,0.14131923019886017
0.031566690653562546,0.31583255529403687,-1.8072179955197498e-05,-0.3017244338989258,-0.007456300780177116,0.1522003561258316,-0.05448001250624657,-1.7098681926727295,0.0005062342970632017,-1.047468662261963,1.5661790370941162,0.3303455710411072,-0.4744049310684204,0.3300924301147461
-0.24078381061553955,0.12404709309339523,-6.239496724447235e-05,0.29143351316452026,-0.0031618596985936165,-0.717047929763794,0.01698627695441246,-1.5393041372299194,-0.0005467775044962764,-1.0467417240142822,1.5740164518356323,0.11242105811834335,-1.0124807357788086,0.31645065546035767
0.011502216570079327,-0.3067536950111389,4.188705588603625e-06,-0.22046922147274017,0.02280939742922783,-0.2345314472913742,0.02813166193664074,-1.6088151931762695,-0.002184603363275528,-1.0454301834106445,1.578051209449768,-0.32360097765922546,-0.4900704324245453,0.3689037561416626
0.03598443418741226,-0.2937321066856384,3.920258222933626e-06,-0.15195631980895996,0.040055692195892334,-0.46242329478263855,0.04010612890124321,-1.5392506122589111,-0.0010385146597400308,-1.0469014644622803,1.5794556140899658,-0.3317558467388153,-0.5175880789756775,0.2939337491989136
0.04382878169417381,-0.2953912913799286,3.1754091196489753e-06,-0.12630534172058105,0.027428776025772095,-0.5288112759590149,0.03206225112080574,-1.4732866287231445,-0.0011834960896521807,-1.0477219820022583,1.5775525569915771,-0.3264067471027374,-0.5069305896759033,0.27089980244636536
0.03128528967499733,-0.2867722511291504,2.572081257312675e-06,-0.15403449535369873,0.033384643495082855,-0.5883584022521973,0.026395538821816444,-1.526304841041565,-0.000201103524887003,-1.0476858615875244,1.576723575592041,-0.3195466697216034,-0.5132049322128296,0.25695139169692993
-0.04907412454485893,-0.17139211297035217,0.0004683814768213779,-0.5659415125846863,0.026385784149169922,-0.20610696077346802,0.03088345192372799,-1.4582014083862305,0.003313178662210703,-1.0461143255233765,1.5744223594665527,-0.21558266878128052,-0.4273129403591156,0.13916826248168945
-0.020223354920744896,-0.1449044942855835,0.00037938900641165674,-0.4918169677257538,0.020748501643538475,-0.17009291052818298,0.01987358368933201,-1.4528800249099731,0.0027382730040699244,-1.0466986894607544,1.5732884407043457,-0.1834513247013092,-0.4120781421661377,0.18614915013313293
0.014700789004564285,-0.13698631525039673,9.745397983351722e-05,-0.5006155967712402,0.013641915284097195,0.1432517021894455,-0.019655505195260048,-1.4790403842926025,0.0028981459327042103,-1.0472973585128784,1.5696600675582886,-0.14951908588409424,-0.36704209446907043,0.2841103971004486
0.05348895117640495,0.055224306881427765,-7.384689524769783e-06,0.2378075271844864,0.005554459057748318,-0.598962664604187,-0.025607705116271973,-1.6387572288513184,-0.0008630893426015973,-1.0485526323318481,1.5714253187179565,0.07511834800243378,-0.6670934557914734,0.38684093952178955
0.14038430154323578,0.032671548426151276,-5.98159840592416e-06,0.3984725773334503,0.004695747513324022,-0.697834849357605,-0.023493027314543724,-1.6806867122650146,-0.0004151350585743785,-1.0483136177062988,1.5705238580703735,0.05417760834097862,-0.6844267249107361,0.3347316086292267
0.003249045694246888,-0.3893057405948639,0.0001564172125654295,-0.1624348759651184,0.0044870879501104355,-0.38397836685180664,-0.023775726556777954,-1.5119234323501587,-9.857131954049692e-05,-1.0480953454971313,1.5717641115188599,-0.3540722727775574,-0.5102047920227051,0.33529454469680786
0.03015086054801941,-0.4147253930568695,0.00012669793795794249,-0.15761001408100128,0.0283804964274168,-0.3629472851753235,-0.01151298824697733,-1.5221728086471558,0.0012451923685148358,-1.047916293144226,1.5736433267593384,-0.40348002314567566,-0.5155133605003357,0.30539029836654663
0.04292291775345802,-0.4266519248485565,9.682329255156219e-05,-0.24316535890102386,0.04837891459465027,-0.08102984726428986,0.007841501384973526,-1.4975271224975586,0.0018040083814412355,-1.0497490167617798,1.5762642621994019,-0.43976548314094543,-0.46248310804367065,0.3543721139431
-0.10446859151124954,-0.02534588985145092,1.2238927411090117e-05,0.13787496089935303,-0.0007454829174093902,-0.5335242748260498,-0.029237132519483566,-1.7076380252838135,-0.0006065237103030086,-1.044725775718689,1.5702531337738037,-0.008682218380272388,-0.8303511142730713,0.3369472026824951
-0.11672229319810867,-0.039779506623744965,9.913531357597094e-06,-0.06710682809352875,-0.006734049879014492,-0.2410619705915451,-0.02917242981493473,-1.7728019952774048,-0.00013896182645112276,-1.0456492900848389,1.5689715147018433,-0.018429946154356003,-0.8081883192062378,0.33450183272361755
-0.06865685433149338,-0.04351300373673439,8.029960554267745e-06,0.060880742967128754,0.005693378392606974,-0.5015621781349182,-0.018066193908452988,-1.7157762050628662,-6.533649866469204e-05,-1.0444622039794922,1.5705701112747192,-0.03344195708632469,-0.7618117332458496,0.3311082422733307
-0.04483332112431526,-0.032582543790340424,6.504268185381079e-06,-0.02314385585486889,0.018181392922997475,-0.2970573902130127,-0.007462226320058107,-1.7836401462554932,-0.00047914485912770033,-1.0450090169906616,1.572728157043457,-0.038958050310611725,-0.7568032741546631,0.3144882917404175
-0.017608165740966797,-0.03394641727209091,5.268457243801095e-06,-0.13718891143798828,0.00830856990069151,-0.06919857114553452,-0.012629467993974686,-1.8265310525894165,-0.00034401522134430707,-1.0452240705490112,1.5714396238327026,-0.03359252214431763,-0.6902108192443848,0.3556234538555145
0.05096789821982384,-0.051547106355428696,4.267450094630476e-06,0.010488618165254593,-0.007671028841286898,-0.3070848286151886,-0.03398214653134346,-1.7610260248184204,0.00021365236898418516,-1.045556902885437,1.5683197975158691,-0.03191400691866875,-0.6416170597076416,0.35616451501846313
0.10368870198726654,-0.06702824681997299,9.289757144870237e-05,0.0973391905426979,-0.012339213863015175,-0.3168996572494507,-0.031590186059474945,-1.6939613819122314,0.00011036262003472075,-1.0474473237991333,1.5681313276290894,-0.04169126972556114,-0.6051981449127197,0.3732495903968811
0.08495604991912842,-0.11159095168113708,-4.1525050619384274e-05,0.06848432123661041,0.013694505207240582,-0.5294027328491211,-0.012607136741280556,-1.5858920812606812,0.0003465360205154866,-1.042465090751648,1.5711582899093628,-0.1054583415389061,-0.5238099694252014,0.3691728711128235
0.08276917040348053,-0.10317859798669815,-3.363519863341935e-05,0.10118696093559265,0.023279255256056786,-0.5565997362136841,-0.00035308810765855014,-1.6295198202133179,-0.0008082323474809527,-1.043311595916748,1.5742954015731812,-0.11401689797639847,-0.5862768292427063,0.3184376060962677
0.029885895550251007,-0.08152242749929428,-2.7244512239121832e-05,-0.1201462671160698,0.03313583880662918,-0.1695079803466797,0.008934516459703445,-1.6891216039657593,-0.0011661614989861846,-1.0446304082870483,1.57623291015625,-0.10660802572965622,-0.5884765982627869,0.3464511036872864
-0.044398289173841476,0.1645621508359909,4.162478580838069e-05,-0.3876588046550751,0.007048307452350855,-0.36364489793777466,0.03761562705039978,-1.4569815397262573,-0.0011632628738880157,-1.0451719760894775,1.5742759704589844,0.13226722180843353,-0.4893862009048462,0.2747122049331665
0.13706324994564056,0.2370772659778595,-6.540981848957017e-05,-0.41227567195892334,0.001281935372389853,0.07953175157308578,0.05122417211532593,-1.680063009262085,-0.000137510389322415,-1.0471504926681519,1.5743834972381592,0.20372386276721954,-0.3176235258579254,0.3087540864944458
0.10596337914466858,0.2568637728691101,-0.00011448064469732344,-0.35782042145729065,0.0010426427470520139,0.10033012181520462,0.03710345923900604,-1.6145378351211548,-3.1480889447266236e-05,-1.047495722770691,1.5733249187469482,0.2276245802640915,-0.3356563150882721,0.3516172170639038
0.02494690753519535,0.31753453612327576,7.966898556333035e-05,-0.25801706314086914,0.005423106253147125,0.04328787699341774,0.0431550070643425,-1.685532808303833,-0.0005112010985612869,-1.0444421768188477,1.574466347694397,0.2834680676460266,-0.501918613910675,0.3742554187774658
-0.059160176664590836,0.32563069462776184,5.2301009418442845e-05,-0.24192525446414948,-0.004603278357535601,-0.10444474220275879,-0.036357227712869644,-1.5612555742263794,0.001776006305590272,-1.0460567474365234,1.5664023160934448,0.33521708846092224,-0.547419011592865,0.36318403482437134
0.026173006743192673,-0.18494674563407898,0.0005217572906985879,-0.2519700229167938,0.0046271574683487415,-0.30308249592781067,0.02421381138265133,-1.4478857517242432,-0.0006296962965279818,-1.0481512546539307,1.573089361190796,-0.17063307762145996,-0.40897560119628906,0.3309749364852905
0.06597784161567688,-0.213894322514534,0.0004226233868394047,-0.10387079417705536,0.028193792328238487,-0.5448668003082275,0.03336383029818535,-1.4755456447601318,0.0008168498170562088,-1.0470597743988037,1.5753254890441895,-0.22386321425437927,-0.4604162871837616,0.2965715527534485
0.10319440066814423,-0.22858691215515137,0.00034232495818287134,0.046502187848091125,0.05566594377160072,-0.7278823256492615,0.029299044981598854,-1.4769941568374634,0.001986251212656498,-1.0483237504959106,1.576430320739746,-0.2578725814819336,-0.504848837852478,0.2669365704059601
0.11652494966983795,-0.23201538622379303,0.0002772832231130451,0.11214464902877808,0.06588093936443329,-0.6530185341835022,0.033244308084249496,-1.5368914604187012,0.00020548778411466628,-1.0479118824005127,1.5793572664260864,-0.27306801080703735,-0.5387488007545471,0.2777378559112549
0.09043467789888382,-0.22334328293800354,0.00022460056061390787,0.09321856498718262,0.063985176384449,-0.5797321200370789,0.03730665147304535,-1.6129153966903687,-0.0012745647691190243,-1.0475305318832397,1.581314206123352,-0.2723590135574341,-0.5609201192855835,0.3217017948627472
0.03271227329969406,-0.22412405908107758,0.00018994435959029943,-0.07341362535953522,0.04883092641830444,-0.29635223746299744,0.03011835366487503,-1.6611809730529785,-0.0011036861687898636,-1.0489822626113892,1.579169750213623,-0.26013776659965515,-0.5903940796852112,0.329447865486145
0.017529448494315147,-0.2105955183506012,0.0001538549258839339,-0.06301634013652802,0.048393212258815765,-0.38776740431785583,0.028683388605713844,-1.6291028261184692,-0.0007164967246353626,-1.0486805438995361,1.5785081386566162,-0.25154489278793335,-0.5764166712760925,0.3500736653804779
0.030308254063129425,-0.18146774172782898,0.00012464809697121382,-0.067664735019207,0.06303999572992325,-0.30300647020339966,0.029302630573511124,-1.7081016302108765,7.524885586462915e-05,-1.0484867095947266,1.578985571861267,-0.23205633461475372,-0.6056328415870667,0.32250097393989563
0.012580467388033867,-0.1656551957130432,0.00010096495680045336,-0.23546700179576874,0.05236830562353134,0.039048176258802414,0.020967982709407806,-1.7293199300765991,0.0002502608404029161,-1.0478676557540894,1.5772002935409546,-0.20676036179065704,-0.5716936588287354,0.3661225438117981
-0.04564724862575531,0.09669221192598343,-4.118085598747712e-06,0.14812584221363068,0.0021033519878983498,-0.7791910767555237,-0.011214826256036758,-1.5621635913848877,9.13651820155792e-05,-1.0464478731155396,1.5702192783355713,0.09269917756319046,-0.73945152759552,0.3258044123649597
-0.05339156463742256,0.1708293855190277,-1.1630691005848348e-06,-0.652482807636261,0.010778676718473434,0.19450926780700684,-0.09204194694757462,-1.6572588682174683,0.002890555886551738,-1.0465192794799805,1.5635536909103394,0.20131482183933258,-0.4791719913482666,0.18965525925159454
0.021050309762358665,0.17446205019950867,-9.420859328201914e-07,-0.36144739389419556,0.009346511214971542,-0.208926260471344,-0.07368794828653336,-1.56059730052948,0.0022133050952106714,-1.0473415851593018,1.5649391412734985,0.20466063916683197,-0.43390926718711853,0.24532364308834076
0.08506409078836441,0.16823863983154297,-7.63089644806314e-07,-0.12207796424627304,-8.756562601774931e-05,-0.5418766736984253,-0.06656619161367416,-1.5435645580291748,0.001359219430014491,-1.0465034246444702,1.565053939819336,0.20161595940589905,-0.46779415011405945,0.2667090594768524
-0.029464000836014748,0.08361770957708359,-0.0004188773746136576,-0.4320060908794403,-0.03296339884400368,-0.06810034066438675,-0.004601838532835245,-1.5337090492248535,-0.0033067779149860144,-1.0463403463363647,1.571961522102356,0.11660625785589218,-0.5073870420455933,0.21825721859931946
-0.011392815969884396,-0.20123133063316345,5.552671427722089e-05,-0.14236387610435486,0.016249367967247963,-0.39270421862602234,0.006031455472111702,-1.5362224578857422,-5.4950905905570835e-06,-1.04495108127594,1.571652889251709,-0.19222798943519592,-0.5643351674079895,0.33128055930137634
-0.011616579256951809,-0.2147788405418396,4.4951942982152104e-05,-0.13299980759620667,0.039606478065252304,-0.6133415699005127,0.008900107815861702,-1.585146188735962,0.001536077237688005,-1.0404729843139648,1.5731409788131714,-0.2264833003282547,-0.5742413997650146,0.26748764514923096
-0.009774564765393734,0.2489914447069168,-5.008664811612107e-05,-0.2803351581096649,-0.003292584093287587,-0.37764984369277954,-0.002908173017203808,-1.4333382844924927,-3.718503285199404e-05,-1.0473705530166626,1.5699974298477173,0.23545734584331512,-0.4866262972354889,0.20737113058567047
-0.09827598929405212,-0.09233225136995316,2.691394456633134e-06,-0.07387330383062363,-0.014676579274237156,-0.46864092350006104,0.007896064780652523,-1.4799405336380005,0.0004988967557437718,-1.048266053199768,1.568384051322937,-0.08514697104692459,-0.6303196549415588,0.3712705671787262
-0.10355664044618607,-0.07884712517261505,2.180029468945577e-06,-0.1545950174331665,0.010545334778726101,-0.39286842942237854,0.009522980079054832,-1.5652085542678833,0.0014466677093878388,-1.0481154918670654,1.5703442096710205,-0.09030172973871231,-0.6583258509635925,0.3016403615474701
-0.08867993205785751,-0.051361605525016785,1.7854396219263435e-06,-0.2522449791431427,0.03300011530518532,-0.11514801532030106,0.021064579486846924,-1.6449615955352783,0.002208827994763851,-1.04801607131958,1.572981357574463,-0.08310194313526154,-0.6413779258728027,0.31049251556396484
-0.08180774003267288,-0.03675830736756325,1.4462060562436818e-06,-0.2793508470058441,0.0269670020788908,-0.08895836770534515,0.01558575127273798,-1.6323025226593018,0.0018588713137432933,-1.0478620529174805,1.5724384784698486,-0.06593432277441025,-0.5893573760986328,0.3555711805820465
-0.10431443154811859,-0.025795435532927513,-6.368708454829175e-06,-0.5160408020019531,0.021879034116864204,0.3401166498661041,0.010717197321355343,-1.642362356185913,0.0015160997863858938,-1.0494600534439087,1.572018027305603,-0.04738505929708481,-0.5563687682151794,0.35253217816352844
0.122446708381176,-0.030335359275341034,-2.740755462582456e-06,-0.1963530331850052,0.00875981617718935,0.005717710591852665,-0.039027318358421326,-1.734971046447754,0.0011867675930261612,-1.0482454299926758,1.5670154094696045,-0.016325291246175766,-0.44830751419067383,0.36893853545188904
-0.0658099576830864,-0.02040519379079342,0.00012493785470724106,0.0960676521062851,0.0021024197340011597,-0.5953181982040405,-0.022398389875888824,-1.727712631225586,0.0013689299812540412,-1.0469247102737427,1.5672881603240967,-0.009805838577449322,-0.8148523569107056,0.29214680194854736
-0.051003292202949524,-0.013261206448078156,0.00010119965736521408,-0.0008973165531642735,0.00947045162320137,-0.4776270091533661,-0.013822381384670734,-1.7615150213241577,0.0006268342258408666,-1.0488123893737793,1.5694186687469482,-0.01347412820905447,-0.7813320755958557,0.2863100469112396
0.017781950533390045,0.06926272809505463,8.032565528992563e-05,-0.4560646414756775,0.00950230285525322,-0.01964183896780014,-0.015333354473114014,-1.7409932613372803,0.0003024390316568315,-1.0528934001922607,1.5695538520812988,0.06615845859050751,-0.49359574913978577,0.2546965777873993
0.04488499090075493,0.10061408579349518,6.485296762548387e-05,-0.5974377989768982,0.008208567276597023,0.30116817355155945,0.026294982060790062,-1.7499516010284424,-0.0004808101220987737,-1.05210542678833,1.572830080986023,0.07801695168018341,-0.4355064034461975,0.25531867146492004
0.0673961415886879,0.12004457414150238,5.25219293194823e-05,-0.654869794845581,0.007001579739153385,0.3411957621574402,0.01882912963628769,-1.7083330154418945,-0.0004933187155984342,-1.051104187965393,1.572228193283081,0.09920573234558105,-0.3414013683795929,0.2809787094593048
0.10158529132604599,0.14865390956401825,4.254276063875295e-05,-0.579075813293457,0.004486238118261099,0.13486459851264954,0.028911609202623367,-1.701229453086853,-0.00026583668659441173,-1.050374150276184,1.5730592012405396,0.12156794220209122,-0.3188368082046509,0.2500568628311157
0.10565967112779617,0.1666174978017807,3.4459637390682474e-05,-0.6754294633865356,0.004501809366047382,0.36825111508369446,0.009796343743801117,-1.723442554473877,-0.00020718728774227202,-1.049774169921875,1.5715633630752563,0.14887794852256775,-0.30250102281570435,0.24517160654067993
0.10614851862192154,0.1761631816625595,-0.0003937827132176608,-0.6724543571472168,0.006220228970050812,0.42151394486427307,-0.006165645085275173,-1.6287401914596558,-0.0009052465320564806,-1.0493501424789429,1.5705525875091553,0.17013497650623322,-0.2501662075519562,0.28411439061164856
0.01598290726542473,0.3383531868457794,2.9077089493512176e-05,-0.3484361171722412,0.005443200469017029,-0.14262060821056366,-0.04923716187477112,-1.6433442831039429,-4.868429823545739e-05,-1.0472184419631958,1.5655760765075684,0.3545779287815094,-0.42960888147354126,0.3161185085773468
-0.003694840706884861,0.3479006290435791,2.586772825452499e-05,-0.5630037784576416,0.00396982254460454,0.2597976326942444,-0.033625051379203796,-1.806200623512268,-0.00015365956642199308,-1.047553539276123,1.5669465065002441,0.3570363521575928,-0.4923478066921234,0.26658013463020325
-0.016347762197256088,0.37314942479133606,2.108580883941613e-05,-0.6632829308509827,0.0006478371215052903,0.45922136306762695,-0.0036889465991407633,-1.7297730445861816,0.00044729653745889664,-1.0483875274658203,1.5694658756256104,0.36439311504364014,-0.42651644349098206,0.2855249345302582
0.08246418088674545,0.41590002179145813,3.2254447432933375e-05,-0.20581255853176117,0.0035999470856040716,-0.11277806013822556,-0.00296419532969594,-1.6061993837356567,-0.0006530968239530921,-1.050374150276184,1.5702317953109741,0.4135955274105072,-0.42629528045654297,0.3805244565010071
0.06654614955186844,0.4173870384693146,2.6568121029413305e-05,-0.1851300597190857,-0.0006450797081924975,-0.21141871809959412,-0.009846700355410576,-1.6434739828109741,-0.000369782792404294,-1.0488429069519043,1.5693858861923218,0.4191589653491974,-0.4646497070789337,0.3618621230125427
0.041547711938619614,0.4283822178840637,0.00023092332412488759,-0.25530368089675903,0.0036601379979401827,-0.10760807991027832,0.00013450178084895015,-1.5784319639205933,-0.0003957732697017491,-1.0485363006591797,1.5706743001937866,0.42409735918045044,-0.4807775318622589,0.33888089656829834
0.008525719866156578,0.42794862389564514,0.0001870479027274996,-0.3080593943595886,0.0008722014026716352,-0.12149816006422043,-0.012771747075021267,-1.540987253189087,8.76185076776892e-05,-1.0480555295944214,1.569341778755188,0.4300762712955475,-0.44047674536705017,0.3648628294467926
-0.011767355725169182,0.43809497356414795,0.00015150879335124046,-0.41162317991256714,0.0016285608289763331,0.0663391724228859,0.0006150155677460134,-1.5955654382705688,-0.00025546326651237905,-1.0479854345321655,1.570657730102539,0.4350598156452179,-0.44889068603515625,0.33507007360458374
-0.007248003501445055,0.43802207708358765,0.000122722121886909,-0.402830570936203,0.0013808931689709425,0.14797349274158478,-0.01165482122451067,-1.6591198444366455,5.2991061238572e-05,-1.0478206872940063,1.5695834159851074,0.4400767385959625,-0.4496241509914398,0.3512759208679199
-0.01814083382487297,0.42107143998146057,9.94049187283963e-05,-0.35377150774002075,0.0013896481832489371,0.038988448679447174,-0.04772619903087616,-1.7416833639144897,0.0007886009989306331,-1.0474543571472168,1.5663464069366455,0.4420892596244812,-0.49568605422973633,0.349708616733551
-0.024017926305532455,0.41620153188705444,8.051798795349896e-05,-0.2449946254491806,0.0022935892920941114,-0.3384028673171997,-0.039790716022253036,-1.7636916637420654,0.0007230587652884424,-1.0472551584243774,1.5671523809432983,0.43479567766189575,-0.5897615551948547,0.28206637501716614
0.03492823615670204,0.19866134226322174,-0.00018244871171191335,0.05847744271159172,-0.0482499860227108,-0.5164018273353577,-0.05343497171998024,-1.701154351234436,-0.0019485075026750565,-1.0474432706832886,1.5644371509552002,0.2760388255119324,-0.6398898363113403,0.30739450454711914
0.07015935331583023,0.1436372548341751,-0.00014828141138423234,0.16785311698913574,-0.036968350410461426,-0.578461766242981,-0.0406298004090786,-1.6875576972961426,-0.001910990453325212,-1.0492218732833862,1.5664697885513306,0.20512251555919647,-0.6675773859024048,0.3172595202922821
0.03995146229863167,0.10501223057508469,-0.00012010794307570904,-0.08739756792783737,-0.02570725791156292,-0.08553000539541245,-0.027449065819382668,-1.7723426818847656,-0.00193522940389812,-1.0507787466049194,1.5685577392578125,0.14784321188926697,-0.6492133140563965,0.35202810168266296
0.10968904942274094,-0.11548390984535217,5.519159458344802e-06,-0.4179302155971527,-0.00042077325633727014,0.2807695269584656,0.007815730758011341,-1.7492579221725464,-6.173945439513773e-05,-1.047998309135437,1.5712478160858154,-0.12370632588863373,-0.4253552556037903,0.3735705018043518
0.17005373537540436,-0.12149333953857422,3.6211206406733254e-06,-0.26702019572257996,0.0014480450190603733,-0.12328832596540451,-0.0001307772472500801,-1.6075059175491333,-0.0006712716422043741,-1.0478039979934692,1.5707122087478638,-0.1201682984828949,-0.324489027261734,0.35309192538261414
0.17905375361442566,-0.12936455011367798,2.9331076802918687e-06,-0.2480785995721817,-0.002558754989877343,-0.10577201843261719,-0.009243118576705456,-1.5073111057281494,-0.000368532637367025,-1.0476881265640259,1.5696096420288086,-0.12260960042476654,-0.31506824493408203,0.35629627108573914
0.14179149270057678,-0.16839741170406342,1.262606701857294e-06,-0.10202332586050034,0.005947739817202091,-0.34005314111709595,-0.013416559435427189,-1.720686674118042,0.00015440797142218798,-1.0479768514633179,1.570318341255188,-0.16118259727954865,-0.47134721279144287,0.30336353182792664
0.1458737552165985,-0.1651872992515564,1.0227114444205654e-06,0.08513136208057404,0.01596938818693161,-0.703629195690155,-0.008330114185810089,-1.6544718742370605,0.0002750151033978909,-1.047561764717102,1.5713480710983276,-0.16776661574840546,-0.5293204188346863,0.2808857262134552
0.06734281033277512,-0.11429116129875183,6.710009756716317e-07,0.029272770509123802,0.0418432392179966,-0.6737203598022461,0.003106859512627125,-1.605343222618103,-0.0006703255930915475,-1.045951008796692,1.5750136375427246,-0.14649049937725067,-0.5795573592185974,0.263907253742218
-0.07366744428873062,-0.010489317588508129,-0.000904287735465914,-0.2886221408843994,-0.011076275259256363,-0.08636322617530823,-0.010725070722401142,-1.5523924827575684,-0.0023962585255503654,-1.046307921409607,1.571104645729065,-0.009743759408593178,-0.5623539686203003,0.31409314274787903
0.07435497641563416,-0.40120524168014526,0.0001118009167839773,-0.06259889900684357,0.025884993374347687,-0.5524256825447083,0.005773724056780338,-1.59549081325531,0.0007076496258378029,-1.048709511756897,1.574674367904663,-0.41729575395584106,-0.5219533443450928,0.3047500550746918
0.09047626703977585,-0.3743261694908142,9.056418639374897e-05,-0.06137007102370262,0.05072878301143646,-0.6113251447677612,0.006174903828650713,-1.5956237316131592,0.0017080835532397032,-1.0484696626663208,1.5754153728485107,-0.4081250727176666,-0.5525760650634766,0.24704813957214355
0.07532741129398346,-0.36285001039505005,7.334957626881078e-05,-0.17268997430801392,0.034658100455999374,-0.37078016996383667,0.004817091394215822,-1.6078130006790161,0.001021657488308847,-1.0482016801834106,1.574303150177002,-0.38808104395866394,-0.524034321308136,0.257405161857605
0.054842300713062286,-0.34014010429382324,5.9413156122900546e-05,-0.24171768128871918,0.03498876467347145,-0.2846214175224304,0.008817308582365513,-1.617662787437439,0.001107080839574337,-1.0480213165283203,1.5744514465332031,-0.37079182267189026,-0.47738581895828247,0.2971305847167969
0.018050894141197205,-0.3041781187057495,0.00031649015727452934,-0.2912789285182953,0.03920084238052368,-0.4114048480987549,0.01782497763633728,-1.6519612073898315,0.0014072746271267533,-1.0479352474212646,1.575218677520752,-0.34547704458236694,-0.506196916103363,0.254629909992218
0.04215174540877342,-0.17991743981838226,5.274937393551227e-06,-0.3900231420993805,-0.007532757241278887,-0.17413872480392456,0.03012920171022415,-1.4737526178359985,-0.002695659641176462,-1.0460028648376465,1.5735055208206177,-0.1757400631904602,-0.3776794970035553,0.23607201874256134
0.08540430665016174,-0.20364831387996674,4.3318541429471225e-06,-0.19254381954669952,-0.00648674787953496,-0.22993087768554688,0.025302087888121605,-1.4270610809326172,-0.0022120303474366665,-1.0467991828918457,1.5730180740356445,-0.20144113898277283,-0.36823567748069763,0.33667251467704773
-0.13458529114723206,-0.10140126943588257,5.582905032497365e-06,-0.03942852467298508,0.003673069877550006,-0.3067525327205658,-0.03900758549571037,-1.6466506719589233,-2.9531525797210634e-05,-1.048602819442749,1.5695730447769165,-0.0886698067188263,-0.7787487506866455,0.392428457736969
-0.12381373345851898,-0.07557540386915207,4.522153176367283e-06,-0.08202986419200897,0.02272859215736389,-0.4282054007053375,-0.02452092617750168,-1.642160415649414,0.00040060648461803794,-1.0486079454421997,1.5716469287872314,-0.08216502517461777,-0.7457299828529358,0.3295988440513611
-0.1437765210866928,-0.06338927149772644,3.662943981908029e-06,-0.3602578639984131,0.015140541829168797,-0.06886892765760422,-0.024428430944681168,-1.6681660413742065,0.0002628349175211042,-1.0483354330062866,1.5709054470062256,-0.06668327748775482,-0.7074394822120667,0.2877894639968872
-0.1133376806974411,-0.06824209541082382,2.9669847663171822e-06,-0.5213538408279419,0.010577091947197914,0.2025272697210312,-0.05630775913596153,-1.6598845720291138,0.001073678256943822,-1.0474687814712524,1.5676891803741455,-0.053248949348926544,-0.5810312628746033,0.30645790696144104
-0.07019786536693573,-0.060085926204919815,2.403257667538128e-06,-0.5561960935592651,0.008265011012554169,0.13948151469230652,-0.043853625655174255,-1.6963765621185303,0.0008436714415438473,-1.0448395013809204,1.568505048751831,-0.04725903272628784,-0.4989933669567108,0.2946385145187378
-0.024203844368457794,-0.03418644145131111,1.946638576555415e-06,-0.5113905072212219,0.0067837354727089405,-0.08791327476501465,-0.0007317152339965105,-1.5751954317092896,3.9585713238921016e-05,-1.0453782081604004,1.5717116594314575,-0.0418216809630394,-0.46583276987075806,0.23573711514472961
0.018351420760154724,-0.020070619881153107,1.576777322043199e-06,-0.43790745735168457,0.0046981330960989,-0.44000670313835144,0.0006467333296313882,-1.4868173599243164,-0.00010499858035473153,-1.0453767776489258,1.5715774297714233,-0.029969163239002228,-0.4389122724533081,0.1848297268152237
0.046788062900304794,-0.1459895372390747,4.626265877050173e-07,-0.7718101143836975,-0.007838664576411247,0.12286163866519928,-0.04340086504817009,-1.5415962934494019,-0.00025369381182827055,-1.049136757850647,1.5674375295639038,-0.10729362815618515,-0.265962690114975,0.14274127781391144
0.03814543038606644,-0.1481623649597168,3.7472753433576145e-07,-0.7762089967727661,-0.0067424168810248375,0.026296332478523254,0.004819103516638279,-1.5783753395080566,-0.0008495424408465624,-1.0483052730560303,1.5711339712142944,-0.13605687022209167,-0.29138368368148804,0.11809676885604858
-0.08660531044006348,-0.2762265205383301,7.033893780317158e-05,-1.0627285242080688,-0.005005084443837404,0.35380715131759644,-0.0018410059856250882,-1.5155730247497559,0.0008535106899216771,-1.047490119934082,1.571585774421692,-0.2672951817512512,-0.33358246088027954,-0.015756791457533836
-0.08706420660018921,-0.29361119866371155,5.697453525499441e-05,-1.133089542388916,-0.002949458546936512,0.6186006665229797,-0.008625720627605915,-1.4887025356292725,0.0003052782267332077,-1.0487346649169922,1.5704896450042725,-0.27966850996017456,-0.28817668557167053,0.04499434679746628
-0.0728793740272522,-0.3023854196071625,4.614937643054873e-05,-0.886210560798645,-0.0036364924162626266,0.25673335790634155,0.0005174805410206318,-1.4983216524124146,0.0007442309870384634,-1.048458218574524,1.5716217756271362,-0.29624518752098083,-0.2914407551288605,0.09477764368057251
-0.04986593499779701,-0.3210839629173279,3.738099258043803e-05,-0.7272881865501404,-0.0021634420845657587,0.16604816913604736,-0.01647884026169777,-1.4357163906097412,0.0007175542996264994,-1.048277497291565,1.5699589252471924,-0.306348979473114,-0.330515593290329,0.158260777592659
0.005676009692251682,0.24709877371788025,3.2414275210612686e-06,0.08291181921958923,-0.00853024236857891,-0.46375229954719543,0.04349944740533829,-1.7183845043182373,-0.00035390720586292446,-1.0472251176834106,1.5727607011795044,0.20870466530323029,-0.6932656764984131,0.34595054388046265
-0.0045514353550970554,0.29906365275382996,2.625556362545467e-06,0.06143768131732941,-0.0021967331413179636,-0.6602687239646912,0.039285000413656235,-1.760743498802185,-0.0007100372458808124,-1.0457521677017212,1.5735924243927002,0.2572233974933624,-0.7227103114128113,0.29644590616226196
